RosTime,PositionForIiwa7,OrientationForIiwa7,PositionForIiwa14,OrientationForIiwa14
1715016726.658566,0.64994269609451294 0.64157724380493164 0.28005325794219971,-0.0048068147152662277  0.0016602715477347374    0.40639659762382507    0.91368263959884644,0.64994269609451294 0.64157724380493164 0.28005325794219971,-0.0048068147152662277  0.0016602715477347374    0.40639659762382507    0.91368263959884644
1715016726.6635945,0.64996147155761719 0.64157944917678833 0.28001135587692261,-0.004827666562050581 0.0016661904519423842   0.40637984871864319   0.91368997097015381,0.64996147155761719 0.64157944917678833 0.28001135587692261,-0.004827666562050581 0.0016661904519423842   0.40637984871864319   0.91368997097015381
1715016726.6686072,0.64997220039367676 0.64154261350631714 0.28004488348960876,-0.0048080049455165863  0.0016608486184850335    0.40639153122901917    0.91368484497070312,0.64997220039367676 0.64154261350631714 0.28004488348960876,-0.0048080049455165863  0.0016608486184850335    0.40639153122901917    0.91368484497070312
1715016726.6735981,0.64995360374450684 0.64159321784973145 0.28000837564468384,-0.0047992388717830181  0.0017061803955584764    0.40642639994621277    0.91366934776306152,0.64995360374450684 0.64159321784973145 0.28000837564468384,-0.0047992388717830181  0.0017061803955584764    0.40642639994621277    0.91366934776306152
1715016726.6785927,0.64995050430297852 0.64158785343170166 0.28002184629440308,-0.0047857281751930714  0.0016889218240976334    0.40639591217041016    0.91368299722671509,0.64995050430297852 0.64158785343170166 0.28002184629440308,-0.0047857281751930714  0.0016889218240976334    0.40639591217041016    0.91368299722671509
1715016726.6835663,0.64990848302841187 0.64165055751800537 0.27997151017189026,-0.0048081390559673309  0.0017106229206547141    0.40641912817955017    0.91367250680923462,0.64990848302841187 0.64165055751800537 0.27997151017189026,-0.0048081390559673309  0.0017106229206547141    0.40641912817955017    0.91367250680923462
1715016726.6885662,0.64984971284866333 0.64167690277099609 0.28003582358360291,-0.0048340447247028351  0.0016866385703906417    0.40646955370903015    0.91364997625350952,0.64984971284866333 0.64167690277099609 0.28003582358360291,-0.0048340447247028351  0.0016866385703906417    0.40646955370903015    0.91364997625350952
1715016726.6936107,0.64981430768966675  0.6417655348777771 0.27994436025619507,-0.0048602069728076458  0.0017359688645228744    0.40650162100791931     0.9136354923248291,0.64981430768966675  0.6417655348777771 0.27994436025619507,-0.0048602069728076458  0.0017359688645228744    0.40650162100791931     0.9136354923248291
1715016726.6985936,0.64978563785552979 0.64176857471466064  0.2799791693687439,-0.0048546451143920422  0.0016900551272556186    0.40650147199630737    0.91363567113876343,0.64978563785552979 0.64176857471466064  0.2799791693687439,-0.0048546451143920422  0.0016900551272556186    0.40650147199630737    0.91363567113876343
1715016726.7035916,0.64978259801864624 0.64177960157394409 0.28006589412689209,-0.0048003112897276878  0.0016101087676361203    0.40648135542869568    0.91364502906799316,0.64978259801864624 0.64177960157394409 0.28006589412689209,-0.0048003112897276878  0.0016101087676361203    0.40648135542869568    0.91364502906799316
1715016726.7085576,0.64986789226531982 0.64173591136932373 0.28002971410751343,-0.0045594107359647751  0.0015897087287157774    0.40651744604110718    0.91363024711608887,0.64986789226531982 0.64173591136932373 0.28002971410751343,-0.0045594107359647751  0.0015897087287157774    0.40651744604110718    0.91363024711608887
1715016726.7136004,0.64995282888412476 0.64170718193054199 0.28004914522171021,-0.0045796912163496017  0.0015794715145602822    0.40653890371322632    0.91362065076828003,0.64995282888412476 0.64170718193054199 0.28004914522171021,-0.0045796912163496017  0.0015794715145602822    0.40653890371322632    0.91362065076828003
1715016726.7185681,0.64997756481170654 0.64170289039611816 0.28000199794769287,-0.0047772740945219994  0.0016721192514523864    0.40644341707229614    0.91366195678710938,0.64997756481170654 0.64170289039611816 0.28000199794769287,-0.0047772740945219994  0.0016721192514523864    0.40644341707229614    0.91366195678710938
1715016726.7235928,0.65031963586807251 0.64133113622665405 0.27994221448898315,-0.0045723500661551952  0.0017708272207528353    0.40614575147628784    0.91379517316818237,0.65031963586807251 0.64133113622665405 0.27994221448898315,-0.0045723500661551952  0.0017708272207528353    0.40614575147628784    0.91379517316818237
1715016726.7285917,0.64994221925735474 0.64176088571548462 0.28005102276802063,-0.0045602647587656975  0.0015941399615257978    0.40643802285194397    0.91366559267044067,0.64994221925735474 0.64176088571548462 0.28005102276802063,-0.0045602647587656975  0.0015941399615257978    0.40643802285194397    0.91366559267044067
1715016726.7335908,0.65028035640716553 0.64135026931762695 0.27991777658462524,-0.0046280054375529289  0.0017361609498038888    0.40627118945121765    0.91373920440673828,0.65028035640716553 0.64135026931762695 0.27991777658462524,-0.0046280054375529289  0.0017361609498038888    0.40627118945121765    0.91373920440673828
1715016726.7385671,0.64987295866012573 0.64176326990127563 0.28000330924987793,-0.0047981175594031811  0.0016938067274168134    0.40653681755065918     0.9136202335357666,0.64987295866012573 0.64176326990127563 0.28000330924987793,-0.0047981175594031811  0.0016938067274168134    0.40653681755065918     0.9136202335357666
1715016726.7435691,0.65015602111816406  0.6413952112197876  0.2799246609210968,-0.0045497417449951172  0.0017638461431488395    0.40635749697685242    0.91370111703872681,0.65015602111816406  0.6413952112197876  0.2799246609210968,-0.0045497417449951172  0.0017638461431488395    0.40635749697685242    0.91370111703872681
1715016726.7485764,0.64981567859649658 0.64174169301986694 0.28001919388771057,-0.0047523342072963715  0.0016876066802069545    0.40644681453704834    0.91366052627563477,0.64981567859649658 0.64174169301986694 0.28001919388771057,-0.0047523342072963715  0.0016876066802069545    0.40644681453704834    0.91366052627563477
1715016726.7535682, 0.6502150297164917 0.64138251543045044  0.2799089252948761,-0.0045783189125359058  0.0018288452411070466    0.40635737776756287    0.91370093822479248, 0.6502150297164917 0.64138251543045044  0.2799089252948761,-0.0045783189125359058  0.0018288452411070466    0.40635737776756287    0.91370093822479248
1715016726.7585919,0.64992254972457886 0.64175349473953247 0.27999579906463623,-0.0047507463023066521  0.0017414500471204519    0.40652045607566833    0.91362768411636353,0.64992254972457886 0.64175349473953247 0.27999579906463623,-0.0047507463023066521  0.0017414500471204519    0.40652045607566833    0.91362768411636353
1715016726.7635958,0.64995807409286499  0.6417388916015625 0.28001821041107178,-0.0046981773339211941  0.0017091346671804786    0.40648293495178223    0.91364467144012451,0.64995807409286499  0.6417388916015625 0.28001821041107178,-0.0046981773339211941  0.0017091346671804786    0.40648293495178223    0.91364467144012451
1715016726.7685676,0.64995545148849487 0.64174121618270874 0.28004059195518494,-0.0044862939976155758  0.0016306323232129216    0.40656590461730957    0.91360896825790405,0.64995545148849487 0.64174121618270874 0.28004059195518494,-0.0044862939976155758  0.0016306323232129216    0.40656590461730957    0.91360896825790405
1715016726.7736051,0.65032172203063965 0.64133483171463013 0.27991944551467896,-0.0045890007168054581  0.0018164529465138912     0.4062659740447998    0.91374152898788452,0.65032172203063965 0.64133483171463013 0.27991944551467896,-0.0045890007168054581  0.0018164529465138912     0.4062659740447998    0.91374152898788452
1715016726.7785971,0.65028011798858643 0.64137768745422363  0.2798924446105957,-0.0045992308296263218  0.0018261318327859044     0.4062030017375946    0.91376948356628418,0.65028011798858643 0.64137768745422363  0.2798924446105957,-0.0045992308296263218  0.0018261318327859044     0.4062030017375946    0.91376948356628418
1715016726.7835677,0.64990437030792236 0.64178216457366943 0.27998679876327515,-0.0048088105395436287  0.0016775205731391907    0.40646281838417053    0.91365313529968262,0.64990437030792236 0.64178216457366943 0.27998679876327515,-0.0048088105395436287  0.0016775205731391907    0.40646281838417053    0.91365313529968262
1715016726.7885921,0.64987200498580933 0.64180219173431396 0.27999049425125122,-0.0048232548870146275  0.0016616261564195156    0.40646174550056458    0.91365355253219604,0.64987200498580933 0.64180219173431396 0.27999049425125122,-0.0048232548870146275  0.0016616261564195156    0.40646174550056458    0.91365355253219604
1715016726.7935679, 0.6502043604850769 0.64139902591705322 0.27990990877151489,-0.0046227308921515942  0.0017874359618872404    0.40620535612106323    0.91376835107803345, 0.6502043604850769 0.64139902591705322 0.27990990877151489,-0.0046227308921515942  0.0017874359618872404    0.40620535612106323    0.91376835107803345
1715016726.7985921,0.64984971284866333 0.64181375503540039 0.27992784976959229,-0.0048203249461948872  0.0017007386777549982    0.40645664930343628    0.91365575790405273,0.64984971284866333 0.64181375503540039 0.27992784976959229,-0.0048203249461948872  0.0017007386777549982    0.40645664930343628    0.91365575790405273
1715016726.8035679,0.64991062879562378  0.6417618989944458  0.2798304557800293,-0.0048171393573284149  0.0017715654103085399    0.40647903084754944    0.91364568471908569,0.64991062879562378  0.6417618989944458  0.2798304557800293,-0.0048171393573284149  0.0017715654103085399    0.40647903084754944    0.91364568471908569
1715016726.8085713,0.64999872446060181 0.64173537492752075 0.27961438894271851,-0.0048825116828083992  0.0018678271444514394    0.40647178888320923    0.91364836692810059,0.64999872446060181 0.64173537492752075 0.27961438894271851,-0.0048825116828083992  0.0018678271444514394    0.40647178888320923    0.91364836692810059
1715016726.8135993,0.65000718832015991 0.64179509878158569 0.27962735295295715,-0.0048903902061283588  0.0018650774145498872    0.40650215744972229    0.91363483667373657,0.65000718832015991 0.64179509878158569 0.27962735295295715,-0.0048903902061283588  0.0018650774145498872    0.40650215744972229    0.91363483667373657
1715016726.8185921,0.64998465776443481 0.64182329177856445 0.27958083152770996,-0.0049045318737626076  0.0018956760177388787    0.40644890069961548    0.91365838050842285,0.64998465776443481 0.64182329177856445 0.27958083152770996,-0.0049045318737626076  0.0018956760177388787    0.40644890069961548    0.91365838050842285
1715016726.8235936,0.65002399682998657 0.64178162813186646 0.27958521246910095,-0.0049090245738625526  0.0018720079679042101    0.40646412968635559    0.91365164518356323,0.65002399682998657 0.64178162813186646 0.27958521246910095,-0.0049090245738625526  0.0018720079679042101    0.40646412968635559    0.91365164518356323
1715016726.828598,0.65001225471496582 0.64179891347885132 0.27958601713180542,-0.0049038296565413475  0.0018621467752382159    0.40649083256721497    0.91363978385925293,0.65001225471496582 0.64179891347885132 0.27958601713180542,-0.0049038296565413475  0.0018621467752382159    0.40649083256721497    0.91363978385925293
1715016726.8335938,0.65004277229309082 0.64178967475891113 0.27956417202949524,-0.0049251541495323181   0.001873992383480072    0.40646463632583618    0.91365134716033936,0.65004277229309082 0.64178967475891113 0.27956417202949524,-0.0049251541495323181   0.001873992383480072    0.40646463632583618    0.91365134716033936
1715016726.8385935,0.65036386251449585 0.64142096042633057 0.27947685122489929,-0.0047594541683793068  0.0019437195733189583    0.40624609589576721    0.91374921798706055,0.65036386251449585 0.64142096042633057 0.27947685122489929,-0.0047594541683793068  0.0019437195733189583    0.40624609589576721    0.91374921798706055
1715016726.8435996,0.65000998973846436 0.64180868864059448 0.27955836057662964,-0.0049399971030652523  0.0018586383666843176    0.40641623735427856     0.9136728048324585,0.65000998973846436 0.64180868864059448 0.27955836057662964,-0.0049399971030652523  0.0018586383666843176    0.40641623735427856     0.9136728048324585
1715016726.8485937,0.65003848075866699 0.64179778099060059 0.27957612276077271,-0.0048764958046376705  0.0018443000735715032    0.40639594197273254    0.91368222236633301,0.65003848075866699 0.64179778099060059 0.27957612276077271,-0.0048764958046376705  0.0018443000735715032    0.40639594197273254    0.91368222236633301
1715016726.8535936,0.65037941932678223 0.64137500524520874 0.27949780225753784,-0.0046942424960434437  0.0019852854311466217    0.40618166327476501    0.91377812623977661,0.65037941932678223 0.64137500524520874 0.27949780225753784,-0.0046942424960434437  0.0019852854311466217    0.40618166327476501    0.91377812623977661
1715016726.8585715,0.65002226829528809  0.6417887806892395 0.27960461378097534,-0.0048925760202109814  0.0018791238544508815    0.40641891956329346    0.91367185115814209,0.65002226829528809  0.6417887806892395 0.27960461378097534,-0.0048925760202109814  0.0018791238544508815    0.40641891956329346    0.91367185115814209
1715016726.8635695,0.65002888441085815 0.64175736904144287 0.27958235144615173,-0.0048248223029077053  0.0018871361389756203    0.40640878677368164     0.9136766791343689,0.65002888441085815 0.64175736904144287 0.27958235144615173,-0.0048248223029077053  0.0018871361389756203    0.40640878677368164     0.9136766791343689
1715016726.8685994,0.65001356601715088 0.64177680015563965 0.27963173389434814,-0.0046263411641120911  0.0017489065648987889    0.40643879771232605    0.91366463899612427,0.65001356601715088 0.64177680015563965 0.27963173389434814,-0.0046263411641120911  0.0017489065648987889    0.40643879771232605    0.91366463899612427
1715016726.8735619, 0.6503632664680481 0.64137262105941772 0.27949002385139465,-0.0046979282051324844  0.0019734224770218134    0.40626880526542664    0.91373938322067261, 0.6503632664680481 0.64137262105941772 0.27949002385139465,-0.0046979282051324844  0.0019734224770218134    0.40626880526542664    0.91373938322067261
1715016726.8785958,0.65036582946777344 0.64138293266296387 0.27947145700454712,-0.004701332189142704 0.0019698496907949448   0.40625494718551636   0.91374552249908447,0.65036582946777344 0.64138293266296387 0.27947145700454712,-0.004701332189142704 0.0019698496907949448   0.40625494718551636   0.91374552249908447
1715016726.883568,0.65004086494445801 0.64175963401794434 0.27955219149589539,-0.0049256873317062855  0.0019116734620183706    0.40643268823623657    0.91366547346115112,0.65004086494445801 0.64175963401794434 0.27955219149589539,-0.0049256873317062855  0.0019116734620183706    0.40643268823623657    0.91366547346115112
1715016726.8886054,  0.650401771068573 0.64144164323806763 0.27923840284347534,-0.0045044310390949249  0.0020224123727530241    0.40631365776062012    0.91372030973434448,  0.650401771068573 0.64144164323806763 0.27923840284347534,-0.0045044310390949249  0.0020224123727530241    0.40631365776062012    0.91372030973434448
1715016726.8935933,0.65009176731109619 0.64182263612747192 0.27932083606719971,-0.0047152531333267689  0.0019127125851809978     0.4065127968788147     0.9136309027671814,0.65009176731109619 0.64182263612747192 0.27932083606719971,-0.0047152531333267689  0.0019127125851809978     0.4065127968788147     0.9136309027671814
1715016726.8985691, 0.6501203179359436 0.64180684089660645 0.27931514382362366,-0.0049248766154050827  0.0019808686338365078    0.40640020370483398    0.91367977857589722, 0.6501203179359436 0.64180684089660645 0.27931514382362366,-0.0049248766154050827  0.0019808686338365078    0.40640020370483398    0.91367977857589722
1715016726.9035671,0.65008199214935303 0.64182126522064209 0.27961459755897522,-0.00486735999584198 0.001862639794126153  0.40640002489089966  0.91368037462234497,0.65008199214935303 0.64182126522064209 0.27961459755897522,-0.00486735999584198 0.001862639794126153  0.40640002489089966  0.91368037462234497
1715016726.9085884,0.65012151002883911 0.64181423187255859 0.27945303916931152,-0.004935369361191988 0.0019245491130277514   0.40642520785331726   0.91366869211196899,0.65012151002883911 0.64181423187255859 0.27945303916931152,-0.004935369361191988 0.0019245491130277514   0.40642520785331726   0.91366869211196899
1715016726.9135938,0.65013915300369263 0.64181405305862427 0.27929669618606567,-0.0049577965401113033  0.0019847932271659374    0.40634721517562866    0.91370314359664917,0.65013915300369263 0.64181405305862427 0.27929669618606567,-0.0049577965401113033  0.0019847932271659374    0.40634721517562866    0.91370314359664917
1715016726.9185681, 0.6501653790473938 0.64182060956954956 0.27921947836875916,-0.0049853860400617123   0.002030425937846303    0.40641933679580688    0.91367077827453613, 0.6501653790473938 0.64182060956954956 0.27921947836875916,-0.0049853860400617123   0.002030425937846303    0.40641933679580688    0.91367077827453613
1715016726.9235673,0.65014356374740601 0.64183497428894043 0.27916252613067627,-0.0050132442265748978  0.0020431643351912498    0.40640932321548462    0.91367506980895996,0.65014356374740601 0.64183497428894043 0.27916252613067627,-0.0050132442265748978  0.0020431643351912498    0.40640932321548462    0.91367506980895996
1715016726.9285688,0.65011674165725708 0.64182311296463013 0.27913910150527954,-0.005053358618170023 0.0020390679128468037   0.40637451410293579   0.91369032859802246,0.65011674165725708 0.64182311296463013 0.27913910150527954,-0.005053358618170023 0.0020390679128468037   0.40637451410293579   0.91369032859802246
1715016726.933568,0.65009522438049316 0.64186102151870728  0.2790716290473938,-0.0050794151611626148  0.0020411957520991564    0.40628823637962341    0.91372859477996826,0.65009522438049316 0.64186102151870728  0.2790716290473938,-0.0050794151611626148  0.0020411957520991564    0.40628823637962341    0.91372859477996826
1715016726.9385831,0.65009909868240356 0.64185488224029541 0.27914279699325562,-0.005049130879342556 0.0020338688045740128   0.40639248490333557   0.91368240118026733,0.65009909868240356 0.64185488224029541 0.27914279699325562,-0.005049130879342556 0.0020338688045740128   0.40639248490333557   0.91368240118026733
1715016726.9435923,0.65007424354553223 0.64185118675231934 0.27913609147071838,-0.0050846012309193611  0.0020422276575118303    0.40636837482452393     0.9136928915977478,0.65007424354553223 0.64185118675231934 0.27913609147071838,-0.0050846012309193611  0.0020422276575118303    0.40636837482452393     0.9136928915977478
1715016726.9485996,0.65010601282119751 0.64183807373046875 0.27917355298995972,-0.0050491122528910637  0.0019967518746852875     0.4062904417514801    0.91372787952423096,0.65010601282119751 0.64183807373046875 0.27917355298995972,-0.0050491122528910637  0.0019967518746852875     0.4062904417514801    0.91372787952423096
1715016726.9535918,0.65047889947891235 0.64145493507385254  0.2790626585483551,-0.0048951311036944389  0.0021235563326627016    0.40613949298858643    0.91379553079605103,0.65047889947891235 0.64145493507385254  0.2790626585483551,-0.0048951311036944389  0.0021235563326627016    0.40613949298858643    0.91379553079605103
1715016726.9585702,0.65013128519058228 0.64187240600585938 0.27914473414421082,-0.0050405845977365971  0.0020323377102613449    0.40636837482452393    0.91369318962097168,0.65013128519058228 0.64187240600585938 0.27914473414421082,-0.0050405845977365971  0.0020323377102613449    0.40636837482452393    0.91369318962097168
1715016726.9635673,0.65014433860778809 0.64184767007827759 0.27917176485061646,-0.0051026367582380772  0.0019671253394335508    0.40633052587509155    0.91370981931686401,0.65014433860778809 0.64184767007827759 0.27917176485061646,-0.0051026367582380772  0.0019671253394335508    0.40633052587509155    0.91370981931686401
1715016726.9686065,0.65016406774520874 0.64181536436080933 0.27917703986167908,-0.0050937570631504059  0.0020134341903030872    0.40635484457015991    0.91369891166687012,0.65016406774520874 0.64181536436080933 0.27917703986167908,-0.0050937570631504059  0.0020134341903030872    0.40635484457015991    0.91369891166687012
1715016726.9735692,0.65048235654830933 0.64142906665802002 0.27907860279083252,-0.0049099316820502281  0.0021104954648762941    0.40618395805358887    0.91377568244934082,0.65048235654830933 0.64142906665802002 0.27907860279083252,-0.0049099316820502281  0.0021104954648762941    0.40618395805358887    0.91377568244934082
1715016726.9785936,0.64995658397674561  0.6418536901473999 0.27966442704200745,-0.0049508595839142799  0.0017702726181596518    0.40643236041069031    0.91366571187973022,0.64995658397674561  0.6418536901473999 0.27966442704200745,-0.0049508595839142799  0.0017702726181596518    0.40643236041069031    0.91366571187973022
1715016726.9835687,0.64998161792755127 0.64179664850234985 0.27965977787971497,-0.0049316463991999626  0.0017811391735449433    0.40639409422874451    0.91368281841278076,0.64998161792755127 0.64179664850234985 0.27965977787971497,-0.0049316463991999626  0.0017811391735449433    0.40639409422874451    0.91368281841278076
1715016726.9885676,0.64998048543930054 0.64179283380508423  0.2796914279460907,-0.0049272747710347176  0.0017865857807919383    0.40646785497665405     0.9136500358581543,0.64998048543930054 0.64179283380508423  0.2796914279460907,-0.0049272747710347176  0.0017865857807919383    0.40646785497665405     0.9136500358581543
1715016726.9935658,0.65030676126480103 0.64141416549682617 0.27959418296813965,-0.0047428621910512447  0.0018935491098091006    0.40618377923965454    0.91377711296081543,0.65030676126480103 0.64141416549682617 0.27959418296813965,-0.0047428621910512447  0.0018935491098091006    0.40618377923965454    0.91377711296081543
1715016726.9985943,0.64999490976333618 0.64188623428344727 0.27946475148200989,-0.0049322047270834446  0.0019004754722118378    0.40642637014389038    0.91366821527481079,0.64999490976333618 0.64188623428344727 0.27946475148200989,-0.0049322047270834446  0.0019004754722118378    0.40642637014389038    0.91366821527481079
1715016727.0035715,0.64998364448547363  0.6417849063873291 0.27974486351013184,-0.0048807053826749325   0.001777917961589992    0.40646490454673767    0.91365164518356323,0.64998364448547363  0.6417849063873291 0.27974486351013184,-0.0048807053826749325   0.001777917961589992    0.40646490454673767    0.91365164518356323
1715016727.0085926,0.64995628595352173 0.64175397157669067 0.27985265851020813,-0.0046155145391821861  0.0016620204551145434    0.40647253394126892    0.91364985704421997,0.64995628595352173 0.64175397157669067 0.27985265851020813,-0.0046155145391821861  0.0016620204551145434    0.40647253394126892    0.91364985704421997
1715016727.0135932,0.64998078346252441 0.64173442125320435 0.27983960509300232,-0.0048342389054596424  0.0017342697829008102     0.4063895046710968    0.91368550062179565,0.64998078346252441 0.64173442125320435 0.27983960509300232,-0.0048342389054596424  0.0017342697829008102     0.4063895046710968    0.91368550062179565
1715016727.0185668,0.64996808767318726  0.6417500376701355 0.27986547350883484,-0.0048455880023539066  0.0017352004069834948    0.40640237927436829    0.91367971897125244,0.64996808767318726  0.6417500376701355 0.27986547350883484,-0.0048455880023539066  0.0017352004069834948    0.40640237927436829    0.91367971897125244
1715016727.0235672,0.64996647834777832 0.64171409606933594 0.27992492914199829,-0.0048221573233604431  0.0017138472758233547    0.40640246868133545    0.91367983818054199,0.64996647834777832 0.64171409606933594 0.27992492914199829,-0.0048221573233604431  0.0017138472758233547    0.40640246868133545    0.91367983818054199
1715016727.0286021,0.64994210004806519 0.64173096418380737 0.27994322776794434,-0.0045879678800702095  0.0016340614529326558    0.40640491247177124    0.91368007659912109,0.64994210004806519 0.64173096418380737 0.27994322776794434,-0.0045879678800702095  0.0016340614529326558    0.40640491247177124    0.91368007659912109
1715016727.0335987,0.65033107995986938 0.64134728908538818 0.27979621291160583,-0.0046424032188951969  0.0018352061742916703    0.40624085068702698    0.91375237703323364,0.65033107995986938 0.64134728908538818 0.27979621291160583,-0.0046424032188951969  0.0018352061742916703    0.40624085068702698    0.91375237703323364
1715016727.0385673,0.64998358488082886 0.64174413681030273 0.27988922595977783,-0.0048125614412128925  0.0017151549691334367    0.40647804737091064    0.91364628076553345,0.64998358488082886 0.64174413681030273 0.27988922595977783,-0.0048125614412128925  0.0017151549691334367    0.40647804737091064    0.91364628076553345
1715016727.0435679,0.64997291564941406 0.64175653457641602 0.27986776828765869,-0.0047953156754374504  0.0017710314132273197    0.40647563338279724     0.9136473536491394,0.64997291564941406 0.64175653457641602 0.27986776828765869,-0.0047953156754374504  0.0017710314132273197    0.40647563338279724     0.9136473536491394
1715016727.0485666,0.64998418092727661  0.6417163610458374 0.27992314100265503,-0.0047980234958231449  0.0017110742628574371    0.40646961331367493    0.91365009546279907,0.64998418092727661  0.6417163610458374 0.27992314100265503,-0.0047980234958231449  0.0017110742628574371    0.40646961331367493    0.91365009546279907
1715016727.0535674,0.64999294281005859 0.64173752069473267 0.27988559007644653,-0.0048101739957928658  0.0017251520184800029    0.40645715594291687    0.91365557909011841,0.64999294281005859 0.64173752069473267 0.27988559007644653,-0.0048101739957928658  0.0017251520184800029    0.40645715594291687    0.91365557909011841
1715016727.0585513,0.64994508028030396 0.64179235696792603 0.27983862161636353,-0.0047967927530407906  0.0017588206101208925    0.40643298625946045    0.91366630792617798,0.64994508028030396 0.64179235696792603 0.27983862161636353,-0.0047967927530407906  0.0017588206101208925    0.40643298625946045    0.91366630792617798
1715016727.0635967,0.65029054880142212  0.6414177417755127 0.27969861030578613,-0.004645057488232851 0.0018801423721015453   0.40626201033592224   0.91374289989471436,0.65029054880142212  0.6414177417755127 0.27969861030578613,-0.004645057488232851 0.0018801423721015453   0.40626201033592224   0.91374289989471436
1715016727.0685906, 0.6499972939491272 0.64174890518188477  0.2798227071762085,-0.0048221140168607235  0.0017441832460463047    0.40644952654838562    0.91365885734558105, 0.6499972939491272 0.64174890518188477  0.2798227071762085,-0.0048221140168607235  0.0017441832460463047    0.40644952654838562    0.91365885734558105
1715016727.0735705,0.64998739957809448 0.64178389310836792  0.2797991931438446,-0.0048264036886394024  0.0017415218753740191    0.40643951296806335    0.91366326808929443,0.64998739957809448 0.64178389310836792  0.2797991931438446,-0.0048264036886394024  0.0017415218753740191    0.40643951296806335    0.91366326808929443
1715016727.0785937,0.64996367692947388 0.64181113243103027 0.27976754307746887,-0.0048244311474263668  0.0017794580198824406    0.40643033385276794    0.91366732120513916,0.64996367692947388 0.64181113243103027 0.27976754307746887,-0.0048244311474263668  0.0017794580198824406    0.40643033385276794    0.91366732120513916
1715016727.0835695,0.65001410245895386 0.64179658889770508 0.27964335680007935,-0.0048880521208047867  0.0018204334191977978    0.40641984343528748    0.91367155313491821,0.65001410245895386 0.64179658889770508 0.27964335680007935,-0.0048880521208047867  0.0018204334191977978    0.40641984343528748    0.91367155313491821
1715016727.0885925,0.65007245540618896 0.64178478717803955 0.27955332398414612,  -0.0049439687281847 0.0017831660807132721   0.40635702013969421   0.91369926929473877,0.65007245540618896 0.64178478717803955 0.27955332398414612,  -0.0049439687281847 0.0017831660807132721   0.40635702013969421   0.91369926929473877
1715016727.0935695,0.65009939670562744 0.64180803298950195 0.27944636344909668,-0.0049776243977248669  0.0018486365443095565     0.4063585102558136    0.91369831562042236,0.65009939670562744 0.64180803298950195 0.27944636344909668,-0.0049776243977248669  0.0018486365443095565     0.4063585102558136    0.91369831562042236
1715016727.0985961,0.65011626482009888 0.64180964231491089 0.27936506271362305,-0.0049614296294748783  0.0019700727425515652    0.40640619397163391      0.913676917552948,0.65011626482009888 0.64180964231491089 0.27936506271362305,-0.0049614296294748783  0.0019700727425515652    0.40640619397163391      0.913676917552948
1715016727.1035943,0.65000289678573608 0.64179760217666626 0.27967944741249084,-0.0048903357237577438  0.0018221746431663632    0.40637630224227905    0.91369092464447021,0.65000289678573608 0.64179760217666626 0.27967944741249084,-0.0048903357237577438  0.0018221746431663632    0.40637630224227905    0.91369092464447021
1715016727.1085582, 0.6500091552734375  0.6417660117149353 0.27969533205032349,-0.0048238979652523994  0.0018179400358349085    0.40643009543418884    0.91366732120513916, 0.6500091552734375  0.6417660117149353 0.27969533205032349,-0.0048238979652523994  0.0018179400358349085    0.40643009543418884    0.91366732120513916
1715016727.1136003,0.65042984485626221 0.64134103059768677  0.2794291079044342,-0.0047325468622148037  0.0020100222900509834    0.40614256262779236    0.91379523277282715,0.65042984485626221 0.64134103059768677  0.2794291079044342,-0.0047325468622148037  0.0020100222900509834    0.40614256262779236    0.91379523277282715
1715016727.1185915,0.65016961097717285 0.64171946048736572 0.27935349941253662,-0.0049619721248745918  0.0019708042964339256    0.40635952353477478    0.91369765996932983,0.65016961097717285 0.64171946048736572 0.27935349941253662,-0.0049619721248745918  0.0019708042964339256    0.40635952353477478    0.91369765996932983
1715016727.1235919,0.65002524852752686 0.64178204536437988 0.27961140871047974,-0.0049279830418527126  0.0018580352189019322    0.40647044777870178    0.91364872455596924,0.65002524852752686 0.64178204536437988 0.27961140871047974,-0.0049279830418527126  0.0018580352189019322    0.40647044777870178    0.91364872455596924
1715016727.1285939,0.65001857280731201 0.64178168773651123 0.27959686517715454,-0.0048716124147176743  0.0018537681316956878      0.406394362449646    0.91368287801742554,0.65001857280731201 0.64178168773651123 0.27959686517715454,-0.0048716124147176743  0.0018537681316956878      0.406394362449646    0.91368287801742554
1715016727.1335697,0.65039604902267456 0.64136642217636108 0.27951279282569885,-0.0046948911622166634  0.0019634300842881203    0.40623867511749268    0.91375285387039185,0.65039604902267456 0.64136642217636108 0.27951279282569885,-0.0046948911622166634  0.0019634300842881203    0.40623867511749268    0.91375285387039185
1715016727.1385672,0.65004914999008179 0.64177811145782471 0.27956104278564453,-0.0048712743446230888  0.0018817204982042313      0.406401127576828    0.91367983818054199,0.65004914999008179 0.64177811145782471 0.27956104278564453,-0.0048712743446230888  0.0018817204982042313      0.406401127576828    0.91367983818054199
1715016727.1435981,0.65037769079208374 0.64138823747634888 0.27950108051300049,-0.0046679400838911533  0.0019886915106326342    0.40618270635604858    0.91377782821655273,0.65037769079208374 0.64138823747634888 0.27950108051300049,-0.0046679400838911533  0.0019886915106326342    0.40618270635604858    0.91377782821655273
1715016727.1485724,0.65005439519882202 0.64175152778625488 0.27955833077430725,-0.0049069970846176147  0.0019072669092565775      0.406380295753479    0.91368883848190308,0.65005439519882202 0.64175152778625488 0.27955833077430725,-0.0049069970846176147  0.0019072669092565775      0.406380295753479    0.91368883848190308
1715016727.1535764,0.65004152059555054 0.64180773496627808 0.27955806255340576,-0.004852615762501955 0.0018849271582439542   0.40639525651931763   0.91368252038955688,0.65004152059555054 0.64180773496627808 0.27955806255340576,-0.004852615762501955 0.0018849271582439542   0.40639525651931763   0.91368252038955688
1715016727.1585796,0.64986532926559448 0.64281392097473145 0.27956178784370422,-0.004552984144538641 0.0012608433607965708    0.4057670533657074   0.91396433115005493,0.64986532926559448 0.64281392097473145 0.27956178784370422,-0.004552984144538641 0.0012608433607965708    0.4057670533657074   0.91396433115005493
1715016727.1635814,0.64966481924057007  0.6470150351524353  0.2794310450553894,-0.004029624629765749 0.0013910491252318025   0.40344139933586121   0.91499555110931396,0.64966481924057007  0.6470150351524353  0.2794310450553894,-0.004029624629765749 0.0013910491252318025   0.40344139933586121   0.91499555110931396
1715016727.1685987,0.64896780252456665 0.65089517831802368 0.27939453721046448,-0.0037052661646157503  0.0011800858192145824    0.40288543701171875    0.91524213552474976,0.64896780252456665 0.65089517831802368 0.27939453721046448,-0.0037052661646157503  0.0011800858192145824    0.40288543701171875    0.91524213552474976
1715016727.1735833,0.64847087860107422 0.65820229053497314 0.27926871180534363,-0.0039109783247113228  0.0019805156625807285    0.40225431323051453    0.91551744937896729,0.64847087860107422 0.65820229053497314 0.27926871180534363,-0.0039109783247113228  0.0019805156625807285    0.40225431323051453    0.91551744937896729
1715016727.1785729,0.64789843559265137 0.66528064012527466 0.27941659092903137,-0.0040250383317470551  0.0021759425289928913    0.40092644095420837    0.91609883308410645,0.64789843559265137 0.66528064012527466 0.27941659092903137,-0.0040250383317470551  0.0021759425289928913    0.40092644095420837    0.91609883308410645
1715016727.1835928,0.64746475219726562 0.67180752754211426 0.27929863333702087,-0.0044396785087883472   0.001855219597928226    0.39925792813301086    0.91682600975036621,0.64746475219726562 0.67180752754211426 0.27929863333702087,-0.0044396785087883472   0.001855219597928226    0.39925792813301086    0.91682600975036621
1715016727.1885736,0.64645403623580933 0.67881488800048828 0.27943995594978333,-0.0050307917408645153    0.00172645621933043    0.39817386865615845    0.91729456186294556,0.64645403623580933 0.67881488800048828 0.27943995594978333,-0.0050307917408645153    0.00172645621933043    0.39817386865615845    0.91729456186294556
1715016727.193573,0.64566349983215332 0.68546909093856812 0.27943769097328186,-0.005163055844604969  0.001342671224847436   0.39675036072731018   0.91791105270385742,0.64566349983215332 0.68546909093856812 0.27943769097328186,-0.005163055844604969  0.001342671224847436   0.39675036072731018   0.91791105270385742
1715016727.1985724,0.64565092325210571 0.68836331367492676 0.27938193082809448,-0.0049982992932200432  0.0014437016798183322    0.39589214324951172    0.91828227043151855,0.64565092325210571 0.68836331367492676 0.27938193082809448,-0.0049982992932200432  0.0014437016798183322    0.39589214324951172    0.91828227043151855
1715016727.2035739, 0.6446031928062439 0.69535166025161743 0.27944082021713257,-0.0057526198215782642  0.0010968124261125922    0.39483296871185303    0.91873425245285034, 0.6446031928062439 0.69535166025161743 0.27944082021713257,-0.0057526198215782642  0.0010968124261125922    0.39483296871185303    0.91873425245285034
1715016727.2085743,0.64388459920883179 0.70196187496185303 0.27939459681510925, -0.005644417367875576 0.00087397970492020249    0.39331516623497009    0.91938596963882446,0.64388459920883179 0.70196187496185303 0.27939459681510925, -0.005644417367875576 0.00087397970492020249    0.39331516623497009    0.91938596963882446
1715016727.2135737,0.64359015226364136 0.70799744129180908 0.27935898303985596,-0.0051670828834176064 0.00092075305292382836    0.39182204008102417    0.92002606391906738,0.64359015226364136 0.70799744129180908 0.27935898303985596,-0.0051670828834176064 0.00092075305292382836    0.39182204008102417    0.92002606391906738
1715016727.2185681,0.64296829700469971 0.71160757541656494 0.27940669655799866,-0.0054278546012938023  0.0011183273745700717    0.39152324199676514    0.92015153169631958,0.64296829700469971 0.71160757541656494 0.27940669655799866,-0.0054278546012938023  0.0011183273745700717    0.39152324199676514    0.92015153169631958
1715016727.2235665,0.64244383573532104 0.71795207262039185 0.27933415770530701,-0.0055015161633491516  0.0016264654695987701    0.39047378301620483    0.92059618234634399,0.64244383573532104 0.71795207262039185 0.27933415770530701,-0.0055015161633491516  0.0016264654695987701    0.39047378301620483    0.92059618234634399
1715016727.2285671,0.64185428619384766 0.72419965267181396  0.2792898416519165,-0.0050496039912104607  0.0013573192991316319    0.38908761739730835    0.92118591070175171,0.64185428619384766 0.72419965267181396  0.2792898416519165,-0.0050496039912104607  0.0013573192991316319    0.38908761739730835    0.92118591070175171
1715016727.2335711,0.64132928848266602 0.73033636808395386 0.27921003103256226,-0.0046135662123560905  0.0014361446956172585    0.38790303468704224     0.9216875433921814,0.64132928848266602 0.73033636808395386 0.27921003103256226,-0.0046135662123560905  0.0014361446956172585    0.38790303468704224     0.9216875433921814
1715016727.2385976,0.64076977968215942 0.73650223016738892 0.27911892533302307,-0.0043005696497857571  0.0014591406797990203    0.38661792874336243    0.92222881317138672,0.64076977968215942 0.73650223016738892 0.27911892533302307,-0.0043005696497857571  0.0014591406797990203    0.38661792874336243    0.92222881317138672
1715016727.2435672,0.64016032218933105 0.74260669946670532 0.27910938858985901,-0.0047832345589995384  0.0016219648532569408    0.38521254062652588    0.92281407117843628,0.64016032218933105 0.74260669946670532 0.27910938858985901,-0.0047832345589995384  0.0016219648532569408    0.38521254062652588    0.92281407117843628
1715016727.2485828,0.63987052440643311 0.74565505981445312 0.27910512685775757,-0.004826338030397892 0.0018325973069295287   0.38449174165725708   0.92311400175094604,0.63987052440643311 0.74565505981445312 0.27910512685775757,-0.004826338030397892 0.0018325973069295287   0.38449174165725708   0.92311400175094604
1715016727.2535956,0.63929653167724609 0.75173550844192505 0.27912810444831848,-0.0051282462663948536  0.0014611436054110527    0.38291716575622559    0.92376726865768433,0.63929653167724609 0.75173550844192505 0.27912810444831848,-0.0051282462663948536  0.0014611436054110527    0.38291716575622559    0.92376726865768433
1715016727.258594,0.63875502347946167 0.75763416290283203 0.27906373143196106, -0.005108941812068224 0.00077680195681750774    0.38190743327140808      0.924186110496521,0.63875502347946167 0.75763416290283203 0.27906373143196106, -0.005108941812068224 0.00077680195681750774    0.38190743327140808      0.924186110496521
1715016727.2635908,0.63818663358688354 0.76357030868530273 0.27906167507171631,-0.0051272213459014893  0.0010755461407825351    0.38048052787780762    0.92477411031723022,0.63818663358688354 0.76357030868530273 0.27906167507171631,-0.0051272213459014893  0.0010755461407825351    0.38048052787780762    0.92477411031723022
1715016727.2685993,0.63764148950576782 0.76929265260696411 0.27901437878608704,-0.0051750838756561279  0.0010214219801127911     0.3793257474899292    0.92524814605712891,0.63764148950576782 0.76929265260696411 0.27901437878608704,-0.0051750838756561279  0.0010214219801127911     0.3793257474899292    0.92524814605712891
1715016727.2735903,0.63738137483596802 0.77218955755233765 0.27893003821372986,-0.0050492123700678349  0.0012761434772983193    0.37883034348487854    0.92545145750045776,0.63738137483596802 0.77218955755233765 0.27893003821372986,-0.0050492123700678349  0.0012761434772983193    0.37883034348487854    0.92545145750045776
1715016727.2785864,0.63696914911270142 0.77769732475280762 0.27890270948410034,-0.0051122205331921577  0.0012799020623788238    0.37719285488128662    0.92611974477767944,0.63696914911270142 0.77769732475280762 0.27890270948410034,-0.0051122205331921577  0.0012799020623788238    0.37719285488128662    0.92611974477767944
1715016727.2835324,0.63635903596878052 0.78349107503890991 0.27865481376647949,-0.004483293741941452 0.0014985465677455068   0.37613803148269653   0.92655158042907715,0.63635903596878052 0.78349107503890991 0.27865481376647949,-0.004483293741941452 0.0014985465677455068   0.37613803148269653   0.92655158042907715
1715016727.2885637,0.63586121797561646 0.78909081220626831 0.27863118052482605,-0.0040822690352797508  0.0019068733090534806     0.3748263418674469    0.92708408832550049,0.63586121797561646 0.78909081220626831 0.27863118052482605,-0.0040822690352797508  0.0019068733090534806     0.3748263418674469    0.92708408832550049
1715016727.2935593,0.63580149412155151 0.79161190986633301 0.27897348999977112,-0.0042402651160955429  0.0017894068732857704     0.3739762008190155    0.92742687463760376,0.63580149412155151 0.79161190986633301 0.27897348999977112,-0.0042402651160955429  0.0017894068732857704     0.3739762008190155    0.92742687463760376
1715016727.2985914,0.63490164279937744 0.79728740453720093 0.27894961833953857,-0.0043524438515305519  0.0019628261215984821    0.37283021211624146    0.92788732051849365,0.63490164279937744 0.79728740453720093 0.27894961833953857,-0.0043524438515305519  0.0019628261215984821    0.37283021211624146    0.92788732051849365
1715016727.3035607,0.63478732109069824 0.80222898721694946 0.27891620993614197,-0.0045988908968865871  0.0021337915677577257    0.37136179208755493    0.92847442626953125,0.63478732109069824 0.80222898721694946 0.27891620993614197,-0.0045988908968865871  0.0021337915677577257    0.37136179208755493    0.92847442626953125
1715016727.3085613, 0.6344563364982605 0.80736678838729858 0.27872300148010254,-0.0043185269460082054  0.0018678059568628669    0.36964282393455505    0.92916202545166016, 0.6344563364982605 0.80736678838729858 0.27872300148010254,-0.0043185269460082054  0.0018678059568628669    0.36964282393455505    0.92916202545166016
1715016727.3135674,0.63411521911621094 0.81244063377380371 0.27861505746841431,-0.0044441036880016327  0.0013031203998252749    0.36845937371253967    0.92963230609893799,0.63411521911621094 0.81244063377380371 0.27861505746841431,-0.0044441036880016327  0.0013031203998252749    0.36845937371253967    0.92963230609893799
1715016727.3185894,0.63347357511520386 0.81776201725006104 0.27861756086349487,-0.0043627363629639149  0.0017379585187882185    0.36729529500007629    0.93009251356124878,0.63347357511520386 0.81776201725006104 0.27861756086349487,-0.0043627363629639149  0.0017379585187882185    0.36729529500007629    0.93009251356124878
1715016727.3235843, 0.6331220269203186 0.82032090425491333 0.27861696481704712,-0.0042300615459680557  0.0020283632911741734    0.36656710505485535    0.93037980794906616, 0.6331220269203186 0.82032090425491333 0.27861696481704712,-0.0042300615459680557  0.0020283632911741734    0.36656710505485535    0.93037980794906616
1715016727.3285851,0.63241255283355713 0.82552528381347656 0.27847874164581299,-0.0041114650666713715  0.0016486214008182287    0.36569797992706299    0.93072301149368286,0.63241255283355713 0.82552528381347656 0.27847874164581299,-0.0041114650666713715  0.0016486214008182287    0.36569797992706299    0.93072301149368286
1715016727.3335848,0.63142096996307373 0.83080524206161499 0.27860483527183533,-0.0038216740358620882   0.001976311206817627    0.36442026495933533    0.93122464418411255,0.63142096996307373 0.83080524206161499 0.27860483527183533,-0.0038216740358620882   0.001976311206817627    0.36442026495933533    0.93122464418411255
1715016727.3385856,0.63083833456039429 0.83578616380691528 0.27854019403457642,-0.0040086414664983749  0.0016382652102038264    0.36306503415107727    0.93175375461578369,0.63083833456039429 0.83578616380691528 0.27854019403457642,-0.0040086414664983749  0.0016382652102038264    0.36306503415107727    0.93175375461578369
1715016727.3435638,0.63043969869613647 0.84069728851318359 0.27856156229972839,-0.0042610717937350273  0.0018074908293783665    0.36171543598175049    0.93227708339691162,0.63043969869613647 0.84069728851318359 0.27856156229972839,-0.0042610717937350273  0.0018074908293783665    0.36171543598175049    0.93227708339691162
1715016727.3485608,0.63018417358398438 0.84302574396133423 0.27850914001464844,-0.0040564858354628086  0.0018076396081596613    0.36109742522239685    0.93251752853393555,0.63018417358398438 0.84302574396133423 0.27850914001464844,-0.0040564858354628086  0.0018076396081596613    0.36109742522239685    0.93251752853393555
1715016727.35356,0.62979191541671753 0.84787678718566895 0.27857851982116699,-0.0043653650209307671  0.0015045121544972062    0.35993385314941406    0.93296641111373901,0.62979191541671753 0.84787678718566895 0.27857851982116699,-0.0043653650209307671  0.0015045121544972062    0.35993385314941406    0.93296641111373901
1715016727.3585844,0.62937635183334351 0.85260218381881714 0.27858835458755493,-0.0039920383132994175  0.0018087519565597177    0.35833320021629333    0.93358349800109863,0.62937635183334351 0.85260218381881714 0.27858835458755493,-0.0039920383132994175  0.0018087519565597177    0.35833320021629333    0.93358349800109863
1715016727.3635602,0.62877482175827026 0.85742145776748657 0.27886536717414856,-0.0043459669686853886  0.0014606096083298326    0.35683819651603699     0.9341549277305603,0.62877482175827026 0.85742145776748657 0.27886536717414856,-0.0043459669686853886  0.0014606096083298326    0.35683819651603699     0.9341549277305603
1715016727.3685863,0.62855613231658936 0.85976362228393555 0.27888128161430359,-0.004308708943426609 0.0011937972158193588   0.35634452104568481   0.93434393405914307,0.62855613231658936 0.85976362228393555 0.27888128161430359,-0.004308708943426609 0.0011937972158193588   0.35634452104568481   0.93434393405914307
1715016727.3735609,0.62812685966491699 0.86447620391845703 0.27878591418266296,-0.0040634097531437874  0.0016025409568101168    0.35496395826339722    0.93486976623535156,0.62812685966491699 0.86447620391845703 0.27878591418266296,-0.0040634097531437874  0.0016025409568101168    0.35496395826339722    0.93486976623535156
1715016727.3785658,0.62749350070953369 0.86917239427566528 0.27879863977432251,-0.0040939096361398697   0.001299646683037281    0.35376682877540588    0.93532377481460571,0.62749350070953369 0.86917239427566528 0.27879863977432251,-0.0040939096361398697   0.001299646683037281    0.35376682877540588    0.93532377481460571
1715016727.3835852,0.62693357467651367 0.87390607595443726 0.27883514761924744,-0.0041146301664412022  0.0014283629134297371    0.35270386934280396    0.93572485446929932,0.62693357467651367 0.87390607595443726 0.27883514761924744,-0.0041146301664412022  0.0014283629134297371    0.35270386934280396    0.93572485446929932
1715016727.3885605,0.62638813257217407 0.87843483686447144 0.27870866656303406,-0.0040900185704231262  0.0015770189929753542    0.35147836804389954    0.93618571758270264,0.62638813257217407 0.87843483686447144 0.27870866656303406,-0.0040900185704231262  0.0015770189929753542    0.35147836804389954    0.93618571758270264
1715016727.3935895,0.62593168020248413 0.88290882110595703 0.27879497408866882,-0.0040481220930814743  0.0013338393764570355    0.35006114840507507    0.93671715259552002,0.62593168020248413 0.88290882110595703 0.27879497408866882,-0.0040481220930814743  0.0013338393764570355    0.35006114840507507    0.93671715259552002
1715016727.3985608,0.62571024894714355 0.88508695363998413 0.27882105112075806,-0.0043256692588329315  0.0015366579173132777    0.34982582926750183    0.93680351972579956,0.62571024894714355 0.88508695363998413 0.27882105112075806,-0.0043256692588329315  0.0015366579173132777    0.34982582926750183    0.93680351972579956
1715016727.403563,0.62524455785751343 0.88950884342193604  0.2787763774394989,-0.0041274856775999069  0.0010754490504041314     0.3482745885848999    0.93738287687301636,0.62524455785751343 0.88950884342193604  0.2787763774394989,-0.0041274856775999069  0.0010754490504041314     0.3482745885848999    0.93738287687301636
1715016727.4085641,0.62475866079330444 0.89378923177719116 0.27853104472160339,-0.0039325268007814884  0.0014238113071769476    0.34652337431907654    0.93803203105926514,0.62475866079330444 0.89378923177719116 0.27853104472160339,-0.0039325268007814884  0.0014238113071769476    0.34652337431907654    0.93803203105926514
1715016727.4135613,0.62430834770202637 0.89802724123001099 0.27852267026901245,-0.0037989835254848003  0.0015070905210450292    0.34543749690055847    0.93843287229537964,0.62430834770202637 0.89802724123001099 0.27852267026901245,-0.0037989835254848003  0.0015070905210450292    0.34543749690055847    0.93843287229537964
1715016727.4185636,0.62389564514160156 0.90223169326782227 0.27840933203697205,-0.0045393016189336777 0.00084681989392265677    0.34418144822120667    0.93889176845550537,0.62389564514160156 0.90223169326782227 0.27840933203697205,-0.0045393016189336777 0.00084681989392265677    0.34418144822120667    0.93889176845550537
1715016727.423563,0.62363642454147339  0.9043039083480835  0.2784917950630188,-0.0039683012291789055  0.0010935937752947211    0.34352347254753113    0.93913507461547852,0.62363642454147339  0.9043039083480835  0.2784917950630188,-0.0039683012291789055  0.0010935937752947211    0.34352347254753113    0.93913507461547852
1715016727.4285634,0.62312185764312744 0.90837180614471436 0.27846014499664307,-0.0041517033241689205  0.0013578524813055992     0.3419765830039978    0.93969833850860596,0.62312185764312744 0.90837180614471436 0.27846014499664307,-0.0041517033241689205  0.0013578524813055992     0.3419765830039978    0.93969833850860596
1715016727.433562,0.62261509895324707 0.91233575344085693 0.27841109037399292,-0.0045471177436411381 0.00090734660625457764    0.34095507860183716    0.94006818532943726,0.62261509895324707 0.91233575344085693 0.27841109037399292,-0.0045471177436411381 0.00090734660625457764    0.34095507860183716    0.94006818532943726
1715016727.4385614,0.62221354246139526 0.91620701551437378 0.27864205837249756,-0.0043237390927970409 0.00087192782666534185    0.33973443508148193    0.94051104784011841,0.62221354246139526 0.91620701551437378 0.27864205837249756,-0.0043237390927970409 0.00087192782666534185    0.33973443508148193    0.94051104784011841
1715016727.4435647,0.62175834178924561 0.92009204626083374 0.27865615487098694,-0.0042409105226397514 0.00084376585436984897    0.33858352899551392    0.94092637300491333,0.62175834178924561 0.92009204626083374 0.27865615487098694,-0.0042409105226397514 0.00084376585436984897    0.33858352899551392    0.94092637300491333
1715016727.4485643,0.62158399820327759 0.92200201749801636 0.27874994277954102,-0.0041287103667855263  0.0010198638774454594    0.33766818046569824    0.94125562906265259,0.62158399820327759 0.92200201749801636 0.27874994277954102,-0.0041287103667855263  0.0010198638774454594    0.33766818046569824    0.94125562906265259
1715016727.4535601,0.62109768390655518 0.92579960823059082 0.27856075763702393,-0.0040232050232589245 0.00077322404831647873    0.33665239810943604     0.9416201114654541,0.62109768390655518 0.92579960823059082 0.27856075763702393,-0.0040232050232589245 0.00077322404831647873    0.33665239810943604     0.9416201114654541
1715016727.4585891,0.62064772844314575 0.92956441640853882 0.27860471606254578, -0.003791961120441556 0.00077695009531453252    0.33528724312782288    0.94210797548294067,0.62064772844314575 0.92956441640853882 0.27860471606254578, -0.003791961120441556 0.00077695009531453252    0.33528724312782288    0.94210797548294067
1715016727.4635892,0.62024462223052979 0.93321448564529419 0.27864748239517212,-0.0041189258918166161  0.0006477265851572156    0.33403760194778442    0.94255053997039795,0.62024462223052979 0.93321448564529419 0.27864748239517212,-0.0041189258918166161  0.0006477265851572156    0.33403760194778442    0.94255053997039795
1715016727.4887648,0.61808246374130249 0.95091819763183594  0.2784389853477478, -0.004311347845941782 0.00079363357508555055    0.32789185643196106    0.94470506906509399,0.61808246374130249 0.95091819763183594  0.2784389853477478, -0.004311347845941782 0.00079363357508555055    0.32789185643196106    0.94470506906509399
1715016727.4938254,0.61808246374130249 0.95091819763183594  0.2784389853477478, -0.004311347845941782 0.00079363357508555055    0.32789185643196106    0.94470506906509399,0.61808246374130249 0.95091819763183594  0.2784389853477478, -0.004311347845941782 0.00079363357508555055    0.32789185643196106    0.94470506906509399
1715016727.4988244,0.61774832010269165 0.95420163869857788 0.27846112847328186,-0.0040323301218450069  0.0010242409771308303    0.32657894492149353    0.94516074657440186,0.61774832010269165 0.95420163869857788 0.27846112847328186,-0.0040323301218450069  0.0010242409771308303    0.32657894492149353    0.94516074657440186
1715016727.5038457,0.61736226081848145 0.95759713649749756 0.27845337986946106,-0.0043381764553487301 0.00083996000466868281    0.32545304298400879    0.94554787874221802,0.61736226081848145 0.95759713649749756 0.27845337986946106,-0.0043381764553487301 0.00083996000466868281    0.32545304298400879    0.94554787874221802
1715016727.5088241,0.61694282293319702 0.96089166402816772  0.2783985435962677,-0.0042904806323349476 0.00081351242261007428    0.32396665215492249    0.94605839252471924,0.61694282293319702 0.96089166402816772  0.2783985435962677,-0.0042904806323349476 0.00081351242261007428    0.32396665215492249    0.94605839252471924
1715016727.5138249,0.61653053760528564 0.96411281824111938 0.27837812900543213,-0.0040068221278488636  0.0007236856035888195    0.32287487387657166    0.94643288850784302,0.61653053760528564 0.96411281824111938 0.27837812900543213,-0.0040068221278488636  0.0007236856035888195    0.32287487387657166    0.94643288850784302
1715016727.5188036,0.61607140302658081 0.96738189458847046 0.27841216325759888,-0.0042800134979188442 0.00095506681827828288    0.32160106301307678    0.94686508178710938,0.61607140302658081 0.96738189458847046 0.27841216325759888,-0.0042800134979188442 0.00095506681827828288    0.32160106301307678    0.94686508178710938
1715016727.5238204,0.61588793992996216 0.96894562244415283 0.27848720550537109,-0.0038094795309007168  0.0013092892477288842    0.32083731889724731    0.94712573289871216,0.61588793992996216 0.96894562244415283 0.27848720550537109,-0.0038094795309007168  0.0013092892477288842    0.32083731889724731    0.94712573289871216
1715016727.5288258,0.61543112993240356 0.97218775749206543 0.27814760804176331,-0.0042811422608792782 0.00037340837297961116    0.32004779577255249    0.94739162921905518,0.61543112993240356 0.97218775749206543 0.27814760804176331,-0.0042811422608792782 0.00037340837297961116    0.32004779577255249    0.94739162921905518
1715016727.5338242,0.61498183012008667 0.97520548105239868 0.27811434864997864,-0.0045178071595728397 0.00085014768410474062    0.31876131892204285    0.94782388210296631,0.61498183012008667 0.97520548105239868 0.27811434864997864,-0.0045178071595728397 0.00085014768410474062    0.31876131892204285    0.94782388210296631
1715016727.5388238,0.61459815502166748  0.9782257080078125 0.27807867527008057,-0.0046765413135290146 0.00078042724635452032    0.31773808598518372    0.94816666841506958,0.61459815502166748  0.9782257080078125 0.27807867527008057,-0.0046765413135290146 0.00078042724635452032    0.31773808598518372    0.94816666841506958
1715016727.5438259, 0.6142088770866394 0.98119688034057617 0.27805313467979431,-0.0042500994168221951  0.0010076035978272557    0.31655532121658325    0.94856399297714233, 0.6142088770866394 0.98119688034057617 0.27805313467979431,-0.0042500994168221951  0.0010076035978272557    0.31655532121658325    0.94856399297714233
1715016727.5488243,0.61404216289520264 0.98264062404632568 0.27804437279701233,-0.0040893522091209888 0.00077719875844195485    0.31566199660301208    0.94886255264282227,0.61404216289520264 0.98264062404632568 0.27804437279701233,-0.0040893522091209888 0.00077719875844195485    0.31566199660301208    0.94886255264282227
1715016727.5538008,0.61366558074951172  0.9855276346206665 0.27802479267120361,-0.0042320289649069309 0.00086654507322236896     0.3146539032459259    0.94919663667678833,0.61366558074951172  0.9855276346206665 0.27802479267120361,-0.0042320289649069309 0.00086654507322236896     0.3146539032459259    0.94919663667678833
1715016727.5588214,0.61333781480789185  0.9883086085319519 0.27800333499908447,-0.0041087297722697258  0.0010909275151789188    0.31349050998687744     0.9495818018913269,0.61333781480789185  0.9883086085319519 0.27800333499908447,-0.0041087297722697258  0.0010909275151789188    0.31349050998687744     0.9495818018913269
1715016727.5638411,0.61299723386764526 0.99099636077880859  0.2780202329158783,-0.004031013697385788 0.0012854979140684009   0.31223714351654053   0.94999474287033081,0.61299723386764526 0.99099636077880859  0.2780202329158783,-0.004031013697385788 0.0012854979140684009   0.31223714351654053   0.94999474287033081
1715016727.5688496,0.61281883716583252 0.99239474534988403 0.27809149026870728,-0.0040434687398374081  0.0011340235359966755    0.31153807044029236    0.95022439956665039,0.61281883716583252 0.99239474534988403 0.27809149026870728,-0.0040434687398374081  0.0011340235359966755    0.31153807044029236    0.95022439956665039
1715016727.5738442,0.61244106292724609 0.99497115612030029 0.27795478701591492,-0.0040573854930698872  0.0011848225258290768     0.3102421760559082    0.95064818859100342,0.61244106292724609 0.99497115612030029 0.27795478701591492,-0.0040573854930698872  0.0011848225258290768     0.3102421760559082    0.95064818859100342
1715016727.5788507,0.61207288503646851 0.99757683277130127 0.27799031138420105,-0.0039181043393909931  0.0014294799184426665    0.30911055207252502    0.95101696252822876,0.61207288503646851 0.99757683277130127 0.27799031138420105,-0.0039181043393909931  0.0014294799184426665    0.30911055207252502    0.95101696252822876
1715016727.5838199,  0.611674964427948    1.00010085105896 0.27804642915725708,-0.0039774291217327118  0.0013498974731191993    0.30793589353561401    0.95139783620834351,  0.611674964427948    1.00010085105896 0.27804642915725708,-0.0039774291217327118  0.0013498974731191993    0.30793589353561401    0.95139783620834351
1715016727.5888498,0.61141598224639893  1.0025267601013184 0.27794545888900757,-0.0042969086207449436  0.0014070660108700395    0.30704084038734436    0.95168560743331909,0.61141598224639893  1.0025267601013184 0.27794545888900757,-0.0042969086207449436  0.0014070660108700395    0.30704084038734436    0.95168560743331909
1715016727.5938549,0.61121684312820435  1.0037882328033447 0.27798539400100708,-0.003913606982678175 0.0013653389178216457   0.30615651607513428   0.95197218656539917,0.61121684312820435  1.0037882328033447 0.27798539400100708,-0.003913606982678175 0.0013653389178216457   0.30615651607513428   0.95197218656539917
1715016727.5988214,0.61089551448822021  1.0061135292053223 0.27788594365119934,-0.0042590335942804813   0.001122272340580821    0.30506253242492676    0.95232212543487549,0.61089551448822021  1.0061135292053223 0.27788594365119934,-0.0042590335942804813   0.001122272340580821    0.30506253242492676    0.95232212543487549
1715016727.6038504,0.61086064577102661  1.0083053112030029 0.27776339650154114,-0.0040507931262254715  0.0012475644471123815    0.30407172441482544    0.95263969898223877,0.61086064577102661  1.0083053112030029 0.27776339650154114,-0.0040507931262254715  0.0012475644471123815    0.30407172441482544    0.95263969898223877
1715016727.6088445,0.61050182580947876  1.0106050968170166 0.27771538496017456,-0.0040376228280365467  0.0010795322014018893    0.30313894152641296    0.95293718576431274,0.61050182580947876  1.0106050968170166 0.27771538496017456,-0.0040376228280365467  0.0010795322014018893    0.30313894152641296    0.95293718576431274
1715016727.6138196,0.61013185977935791  1.0128110647201538 0.27772736549377441,-0.0042628026567399502  0.0015209919074550271           0.3017578125    0.95337384939193726,0.61013185977935791  1.0128110647201538 0.27772736549377441,-0.0042628026567399502  0.0015209919074550271           0.3017578125    0.95337384939193726
1715016727.6188195,0.60978704690933228  1.0150449275970459 0.27779746055603027,-0.0041000824421644211  0.0010202588746324182    0.30088737607002258    0.95365029573440552,0.60978704690933228  1.0150449275970459 0.27779746055603027,-0.0041000824421644211  0.0010202588746324182    0.30088737607002258    0.95365029573440552
1715016727.6238239,0.60956597328186035  1.0160790681838989 0.27774348855018616,-0.0040724221616983414  0.0013297192053869367    0.30033403635025024    0.95382446050643921,0.60956597328186035  1.0160790681838989 0.27774348855018616,-0.0040724221616983414  0.0013297192053869367    0.30033403635025024    0.95382446050643921
1715016727.628824,0.60926109552383423  1.0182480812072754 0.27791491150856018,-0.0042600613087415695  0.0013306745095178485    0.29911130666732788    0.95420777797698975,0.60926109552383423  1.0182480812072754 0.27791491150856018,-0.0042600613087415695  0.0013306745095178485    0.29911130666732788    0.95420777797698975
1715016727.6338229,0.60892295837402344  1.0203686952590942 0.27791595458984375,-0.0038782334886491299  0.0016539427451789379    0.29808837175369263    0.95452898740768433,0.60892295837402344  1.0203686952590942 0.27791595458984375,-0.0038782334886491299  0.0016539427451789379    0.29808837175369263    0.95452898740768433
1715016727.6388245,0.60860419273376465  1.0223625898361206 0.27795663475990295,-0.0039818133227527142  0.0011959335533902049    0.29732984304428101    0.95476579666137695,0.60860419273376465  1.0223625898361206 0.27795663475990295,-0.0039818133227527142  0.0011959335533902049    0.29732984304428101    0.95476579666137695
1715016727.6438243,0.60826408863067627  1.0243766307830811 0.27794092893600464,-0.0042236917652189732  0.0010477580362930894    0.29624572396278381    0.95510184764862061,0.60826408863067627  1.0243766307830811 0.27794092893600464,-0.0042236917652189732  0.0010477580362930894    0.29624572396278381    0.95510184764862061
1715016727.6488237,0.60818272829055786  1.0252872705459595 0.27805069088935852,-0.0041784890927374363  0.0010948663111776114    0.29578119516372681     0.9552459716796875,0.60818272829055786  1.0252872705459595 0.27805069088935852,-0.0041784890927374363  0.0010948663111776114    0.29578119516372681     0.9552459716796875
1715016727.6538243,0.60788893699645996  1.0272406339645386 0.27810803055763245,-0.0037489528767764568   0.001735716825351119     0.2944265604019165    0.95566517114639282,0.60788893699645996  1.0272406339645386 0.27810803055763245,-0.0037489528767764568   0.001735716825351119     0.2944265604019165    0.95566517114639282
1715016727.6588244,0.60754615068435669   1.029177188873291 0.27805590629577637,-0.0040573072619736195  0.0013537505874410272     0.2937018871307373    0.95588749647140503,0.60754615068435669   1.029177188873291 0.27805590629577637,-0.0040573072619736195  0.0013537505874410272     0.2937018871307373    0.95588749647140503
1715016727.6638067,0.60727047920227051  1.0310102701187134  0.2781451940536499,-0.003655158681795001 0.0016530875582247972   0.29243671894073486   0.95627647638320923,0.60727047920227051  1.0310102701187134  0.2781451940536499,-0.003655158681795001 0.0016530875582247972   0.29243671894073486   0.95627647638320923
1715016727.6688447,0.60700803995132446  1.0327273607254028 0.27808341383934021,-0.0039411578327417374  0.0011449601734057069    0.29154586791992188    0.95654803514480591,0.60700803995132446  1.0327273607254028 0.27808341383934021,-0.0039411578327417374  0.0011449601734057069    0.29154586791992188    0.95654803514480591
1715016727.6738453,0.60677230358123779  1.0337604284286499 0.27772629261016846,-0.0044181868433952332  0.0010263343574479222    0.29103139042854309    0.95670276880264282,0.60677230358123779  1.0337604284286499 0.27772629261016846,-0.0044181868433952332  0.0010263343574479222    0.29103139042854309    0.95670276880264282
1715016727.6788449,0.60650765895843506  1.0354077816009521 0.27780520915985107,-0.0041990680620074272  0.0011560675920918584    0.29022702574729919      0.956947922706604,0.60650765895843506  1.0354077816009521 0.27780520915985107,-0.0041990680620074272  0.0011560675920918584    0.29022702574729919      0.956947922706604
1715016727.683846,0.60629165172576904  1.0370217561721802  0.2777521014213562,-0.0039629298262298107   0.001534378039650619    0.28928548097610474    0.95723342895507812,0.60629165172576904  1.0370217561721802  0.2777521014213562,-0.0039629298262298107   0.001534378039650619    0.28928548097610474    0.95723342895507812
1715016727.6888094,  0.605998694896698  1.0386285781860352 0.27776482701301575,-0.0039101936854422092  0.0011053666239604354    0.28837624192237854    0.95750856399536133,  0.605998694896698  1.0386285781860352 0.27776482701301575,-0.0039101936854422092  0.0011053666239604354    0.28837624192237854    0.95750856399536133
1715016727.6938446,0.60574138164520264  1.0402014255523682 0.27774921059608459,-0.0043202382512390614  0.0010517789050936699    0.28761455416679382    0.95773589611053467,0.60574138164520264  1.0402014255523682 0.27774921059608459,-0.0043202382512390614  0.0010517789050936699    0.28761455416679382    0.95773589611053467
1715016727.6988516,0.60557591915130615  1.0408949851989746 0.27779644727706909,-0.0041777961887419224  0.0011309833498671651    0.28724715113639832    0.95784670114517212,0.60557591915130615  1.0408949851989746 0.27779644727706909,-0.0041777961887419224  0.0011309833498671651    0.28724715113639832    0.95784670114517212
1715016727.703851,0.60538458824157715  1.0423668622970581 0.27768924832344055,-0.0042017330415546894 0.00098155532032251358    0.28616547584533691    0.95817047357559204,0.60538458824157715  1.0423668622970581 0.27768924832344055,-0.0042017330415546894 0.00098155532032251358    0.28616547584533691    0.95817047357559204
1715016727.7088459,0.60506898164749146  1.0436843633651733 0.27775615453720093,-0.0040262783877551556  0.0013453606516122818    0.28501808643341064    0.95851272344589233,0.60506898164749146  1.0436843633651733 0.27775615453720093,-0.0040262783877551556  0.0013453606516122818    0.28501808643341064    0.95851272344589233
1715016727.7138202,0.60482078790664673  1.0450782775878906 0.27780893445014954,-0.0040586409159004688  0.0010572584578767419    0.28425908088684082    0.95873832702636719,0.60482078790664673  1.0450782775878906 0.27780893445014954,-0.0040586409159004688  0.0010572584578767419    0.28425908088684082    0.95873832702636719
1715016727.7188241,0.60456877946853638  1.0463435649871826 0.27776297926902771,-0.0042169173248112202  0.0012721046805381775    0.28348448872566223    0.95896673202514648,0.60456877946853638  1.0463435649871826 0.27776297926902771,-0.0042169173248112202  0.0012721046805381775    0.28348448872566223    0.95896673202514648
1715016727.7238238,0.60449779033660889  1.0469653606414795 0.27777329087257385,-0.0044737933203577995  0.0011562336003407836    0.28317356109619141    0.95905756950378418,0.60449779033660889  1.0469653606414795 0.27777329087257385,-0.0044737933203577995  0.0011562336003407836    0.28317356109619141    0.95905756950378418
1715016727.7288249,0.60429346561431885  1.0481568574905396 0.27778908610343933,-0.0041682859882712364  0.0010140484664589167    0.28218987584114075    0.95934897661209106,0.60429346561431885  1.0481568574905396 0.27778908610343933,-0.0041682859882712364  0.0010140484664589167    0.28218987584114075    0.95934897661209106
1715016727.73382, 0.6040503978729248  1.0493125915527344 0.27772438526153564, -0.004276979248970747 0.00086354900849983096    0.28143751621246338    0.95956963300704956, 0.6040503978729248  1.0493125915527344 0.27772438526153564, -0.004276979248970747 0.00086354900849983096    0.28143751621246338    0.95956963300704956
1715016727.7388206,0.60393607616424561  1.0503394603729248 0.27808085083961487,-0.0038329458329826593  0.0015028137713670731      0.280548095703125     0.9598311185836792,0.60393607616424561  1.0503394603729248 0.27808085083961487,-0.0038329458329826593  0.0015028137713670731      0.280548095703125     0.9598311185836792
1715016727.7438505,0.60371381044387817   1.051307201385498 0.27806034684181213,-0.0039146039634943008  0.0013118244241923094    0.27988624572753906    0.96002429723739624,0.60371381044387817   1.051307201385498 0.27806034684181213,-0.0039146039634943008  0.0013118244241923094    0.27988624572753906    0.96002429723739624
1715016727.7488239,0.60357290506362915  1.0519368648529053 0.27763164043426514,-0.0042082411237061024  0.0012758345110341907    0.27947866916656494    0.96014183759689331,0.60357290506362915  1.0519368648529053 0.27763164043426514,-0.0042082411237061024  0.0012758345110341907    0.27947866916656494    0.96014183759689331
1715016727.7538204,0.60337370634078979  1.0529303550720215 0.27764269709587097,-0.004075921606272459 0.0011056613875553012   0.27853065729141235   0.96041804552078247,0.60337370634078979  1.0529303550720215 0.27764269709587097,-0.004075921606272459 0.0011056613875553012   0.27853065729141235   0.96041804552078247
1715016727.7588212,0.60326617956161499  1.0537488460540771  0.2780170738697052,-0.0038197019603103399  0.0012999036116525531    0.27761971950531006    0.96068257093429565,0.60326617956161499  1.0537488460540771  0.2780170738697052,-0.0038197019603103399  0.0012999036116525531    0.27761971950531006    0.96068257093429565
1715016727.7638202, 0.6030738353729248    1.05463707447052 0.27791446447372437,-0.0039253011345863342  0.0010003213537856936    0.27702581882476807     0.9608539342880249, 0.6030738353729248    1.05463707447052 0.27791446447372437,-0.0039253011345863342  0.0010003213537856936    0.27702581882476807     0.9608539342880249
1715016727.7688541,0.60291004180908203   1.055489182472229 0.27786847949028015,-0.0039030704647302628  0.0010175714269280434    0.27662670612335205    0.96096897125244141,0.60291004180908203   1.055489182472229 0.27786847949028015,-0.0039030704647302628  0.0010175714269280434    0.27662670612335205    0.96096897125244141
1715016727.7738211,0.60273933410644531  1.0559415817260742 0.27788937091827393,-0.0037089202087372541  0.0014163971645757556    0.27612808346748352    0.96111267805099487,0.60273933410644531  1.0559415817260742 0.27788937091827393,-0.0037089202087372541  0.0014163971645757556    0.27612808346748352    0.96111267805099487
1715016727.7788217,0.60265469551086426  1.0567588806152344 0.27783307433128357,-0.0039187087677419186   0.001085688010789454    0.27519959211349487    0.96137851476669312,0.60265469551086426  1.0567588806152344 0.27783307433128357,-0.0039187087677419186   0.001085688010789454    0.27519959211349487    0.96137851476669312
1715016727.7838216,0.60248124599456787  1.0575041770935059 0.27786630392074585,-0.004015826154500246 0.0011814034078270197   0.27453067898750305   0.96156924962997437,0.60248124599456787  1.0575041770935059 0.27786630392074585,-0.004015826154500246 0.0011814034078270197   0.27453067898750305   0.96156924962997437
1715016727.7888207,0.60228866338729858  1.0583019256591797  0.2778698205947876,-0.0039917072281241417 0.00064796337392181158    0.27409970760345459    0.96169275045394897,0.60228866338729858  1.0583019256591797  0.2778698205947876,-0.0039917072281241417 0.00064796337392181158    0.27409970760345459    0.96169275045394897
1715016727.7938223,0.60214483737945557  1.0589724779129028 0.27790084481239319,-0.0039198203012347221  0.0012131435796618462     0.2733825147151947    0.96189665794372559,0.60214483737945557  1.0589724779129028 0.27790084481239319,-0.0039198203012347221  0.0012131435796618462     0.2733825147151947    0.96189665794372559
1715016727.7988462,0.60206103324890137  1.0593113899230957  0.2778702974319458,-0.0038392138667404652  0.0011524822330102324    0.27295228838920593    0.96201920509338379,0.60206103324890137  1.0593113899230957  0.2778702974319458,-0.0038392138667404652  0.0011524822330102324    0.27295228838920593    0.96201920509338379
1715016727.8038208,0.60190010070800781  1.0599783658981323 0.27756276726722717,-0.0042029684409499168  0.0010724131716415286    0.27215021848678589    0.96224498748779297,0.60190010070800781  1.0599783658981323 0.27756276726722717,-0.0042029684409499168  0.0010724131716415286    0.27215021848678589    0.96224498748779297
1715016727.8088229,0.60176855325698853  1.0604627132415771 0.27747252583503723, -0.004325350746512413 0.00067818572279065847    0.27169027924537659    0.96237480640411377,0.60176855325698853  1.0604627132415771 0.27747252583503723, -0.004325350746512413 0.00067818572279065847    0.27169027924537659    0.96237480640411377
1715016727.8138216,0.60160738229751587  1.0609942674636841 0.27756494283676147,-0.0039988872595131397  0.0010385756613686681    0.27114039659500122    0.96253097057342529,0.60160738229751587  1.0609942674636841 0.27756494283676147,-0.0039988872595131397  0.0010385756613686681    0.27114039659500122    0.96253097057342529
1715016727.8188236,0.60148501396179199  1.0614769458770752 0.27748614549636841,-0.0040602074004709721 0.00095432507805526257    0.27039262652397156    0.96274107694625854,0.60148501396179199  1.0614769458770752 0.27748614549636841,-0.0040602074004709721 0.00095432507805526257    0.27039262652397156    0.96274107694625854
1715016727.8238394,0.60145854949951172  1.0617320537567139  0.2774970531463623,-0.0038406397216022015 0.00079801346873864532    0.27026471495628357    0.96277809143066406,0.60145854949951172  1.0617320537567139  0.2774970531463623,-0.0038406397216022015 0.00079801346873864532    0.27026471495628357    0.96277809143066406
1715016727.8288529,0.60131072998046875  1.0621330738067627 0.27754190564155579,-0.0037305161822587252  0.0011654917616397142    0.26964652538299561     0.9629514217376709,0.60131072998046875  1.0621330738067627 0.27754190564155579,-0.0037305161822587252  0.0011654917616397142    0.26964652538299561     0.9629514217376709
1715016727.8338211,0.60183417797088623  1.0620641708374023 0.27756661176681519,-0.0038455873727798462  0.0013860543258488178    0.26890656352043152    0.96315759420394897,0.60183417797088623  1.0620641708374023 0.27756661176681519,-0.0038455873727798462  0.0013860543258488178    0.26890656352043152    0.96315759420394897
1715016727.8388553,0.60118478536605835  1.0627319812774658 0.27743929624557495,-0.0040512946434319019  0.0012843261938542128    0.26878407597541809    0.96319109201431274,0.60118478536605835  1.0627319812774658 0.27743929624557495,-0.0040512946434319019  0.0012843261938542128    0.26878407597541809    0.96319109201431274
1715016727.8438504,0.60115730762481689  1.0629208087921143 0.27749830484390259,-0.0039473753422498703  0.0016471164999529719    0.26833376288414001    0.96331650018692017,0.60115730762481689  1.0629208087921143 0.27749830484390259,-0.0039473753422498703  0.0016471164999529719    0.26833376288414001    0.96331650018692017
1715016727.8488545,0.60111194849014282  1.0631390810012817 0.27743890881538391,-0.0039864941500127316  0.0014981158310547471    0.26768290996551514    0.96349763870239258,0.60111194849014282  1.0631390810012817 0.27743890881538391,-0.0039864941500127316  0.0014981158310547471    0.26768290996551514    0.96349763870239258
1715016727.8538213,0.60104411840438843  1.0632448196411133 0.27733775973320007,-0.0041451295837759972  0.0010563075775280595    0.26734247803688049    0.96359211206436157,0.60104411840438843  1.0632448196411133 0.27733775973320007,-0.0041451295837759972  0.0010563075775280595    0.26734247803688049    0.96359211206436157
1715016727.8588207,0.60094332695007324  1.0633667707443237 0.27733629941940308,-0.004161494318395853 0.0009716115309856832   0.26677995920181274   0.96374797821044922,0.60094332695007324  1.0633667707443237 0.27733629941940308,-0.004161494318395853 0.0009716115309856832   0.26677995920181274   0.96374797821044922
1715016727.8638008, 0.6009177565574646  1.0634019374847412 0.27738434076309204,-0.004096123855561018 0.0010111407609656453   0.26645922660827637   0.96383696794509888, 0.6009177565574646  1.0634019374847412 0.27738434076309204,-0.004096123855561018 0.0010111407609656453   0.26645922660827637   0.96383696794509888
1715016727.8688462,0.60081470012664795   1.063457727432251 0.27731522917747498,-0.0040998077020049095   0.001082084490917623     0.2661348283290863    0.96392649412155151,0.60081470012664795   1.063457727432251 0.27731522917747498,-0.0040998077020049095   0.001082084490917623     0.2661348283290863    0.96392649412155151
1715016727.8738434,0.60081976652145386  1.0634706020355225 0.27727657556533813,-0.0041899699717760086  0.0010511808795854449     0.2661186158657074    0.96393060684204102,0.60081976652145386  1.0634706020355225 0.27727657556533813,-0.0041899699717760086  0.0010511808795854449     0.2661186158657074    0.96393060684204102
1715016727.8788199,0.60081386566162109  1.0634945631027222 0.27735054492950439,-0.0040740044787526131 0.00096805358771234751    0.26605838537216187     0.9639478325843811,0.60081386566162109  1.0634945631027222 0.27735054492950439,-0.0040740044787526131 0.00096805358771234751    0.26605838537216187     0.9639478325843811
1715016727.8838475,0.60082036256790161  1.0634763240814209    0.27733114361763,-0.0040823123417794704 0.00098573556169867516    0.26605880260467529    0.96394765377044678,0.60082036256790161  1.0634763240814209    0.27733114361763,-0.0040823123417794704 0.00098573556169867516    0.26605880260467529    0.96394765377044678
1715016727.8888202, 0.6008303165435791  1.0634700059890747 0.27734741568565369,-0.0040367455221712589  0.0010147640714421868    0.26603907346725464    0.96395325660705566, 0.6008303165435791  1.0634700059890747 0.27734741568565369,-0.0040367455221712589  0.0010147640714421868    0.26603907346725464    0.96395325660705566
1715016727.8938212,0.60082519054412842  1.0634794235229492 0.27729740738868713,-0.004005019087344408 0.0010594585910439491   0.26601406931877136   0.96396023035049438,0.60082519054412842  1.0634794235229492 0.27729740738868713,-0.004005019087344408 0.0010594585910439491   0.26601406931877136   0.96396023035049438
1715016727.8988209,0.60083365440368652  1.0633939504623413 0.27765455842018127,-0.0039892117492854595 0.00092733639758080244    0.26602339744567871    0.96395784616470337,0.60083365440368652  1.0633939504623413 0.27765455842018127,-0.0039892117492854595 0.00092733639758080244    0.26602339744567871    0.96395784616470337
1715016727.90382,0.60083752870559692  1.0634026527404785 0.27756175398826599,-0.0039082108996808529  0.0010269791819155216    0.26603823900222778    0.96395403146743774,0.60083752870559692  1.0634026527404785 0.27756175398826599,-0.0039082108996808529  0.0010269791819155216    0.26603823900222778    0.96395403146743774
1715016727.9088483, 0.6007997989654541    1.06343674659729 0.27761974930763245,-0.0039146402850747108  0.0010109875584021211     0.2660401463508606    0.96395349502563477, 0.6007997989654541    1.06343674659729 0.27761974930763245,-0.0039146402850747108  0.0010109875584021211     0.2660401463508606    0.96395349502563477
1715016727.9138494,0.60085368156433105  1.0634294748306274 0.27763035893440247,-0.0038784388452768326  0.0010485006496310234    0.26599529385566711    0.96396595239639282,0.60085368156433105  1.0634294748306274 0.27763035893440247,-0.0038784388452768326  0.0010485006496310234    0.26599529385566711    0.96396595239639282
1715016727.9188366,0.60069459676742554  1.0635538101196289 0.27737569808959961,-0.0041545340791344643 0.00088755181059241295    0.26605510711669922    0.96394848823547363,0.60069459676742554  1.0635538101196289 0.27737569808959961,-0.0041545340791344643 0.00088755181059241295    0.26605510711669922    0.96394848823547363
1715016727.9238212,0.60099333524703979  1.0634254217147827 0.27729243040084839,-0.0039755189791321754  0.0011666978243738413    0.26599311828613281     0.9639660120010376,0.60099333524703979  1.0634254217147827 0.27729243040084839,-0.0039755189791321754  0.0011666978243738413    0.26599311828613281     0.9639660120010376
1715016727.9288204,    0.6009521484375  1.0634981393814087 0.27696424722671509,-0.0041861971840262413  0.0010984011460095644    0.26592209935188293    0.96398478746414185,    0.6009521484375  1.0634981393814087 0.27696424722671509,-0.0041861971840262413  0.0010984011460095644    0.26592209935188293    0.96398478746414185
1715016727.9338202,0.60098564624786377  1.0634920597076416 0.27696976065635681,-0.004176650196313858 0.0011140790302306414   0.26591372489929199   0.96398711204528809,0.60098564624786377  1.0634920597076416 0.27696976065635681,-0.004176650196313858 0.0011140790302306414   0.26591372489929199   0.96398711204528809
1715016727.9388452, 0.6009601354598999  1.0634641647338867 0.27727049589157104,-0.0039757839404046535  0.0011643462348729372    0.26600626111030579     0.9639623761177063, 0.6009601354598999  1.0634641647338867 0.27727049589157104,-0.0039757839404046535  0.0011643462348729372    0.26600626111030579     0.9639623761177063
1715016727.943845, 0.6009247899055481  1.0634865760803223 0.27692222595214844,-0.0041811536066234112  0.0011391515145078301    0.26593863964080811    0.96398019790649414, 0.6009247899055481  1.0634865760803223 0.27692222595214844,-0.0041811536066234112  0.0011391515145078301    0.26593863964080811    0.96398019790649414
1715016727.9488204,0.60094457864761353  1.0634796619415283 0.27695924043655396,-0.0040702139958739281  0.0012076363200321794    0.26590925455093384    0.96398872137069702,0.60094457864761353  1.0634796619415283 0.27695924043655396,-0.0040702139958739281  0.0012076363200321794    0.26590925455093384    0.96398872137069702
1715016727.9538202,0.60092854499816895   1.063454270362854 0.27700698375701904,-0.0040484839119017124  0.0012299813097342849    0.26595187187194824    0.96397703886032104,0.60092854499816895   1.063454270362854 0.27700698375701904,-0.0040484839119017124  0.0012299813097342849    0.26595187187194824    0.96397703886032104
1715016727.9588194,0.60094577074050903  1.0634444952011108 0.27698251605033875,-0.0040399297140538692  0.0012283737305551767    0.26589104533195496    0.96399384737014771,0.60094577074050903  1.0634444952011108 0.27698251605033875,-0.0040399297140538692  0.0012283737305551767    0.26589104533195496    0.96399384737014771
1715016727.9638484,0.60093069076538086  1.0634298324584961 0.27700778841972351,-0.0040234625339508057   0.001225497224368155    0.26586955785751343    0.96399980783462524,0.60093069076538086  1.0634298324584961 0.27700778841972351,-0.0040234625339508057   0.001225497224368155    0.26586955785751343    0.96399980783462524
1715016727.9688208, 0.6009412407875061  1.0634335279464722 0.27697181701660156,-0.0040367841720581055  0.0012411121279001236    0.26584026217460632    0.96400785446166992, 0.6009412407875061  1.0634335279464722 0.27697181701660156,-0.0040367841720581055  0.0012411121279001236    0.26584026217460632    0.96400785446166992
1715016727.9738207,  0.600899338722229  1.0634393692016602 0.27703604102134705,-0.0040237712673842907   0.001215290161781013    0.26592612266540527    0.96398425102233887,  0.600899338722229  1.0634393692016602 0.27703604102134705,-0.0040237712673842907   0.001215290161781013    0.26592612266540527    0.96398425102233887
1715016727.9788203,0.60092842578887939  1.0634335279464722 0.27706393599510193,-0.004034409299492836 0.0012115290155634284     0.265830397605896   0.96401059627532959,0.60092842578887939  1.0634335279464722 0.27706393599510193,-0.004034409299492836 0.0012115290155634284     0.265830397605896   0.96401059627532959
1715016727.9838212,0.60092043876647949  1.0634510517120361 0.27703127264976501,-0.0040483912453055382  0.0011981673305854201    0.26592952013015747    0.96398323774337769,0.60092043876647949  1.0634510517120361 0.27703127264976501,-0.0040483912453055382  0.0011981673305854201    0.26592952013015747    0.96398323774337769
1715016727.9888196,0.60096061229705811   1.063435435295105 0.27702730894088745,-0.0040826951153576374  0.0011692034313455224    0.26586347818374634     0.9640013575553894,0.60096061229705811   1.063435435295105 0.27702730894088745,-0.0040826951153576374  0.0011692034313455224    0.26586347818374634     0.9640013575553894
1715016727.9938214,0.60097253322601318  1.0634254217147827 0.27706104516983032,-0.0040646861307322979  0.0011473721824586391    0.26589745283126831    0.96399205923080444,0.60097253322601318  1.0634254217147827 0.27706104516983032,-0.0040646861307322979  0.0011473721824586391    0.26589745283126831    0.96399205923080444
1715016727.9988208,0.60092723369598389  1.0634611845016479  0.2769286036491394,-0.0040786159224808216  0.0012558921007439494    0.26588264107704163    0.96399593353271484,0.60092723369598389  1.0634611845016479  0.2769286036491394,-0.0040786159224808216  0.0012558921007439494    0.26588264107704163    0.96399593353271484
1715016728.0038202,0.60098099708557129   1.063422679901123 0.27699941396713257,-0.0040503600612282753  0.0012473647948354483    0.26584044098854065    0.96400773525238037,0.60098099708557129   1.063422679901123 0.27699941396713257,-0.0040503600612282753  0.0012473647948354483    0.26584044098854065    0.96400773525238037
1715016728.0088191,0.60098165273666382  1.0634170770645142 0.27698856592178345,-0.0040566246025264263  0.0012544646160677075     0.2658349871635437    0.96400922536849976,0.60098165273666382  1.0634170770645142 0.27698856592178345,-0.0040566246025264263  0.0012544646160677075     0.2658349871635437    0.96400922536849976
1715016728.0138199,0.60101395845413208  1.0634375810623169 0.27702948451042175,-0.003999282605946064 0.0012010006466880441   0.26593905687332153   0.96398079395294189,0.60101395845413208  1.0634375810623169 0.27702948451042175,-0.003999282605946064 0.0012010006466880441   0.26593905687332153   0.96398079395294189
1715016728.0188215,0.60095375776290894  1.0634714365005493 0.27697804570198059,-0.0040926961228251457  0.0012624717783182859    0.26597407460212708    0.96397066116333008,0.60095375776290894  1.0634714365005493 0.27697804570198059,-0.0040926961228251457  0.0012624717783182859    0.26597407460212708    0.96397066116333008
1715016728.0238197,0.60096192359924316  1.0634394884109497 0.27700075507164001,-0.004038272425532341 0.0012163905194029212   0.26589438319206238   0.96399295330047607,0.60096192359924316  1.0634394884109497 0.27700075507164001,-0.004038272425532341 0.0012163905194029212   0.26589438319206238   0.96399295330047607
1715016728.0288444,0.60101473331451416   1.063443660736084 0.27697911858558655,-0.0041265534237027168  0.0011910853208974004    0.26596307754516602    0.96397364139556885,0.60101473331451416   1.063443660736084 0.27697911858558655,-0.0041265534237027168  0.0011910853208974004    0.26596307754516602    0.96397364139556885
1715016728.033778,0.60100167989730835  1.0634732246398926 0.27697587013244629,-0.0040462086908519268  0.0012005894677713513    0.26591077446937561    0.96398842334747314,0.60100167989730835  1.0634732246398926 0.27697587013244629,-0.0040462086908519268  0.0012005894677713513    0.26591077446937561    0.96398842334747314
1715016728.0388453,0.60081028938293457  1.0634646415710449  0.2772667407989502,-0.0040362435393035412  0.0010190008906647563    0.26600226759910583    0.96396338939666748,0.60081028938293457  1.0634646415710449  0.2772667407989502,-0.0040362435393035412  0.0010190008906647563    0.26600226759910583    0.96396338939666748
1715016728.0438209,0.60084760189056396  1.0634125471115112 0.27757996320724487,-0.0038904196117073298  0.0010288748890161514    0.26604583859443665    0.96395200490951538,0.60084760189056396  1.0634125471115112 0.27757996320724487,-0.0038904196117073298  0.0010288748890161514    0.26604583859443665    0.96395200490951538
1715016728.0488701,0.60080605745315552  1.0634691715240479 0.27726387977600098, -0.00405455706641078 0.0010215374641120434    0.2659974992275238   0.96396464109420776,0.60080605745315552  1.0634691715240479 0.27726387977600098, -0.00405455706641078 0.0010215374641120434    0.2659974992275238   0.96396464109420776
1715016728.0538204,0.60075390338897705   1.063489556312561 0.27723404765129089,-0.0041204988956451416  0.0010582490358501673    0.26601070165634155    0.96396070718765259,0.60075390338897705   1.063489556312561 0.27723404765129089,-0.0041204988956451416  0.0010582490358501673    0.26601070165634155    0.96396070718765259
1715016728.0588198,0.60085892677307129  1.0633928775787354 0.27763164043426514,-0.0037968819960951805  0.0010745308827608824    0.26600417494773865    0.96396380662918091,0.60085892677307129  1.0633928775787354 0.27763164043426514,-0.0037968819960951805  0.0010745308827608824    0.26600417494773865    0.96396380662918091
1715016728.0638204,0.60087186098098755  1.0633862018585205 0.27765503525733948,-0.0038202637806534767 0.00098491378594189882    0.26601803302764893    0.96395999193191528,0.60087186098098755  1.0633862018585205 0.27765503525733948,-0.0038202637806534767 0.00098491378594189882    0.26601803302764893    0.96395999193191528
1715016728.0688207,0.60083538293838501   1.063409686088562 0.27763691544532776,-0.0038360736798495054  0.0010040963534265757    0.26602855324745178    0.96395701169967651,0.60083538293838501   1.063409686088562 0.27763691544532776,-0.0038360736798495054  0.0010040963534265757    0.26602855324745178    0.96395701169967651
1715016728.0738208,0.60078912973403931  1.0634686946868896 0.27727234363555908,-0.0039870403707027435  0.0011143502779304981     0.2660260796546936    0.96395695209503174,0.60078912973403931  1.0634686946868896 0.27727234363555908,-0.0039870403707027435  0.0011143502779304981     0.2660260796546936    0.96395695209503174
1715016728.0788202,0.60084444284439087  1.0634003877639771 0.27764356136322021,-0.0037621010560542345  0.0011256532743573189      0.266002357006073    0.96396440267562866,0.60084444284439087  1.0634003877639771 0.27764356136322021,-0.0037621010560542345  0.0011256532743573189      0.266002357006073    0.96396440267562866
1715016728.0838192,0.60079687833786011  1.0634570121765137 0.27730169892311096,-0.0039794361218810081  0.0010709728812798858    0.26604938507080078    0.96395057439804077,0.60079687833786011  1.0634570121765137 0.27730169892311096,-0.0039794361218810081  0.0010709728812798858    0.26604938507080078    0.96395057439804077
1715016728.0888197,0.60077208280563354  1.0634257793426514 0.27728116512298584,-0.0041027464903891087  0.0011254595592617989    0.26596644520759583    0.96397292613983154,0.60077208280563354  1.0634257793426514 0.27728116512298584,-0.0041027464903891087  0.0011254595592617989    0.26596644520759583    0.96397292613983154
1715016728.0938201,0.60085183382034302    1.06342613697052 0.27727463841438293,-0.0039693359285593033  0.0010931054130196571    0.26601114869117737    0.96396118402481079,0.60085183382034302    1.06342613697052 0.27727463841438293,-0.0039693359285593033  0.0010931054130196571    0.26601114869117737    0.96396118402481079
1715016728.0988529,0.60079163312911987  1.0634313821792603 0.27730602025985718,-0.0040430286899209023  0.0010127233108505607    0.26596269011497498    0.96397429704666138,0.60079163312911987  1.0634313821792603 0.27730602025985718,-0.0040430286899209023  0.0010127233108505607    0.26596269011497498    0.96397429704666138
1715016728.1038496,0.60078948736190796  1.0634046792984009 0.27735814452171326,-0.0039772219024598598  0.0010999062797054648    0.26590356230735779    0.96399080753326416,0.60078948736190796  1.0634046792984009 0.27735814452171326,-0.0039772219024598598  0.0010999062797054648    0.26590356230735779    0.96399080753326416
1715016728.1088216, 0.6008141040802002  1.0634045600891113 0.27730250358581543,-0.0039538615383207798  0.0011548843467608094    0.26589840650558472    0.96399223804473877, 0.6008141040802002  1.0634045600891113 0.27730250358581543,-0.0039538615383207798  0.0011548843467608094    0.26589840650558472    0.96399223804473877
1715016728.1138449,0.60086888074874878  1.0633692741394043 0.27734830975532532,-0.0039484687149524689  0.0011068970197811723    0.26591971516609192    0.96398645639419556,0.60086888074874878  1.0633692741394043 0.27734830975532532,-0.0039484687149524689  0.0011068970197811723    0.26591971516609192    0.96398645639419556
1715016728.1188204,0.60080301761627197  1.0633885860443115 0.27734836935997009,-0.0040062181651592255   0.001119549386203289    0.26589670777320862    0.96399253606796265,0.60080301761627197  1.0633885860443115 0.27734836935997009,-0.0040062181651592255   0.001119549386203289    0.26589670777320862    0.96399253606796265
1715016728.1238203,0.60080915689468384  1.0633918046951294 0.27735954523086548,-0.0039402307011187077  0.0010788048384711146    0.26586991548538208    0.96400028467178345,0.60080915689468384  1.0633918046951294 0.27735954523086548,-0.0039402307011187077  0.0010788048384711146    0.26586991548538208    0.96400028467178345
1715016728.128854,0.60080337524414062  1.0634164810180664 0.27727127075195312,-0.0039683440700173378  0.0011558138066902757    0.26589959859848022    0.96399188041687012,0.60080337524414062  1.0634164810180664 0.27727127075195312,-0.0039683440700173378  0.0011558138066902757    0.26589959859848022    0.96399188041687012
1715016728.1338441,0.60080230236053467  1.0634002685546875 0.27734208106994629,-0.0039188764058053493  0.0011169664794579148    0.26594430208206177    0.96397978067398071,0.60080230236053467  1.0634002685546875 0.27734208106994629,-0.0039188764058053493  0.0011169664794579148    0.26594430208206177    0.96397978067398071
1715016728.1388223,0.60075467824935913  1.0634485483169556 0.27729621529579163,-0.0039589153602719307  0.0011534398654475808    0.26596993207931519    0.96397250890731812,0.60075467824935913  1.0634485483169556 0.27729621529579163,-0.0039589153602719307  0.0011534398654475808    0.26596993207931519    0.96397250890731812
1715016728.1438274,0.60075724124908447  1.0634263753890991 0.27738100290298462,-0.0039814477786421776  0.0010305215837433934    0.26597917079925537    0.96397000551223755,0.60075724124908447  1.0634263753890991 0.27738100290298462,-0.0039814477786421776  0.0010305215837433934    0.26597917079925537    0.96397000551223755
1715016728.1488543, 0.6007806658744812  1.0634407997131348 0.27729162573814392,-0.0039466219022870064  0.0011350640561431646    0.26595383882522583    0.96397703886032104, 0.6007806658744812  1.0634407997131348 0.27729162573814392,-0.0039466219022870064  0.0011350640561431646    0.26595383882522583    0.96397703886032104
1715016728.1538236,0.60071885585784912  1.0634887218475342 0.27734467387199402,-0.0039516338147222996  0.0010795051930472255    0.26606762409210205    0.96394568681716919,0.60071885585784912  1.0634887218475342 0.27734467387199402,-0.0039516338147222996  0.0010795051930472255    0.26606762409210205    0.96394568681716919
1715016728.1588271,0.60082262754440308  1.0633658170700073 0.27765622735023499,-0.0037422776222229004  0.0011622871970757842    0.26591074466705322    0.96398967504501343,0.60082262754440308  1.0633658170700073 0.27765622735023499,-0.0037422776222229004  0.0011622871970757842    0.26591074466705322    0.96398967504501343
1715016728.1638262,0.60079550743103027  1.0634738206863403 0.27726408839225769,-0.0039504528976976871  0.0011018606601282954    0.26600900292396545    0.96396183967590332,0.60079550743103027  1.0634738206863403 0.27726408839225769,-0.0039504528976976871  0.0011018606601282954    0.26600900292396545    0.96396183967590332
1715016728.1800601, 0.6007729172706604   1.063494086265564 0.27725100517272949,-0.003993308637291193 0.0010993997566401958   0.26605793833732605   0.96394813060760498, 0.6007729172706604   1.063494086265564 0.27725100517272949,-0.003993308637291193 0.0010993997566401958   0.26605793833732605   0.96394813060760498
1715016728.1801841,0.60084748268127441  1.0634064674377441 0.27764385938644409,-0.0037720703985542059  0.0011387679260224104    0.26600384712219238    0.96396392583847046,0.60084748268127441  1.0634064674377441 0.27764385938644409,-0.0037720703985542059  0.0011387679260224104    0.26600384712219238    0.96396392583847046
1715016728.185246,0.60084748268127441  1.0634064674377441 0.27764385938644409,-0.0037720703985542059  0.0011387679260224104    0.26600384712219238    0.96396392583847046,0.60084748268127441  1.0634064674377441 0.27764385938644409,-0.0037720703985542059  0.0011387679260224104    0.26600384712219238    0.96396392583847046
1715016728.1902122,0.60084205865859985  1.0634148120880127 0.27762222290039062,-0.0038527681026607752  0.0010022575734183192    0.26606050133705139    0.96394813060760498,0.60084205865859985  1.0634148120880127 0.27762222290039062,-0.0038527681026607752  0.0010022575734183192    0.26606050133705139    0.96394813060760498
1715016728.1952436,0.60079371929168701  1.0634671449661255 0.27728009223937988,-0.0040509430691599846  0.0010965403635054827    0.26600795984268188    0.96396172046661377,0.60079371929168701  1.0634671449661255 0.27728009223937988,-0.0040509430691599846  0.0010965403635054827    0.26600795984268188    0.96396172046661377
1715016728.2002411,0.60078799724578857  1.0634616613388062 0.27733960747718811,-0.0040491838008165359  0.0010668094037100673    0.26597866415977478    0.96396982669830322,0.60078799724578857  1.0634616613388062 0.27733960747718811,-0.0040491838008165359  0.0010668094037100673    0.26597866415977478    0.96396982669830322
1715016728.2052438,0.60073405504226685  1.0634979009628296 0.27729406952857971,-0.0040795258246362209  0.0010646767914295197    0.26603558659553528    0.96395397186279297,0.60073405504226685  1.0634979009628296 0.27729406952857971,-0.0040795258246362209  0.0010646767914295197    0.26603558659553528    0.96395397186279297
1715016728.2102439,0.60080224275588989  1.0634486675262451 0.27733704447746277,-0.0039799399673938751  0.0010304999304935336    0.26602032780647278    0.96395862102508545,0.60080224275588989  1.0634486675262451 0.27733704447746277,-0.0039799399673938751  0.0010304999304935336    0.26602032780647278    0.96395862102508545
1715016728.2152405, 0.6007767915725708  1.0634799003601074 0.27726703882217407,-0.003981707151979208 0.0010712641524150968   0.26606547832489014   0.96394616365432739, 0.6007767915725708  1.0634799003601074 0.27726703882217407,-0.003981707151979208 0.0010712641524150968   0.26606547832489014   0.96394616365432739
1715016728.2202406,0.60074400901794434  1.0634835958480835 0.27738139033317566,-0.0039450083859264851  0.0010078366613015532    0.26603174209594727    0.96395564079284668,0.60074400901794434  1.0634835958480835 0.27738139033317566,-0.0039450083859264851  0.0010078366613015532    0.26603174209594727    0.96395564079284668
1715016728.2252414, 0.6007952094078064  1.0634222030639648 0.27733820676803589,-0.0039540193974971771  0.0011174061801284552    0.26595592498779297    0.96397644281387329, 0.6007952094078064  1.0634222030639648 0.27733820676803589,-0.0039540193974971771  0.0011174061801284552    0.26595592498779297    0.96397644281387329
1715016728.2302413,0.60076743364334106  1.0634620189666748 0.27735093235969543,-0.0039665377698838711  0.0010123132960870862    0.26608166098594666    0.96394181251525879,0.60076743364334106  1.0634620189666748 0.27735093235969543,-0.0039665377698838711  0.0010123132960870862    0.26608166098594666    0.96394181251525879
1715016728.2352087,0.60079109668731689  1.0634373426437378 0.27733767032623291,-0.0039180503226816654  0.0010922303190454841     0.2660059928894043    0.96396279335021973,0.60079109668731689  1.0634373426437378 0.27733767032623291,-0.0039180503226816654  0.0010922303190454841     0.2660059928894043    0.96396279335021973
1715016728.2402408,0.60129892826080322  1.0630949735641479 0.27736511826515198,-0.0037629567086696625  0.0012521680910140276    0.26584121584892273    0.96400868892669678,0.60129892826080322  1.0630949735641479 0.27736511826515198,-0.0037629567086696625  0.0012521680910140276    0.26584121584892273    0.96400868892669678
1715016728.2452402,0.60078835487365723  1.0634211301803589 0.27735710144042969,-0.0039320047944784164  0.0011225823545828462    0.26592442393302917    0.96398520469665527,0.60078835487365723  1.0634211301803589 0.27735710144042969,-0.0039320047944784164  0.0011225823545828462    0.26592442393302917    0.96398520469665527
1715016728.2502558,0.60081964731216431   1.063399076461792 0.27734804153442383,-0.0039493301883339882  0.0011232976103201509    0.26594999432563782    0.96397805213928223,0.60081964731216431   1.063399076461792 0.27734804153442383,-0.0039493301883339882  0.0011232976103201509    0.26594999432563782    0.96397805213928223
1715016728.2552397,0.60075777769088745  1.0634224414825439 0.27734282612800598,-0.0039417389780282974  0.0011154253734275699    0.26593047380447388    0.96398347616195679,0.60075777769088745  1.0634224414825439 0.27734282612800598,-0.0039417389780282974  0.0011154253734275699    0.26593047380447388    0.96398347616195679
1715016728.2602408,0.60077095031738281  1.0634506940841675 0.27727505564689636,-0.0039476519450545311  0.0011518924729898572    0.26603919267654419    0.96395343542098999,0.60077095031738281  1.0634506940841675 0.27727505564689636,-0.0039476519450545311  0.0011518924729898572    0.26603919267654419    0.96395343542098999
1715016728.2652402, 0.6008027195930481  1.0634163618087769 0.27724218368530273,-0.0039597959257662296  0.0011503627756610513    0.26590508222579956    0.96399039030075073, 0.6008027195930481  1.0634163618087769 0.27724218368530273,-0.0039597959257662296  0.0011503627756610513    0.26590508222579956    0.96399039030075073
1715016728.2702405,0.60081535577774048   1.063402533531189 0.27735024690628052,-0.0039174919947981834  0.0011423852993175387    0.26595219969749451    0.96397757530212402,0.60081535577774048   1.063402533531189 0.27735024690628052,-0.0039174919947981834  0.0011423852993175387    0.26595219969749451    0.96397757530212402
1715016728.2752404,0.60083854198455811  1.0633822679519653 0.27732270956039429,-0.0039299279451370239  0.0011696118162944913    0.26587918400764465    0.96399766206741333,0.60083854198455811  1.0633822679519653 0.27732270956039429,-0.0039299279451370239  0.0011696118162944913    0.26587918400764465    0.96399766206741333
1715016728.2802408,0.60079652070999146  1.0634145736694336 0.27728539705276489,-0.0039503839798271656  0.0011461243266239762    0.26590028405189514    0.96399176120758057,0.60079652070999146  1.0634145736694336 0.27728539705276489,-0.0039503839798271656  0.0011461243266239762    0.26590028405189514    0.96399176120758057
1715016728.285243,0.60084313154220581  1.0634129047393799 0.27732059359550476,-0.0039170160889625549  0.0011077146045863628    0.26603198051452637     0.9639555811882019,0.60084313154220581  1.0634129047393799 0.27732059359550476,-0.0039170160889625549  0.0011077146045863628    0.26603198051452637     0.9639555811882019
1715016728.290242,0.60084772109985352   1.063431978225708 0.27726766467094421,-0.0039214631542563438  0.0011172520462423563    0.26604363322257996    0.96395236253738403,0.60084772109985352   1.063431978225708 0.27726766467094421,-0.0039214631542563438  0.0011172520462423563    0.26604363322257996    0.96395236253738403
1715016728.2952425,0.60085213184356689  1.0634235143661499 0.27726662158966064,-0.0039459927938878536   0.001110943965613842    0.26601716876029968    0.96395957469940186,0.60085213184356689  1.0634235143661499 0.27726662158966064,-0.0039459927938878536   0.001110943965613842    0.26601716876029968    0.96395957469940186
1715016728.3002424,0.60079973936080933  1.0634638071060181 0.27727514505386353,-0.0039305752143263817  0.0011082731653004885    0.26607087254524231    0.96394479274749756,0.60079973936080933  1.0634638071060181 0.27727514505386353,-0.0039305752143263817  0.0011082731653004885    0.26607087254524231    0.96394479274749756
1715016728.3052437,0.60077565908432007  1.0634691715240479 0.27732539176940918,-0.0039632753469049931  0.0010533510940149426    0.26604142785072327    0.96395283937454224,0.60077565908432007  1.0634691715240479 0.27732539176940918,-0.0039632753469049931  0.0010533510940149426    0.26604142785072327    0.96395283937454224
1715016728.3102696,0.60080128908157349  1.0634442567825317 0.27735498547554016,-0.0040474212728440762  0.0010786486091092229    0.26601547002792358    0.96395963430404663,0.60080128908157349  1.0634442567825317 0.27735498547554016,-0.0040474212728440762  0.0010786486091092229    0.26601547002792358    0.96395963430404663
1715016728.3152435,0.60077434778213501  1.0634534358978271 0.27731436491012573,-0.0040803682059049606  0.0010674130171537399    0.26606607437133789    0.96394556760787964,0.60077434778213501  1.0634534358978271 0.27731436491012573,-0.0040803682059049606  0.0010674130171537399    0.26606607437133789    0.96394556760787964
1715016728.3203249,0.60078543424606323  1.0634592771530151 0.27735832333564758,-0.0039425762370228767  0.0010229101171717048    0.26602405309677124    0.96395778656005859,0.60078543424606323  1.0634592771530151 0.27735832333564758,-0.0039425762370228767  0.0010229101171717048    0.26602405309677124    0.96395778656005859
1715016728.3252394,0.60080313682556152  1.0634276866912842 0.27764302492141724,-0.0038198374677449465 0.00099842424970120192     0.2660544216632843    0.96394991874694824,0.60080313682556152  1.0634276866912842 0.27764302492141724,-0.0038198374677449465 0.00099842424970120192     0.2660544216632843    0.96394991874694824
1715016728.3302412,0.60085296630859375  1.0633769035339355 0.27770870923995972,-0.0037116894964128733  0.0010930458083748817     0.2660028338432312    0.96396446228027344,0.60085296630859375  1.0633769035339355 0.27770870923995972,-0.0037116894964128733  0.0010930458083748817     0.2660028338432312    0.96396446228027344
1715016728.3352423,0.60075926780700684  1.0634702444076538 0.27737551927566528,-0.0039527039043605328 0.00099303806200623512    0.26606243848800659    0.96394717693328857,0.60075926780700684  1.0634702444076538 0.27737551927566528,-0.0039527039043605328 0.00099303806200623512    0.26606243848800659    0.96394717693328857
1715016728.3402433, 0.6008414626121521  1.0634100437164307 0.27765381336212158,-0.0037325993180274963  0.0010991074377670884    0.26599639654159546    0.96396619081497192, 0.6008414626121521  1.0634100437164307 0.27765381336212158,-0.0037325993180274963  0.0010991074377670884    0.26599639654159546    0.96396619081497192
1715016728.3452432, 0.6014481782913208  1.0629962682723999 0.27771982550621033,-0.0035781604237854481  0.0012231041910126805    0.26577514410018921    0.96402764320373535, 0.6014481782913208  1.0629962682723999 0.27771982550621033,-0.0035781604237854481  0.0012231041910126805    0.26577514410018921    0.96402764320373535
1715016728.3502424,0.60082870721817017  1.0634477138519287 0.27730643749237061,-0.0039671896956861019  0.0010899717453867197     0.2660115659236908    0.96396106481552124,0.60082870721817017  1.0634477138519287 0.27730643749237061,-0.0039671896956861019  0.0010899717453867197     0.2660115659236908    0.96396106481552124
1715016728.3552413,0.60084277391433716  1.0634127855300903 0.27730286121368408,-0.0039790389128029346  0.0011189522920176387    0.26588255167007446    0.96399658918380737,0.60084277391433716  1.0634127855300903 0.27730286121368408,-0.0039790389128029346  0.0011189522920176387    0.26588255167007446    0.96399658918380737
1715016728.3602054,0.60078895092010498  1.0634381771087646 0.27726802229881287,-0.0039779939688742161   0.001141022308729589    0.26594051718711853    0.96398055553436279,0.60078895092010498  1.0634381771087646 0.27726802229881287,-0.0039779939688742161   0.001141022308729589    0.26594051718711853    0.96398055553436279
1715016728.3652408,0.60079306364059448   1.063443660736084  0.2772631049156189,-0.0039864364080131054  0.0011281316401436925     0.2659304141998291    0.96398329734802246,0.60079306364059448   1.063443660736084  0.2772631049156189,-0.0039864364080131054  0.0011281316401436925     0.2659304141998291    0.96398329734802246
1715016728.3702414,  0.600821852684021  1.0634063482284546 0.27729514241218567,-0.0039442852139472961  0.0011526346206665039    0.26594674587249756    0.96397894620895386,  0.600821852684021  1.0634063482284546 0.27729514241218567,-0.0039442852139472961  0.0011526346206665039    0.26594674587249756    0.96397894620895386
1715016728.3752406,0.60087639093399048  1.0634130239486694 0.27728196978569031,-0.0039005805738270283  0.0011176599655300379    0.26600140333175659    0.96396410465240479,0.60087639093399048  1.0634130239486694 0.27728196978569031,-0.0039005805738270283  0.0011176599655300379    0.26600140333175659    0.96396410465240479
1715016728.3802407, 0.6007804274559021  1.0634045600891113 0.27731141448020935,-0.0039999424479901791  0.0011945116566494107    0.26592808961868286    0.96398383378982544, 0.6007804274559021  1.0634045600891113 0.27731141448020935,-0.0039999424479901791  0.0011945116566494107    0.26592808961868286    0.96398383378982544
1715016728.3852401,0.60079777240753174  1.0634098052978516 0.27727657556533813,-0.0039373422041535378  0.0011801673099398613    0.26591381430625916    0.96398806571960449,0.60079777240753174  1.0634098052978516 0.27727657556533813,-0.0039373422041535378  0.0011801673099398613    0.26591381430625916    0.96398806571960449
1715016728.3902407,0.60080450773239136  1.0633957386016846 0.27732819318771362,-0.0039366893470287323  0.0011268298840150237    0.26587772369384766    0.96399807929992676,0.60080450773239136  1.0633957386016846 0.27732819318771362,-0.0039366893470287323  0.0011268298840150237    0.26587772369384766    0.96399807929992676
1715016728.3952408,0.60081744194030762  1.0633834600448608 0.27731490135192871,-0.0039778961800038815  0.0011906548170372844    0.26588526368141174    0.96399575471878052,0.60081744194030762  1.0633834600448608 0.27731490135192871,-0.0039778961800038815  0.0011906548170372844    0.26588526368141174    0.96399575471878052
1715016728.4002421,0.60076677799224854  1.0633996725082397  0.2773718535900116,-0.0039179986342787743  0.0011152320075780153     0.2659391462802887    0.96398121118545532,0.60076677799224854  1.0633996725082397  0.2773718535900116,-0.0039179986342787743  0.0011152320075780153     0.2659391462802887    0.96398121118545532
1715016728.4052403,0.60077422857284546  1.0634109973907471 0.27736276388168335,-0.0039189611561596394  0.0011284030042588711    0.26599270105361938    0.96396642923355103,0.60077422857284546  1.0634109973907471 0.27736276388168335,-0.0039189611561596394  0.0011284030042588711    0.26599270105361938    0.96396642923355103
1715016728.4102407,0.60079687833786011    1.06339430809021 0.27733385562896729,-0.003922540694475174 0.0011284369975328445   0.26590609550476074   0.96399027109146118,0.60079687833786011    1.06339430809021 0.27733385562896729,-0.003922540694475174 0.0011284369975328445   0.26590609550476074   0.96399027109146118
1715016728.4152403, 0.6007617712020874  1.0634101629257202 0.27735134959220886,-0.0039025456644594669  0.0010967263951897621     0.2659415602684021    0.96398061513900757, 0.6007617712020874  1.0634101629257202 0.27735134959220886,-0.0039025456644594669  0.0010967263951897621     0.2659415602684021    0.96398061513900757
1715016728.4202399,0.60092443227767944  1.0634065866470337  0.2770247757434845,-0.0039727347902953625  0.0012142194900661707    0.26603546738624573    0.96395426988601685,0.60092443227767944  1.0634065866470337  0.2770247757434845,-0.0039727347902953625  0.0012142194900661707    0.26603546738624573    0.96395426988601685
1715016728.4252408,0.60089880228042603  1.0633919239044189  0.2770976722240448,-0.003976806066930294 0.0011927013983950019   0.26588296890258789   0.96399635076522827,0.60089880228042603  1.0633919239044189  0.2770976722240448,-0.003976806066930294 0.0011927013983950019   0.26588296890258789   0.96399635076522827
1715016728.4302404, 0.6008945107460022   1.063389778137207 0.27713057398796082,-0.0039750072173774242  0.0011813266901299357    0.26590016484260559    0.96399164199829102, 0.6008945107460022   1.063389778137207 0.27713057398796082,-0.0039750072173774242  0.0011813266901299357    0.26590016484260559    0.96399164199829102
1715016728.4352391,  0.600852370262146  1.0633909702301025 0.27719724178314209,-0.0039693303406238556  0.0011606848565861583     0.2659551203250885    0.96397656202316284,  0.600852370262146  1.0633909702301025 0.27719724178314209,-0.0039693303406238556  0.0011606848565861583     0.2659551203250885    0.96397656202316284
1715016728.440239,0.60083466768264771  1.0634216070175171 0.27729225158691406,-0.0039384127594530582   0.001108688535168767    0.26599180698394775    0.96396660804748535,0.60083466768264771  1.0634216070175171 0.27729225158691406,-0.0039384127594530582   0.001108688535168767    0.26599180698394775    0.96396660804748535
1715016728.4452429, 0.6007997989654541  1.0634340047836304 0.27729243040084839,-0.0040373653173446655  0.0010588064324110746    0.26595252752304077    0.96397709846496582, 0.6007997989654541  1.0634340047836304 0.27729243040084839,-0.0040373653173446655  0.0010588064324110746    0.26595252752304077    0.96397709846496582
1715016728.4502463,0.60093057155609131  1.0633111000061035 0.27774837613105774,-0.0037138739135116339    0.00104944733902812    0.26598083972930908     0.9639706015586853,0.60093057155609131  1.0633111000061035 0.27774837613105774,-0.0037138739135116339    0.00104944733902812    0.26598083972930908     0.9639706015586853
1715016728.4552419,0.60092014074325562  1.0633308887481689 0.27772316336631775,-0.0036997837014496326  0.0011162355076521635    0.26595884561538696    0.96397662162780762,0.60092014074325562  1.0633308887481689 0.27772316336631775,-0.0036997837014496326  0.0011162355076521635    0.26595884561538696    0.96397662162780762
1715016728.4602406,0.60078626871109009  1.0634349584579468 0.27744954824447632,-0.0039850571192800999 0.00093296787235885859    0.26603513956069946     0.9639546275138855,0.60078626871109009  1.0634349584579468 0.27744954824447632,-0.0039850571192800999 0.00093296787235885859    0.26603513956069946     0.9639546275138855
1715016728.4652014,0.60088479518890381  1.0633524656295776  0.2777477502822876,-0.0036877789534628391   0.001137663028202951    0.26598256826400757     0.9639701247215271,0.60088479518890381  1.0633524656295776  0.2777477502822876,-0.0036877789534628391   0.001137663028202951    0.26598256826400757     0.9639701247215271
1715016728.4702022,0.60087937116622925   1.063319206237793 0.27787414193153381,-0.0036531107034534216   0.001075243460945785    0.26599115133285522    0.96396791934967041,0.60087937116622925   1.063319206237793 0.27787414193153381,-0.0036531107034534216   0.001075243460945785    0.26599115133285522    0.96396791934967041
1715016728.4752417,0.60080033540725708  1.0634185075759888 0.27748769521713257,-0.0039325966499745846 0.00096544588450342417    0.26597324013710022    0.96397191286087036,0.60080033540725708  1.0634185075759888 0.27748769521713257,-0.0039325966499745846 0.00096544588450342417    0.26597324013710022    0.96397191286087036
1715016728.4802415,0.60075169801712036  1.0634200572967529 0.27758058905601501,-0.0039366362616419792 0.00095434428658336401     0.2660599946975708    0.96394795179367065,0.60075169801712036  1.0634200572967529 0.27758058905601501,-0.0039366362616419792 0.00095434428658336401     0.2660599946975708    0.96394795179367065
1715016728.4852409,0.60083299875259399  1.0633479356765747 0.27788829803466797,-0.0036851128097623587  0.0010962414089590311    0.26600754261016846    0.96396327018737793,0.60083299875259399  1.0633479356765747 0.27788829803466797,-0.0036851128097623587  0.0010962414089590311    0.26600754261016846    0.96396327018737793
1715016728.4902403,0.60076135396957397  1.0633856058120728 0.27755671739578247,-0.0039745471440255642   0.001083176233805716    0.26592016220092773    0.96398627758026123,0.60076135396957397  1.0633856058120728 0.27755671739578247,-0.0039745471440255642   0.001083176233805716    0.26592016220092773    0.96398627758026123
1715016728.4952171,0.60074007511138916  1.0634280443191528 0.27756181359291077,-0.0039725713431835175  0.0010005084332078695    0.26602274179458618     0.9639580249786377,0.60074007511138916  1.0634280443191528 0.27756181359291077,-0.0039725713431835175  0.0010005084332078695    0.26602274179458618     0.9639580249786377
1715016728.5002408,0.60068732500076294   1.063440203666687 0.27759754657745361,-0.0039090700447559357 0.00094820081721991301    0.26608976721763611     0.9639398455619812,0.60068732500076294   1.063440203666687 0.27759754657745361,-0.0039090700447559357 0.00094820081721991301    0.26608976721763611     0.9639398455619812
1715016728.5052404,0.60073453187942505    1.06339430809021 0.27758076786994934,-0.0038851972203701735   0.001046647084876895     0.2659454345703125    0.96397966146469116,0.60073453187942505    1.06339430809021 0.27758076786994934,-0.0038851972203701735   0.001046647084876895     0.2659454345703125    0.96397966146469116
1715016728.5102401,0.60075432062149048  1.0633782148361206 0.27761507034301758,-0.0038897842168807983  0.0010368186049163342    0.26594299077987671    0.96398037672042847,0.60075432062149048  1.0633782148361206 0.27761507034301758,-0.0038897842168807983  0.0010368186049163342    0.26594299077987671    0.96398037672042847
1715016728.5152743,0.60072851181030273  1.0633953809738159  0.2775816023349762,-0.0038868526462465525   0.001041351817548275    0.26592138409614563    0.96398633718490601,0.60072851181030273  1.0633953809738159  0.2775816023349762,-0.0038868526462465525   0.001041351817548275    0.26592138409614563    0.96398633718490601
1715016728.5202422,0.60072588920593262  1.0633841753005981 0.27760851383209229,-0.0038879099301993847  0.0010155373020097613    0.26598909497261047    0.96396768093109131,0.60072588920593262  1.0633841753005981 0.27760851383209229,-0.0038879099301993847  0.0010155373020097613    0.26598909497261047    0.96396768093109131
1715016728.5252392, 0.6007535457611084  1.0634045600891113 0.27763363718986511,-0.003842272562906146 0.0010097830090671778   0.26603671908378601   0.96395468711853027, 0.6007535457611084  1.0634045600891113 0.27763363718986511,-0.003842272562906146 0.0010097830090671778   0.26603671908378601   0.96395468711853027
1715016728.5302694,0.60075658559799194  1.0633889436721802 0.27756953239440918,-0.0039015472866594791  0.0010228684404864907    0.26594170928001404    0.96398067474365234,0.60075658559799194  1.0633889436721802 0.27756953239440918,-0.0039015472866594791  0.0010228684404864907    0.26594170928001404    0.96398067474365234
1715016728.5352418,0.60069733858108521  1.0634063482284546 0.27760022878646851,-0.0039039780385792255  0.0010301705915480852    0.26599776744842529    0.96396517753601074,0.60069733858108521  1.0634063482284546 0.27760022878646851,-0.0039039780385792255  0.0010301705915480852    0.26599776744842529    0.96396517753601074
1715016728.5402403,0.60074573755264282  1.0634123086929321 0.27753081917762756,-0.0039597097784280777  0.0010719889542087913    0.26607629656791687     0.9639432430267334,0.60074573755264282  1.0634123086929321 0.27753081917762756,-0.0039597097784280777  0.0010719889542087913    0.26607629656791687     0.9639432430267334
1715016728.5452397, 0.6007683277130127  1.0633691549301147 0.27766025066375732,-0.0039018262177705765 0.00094852026086300611    0.26593905687332153     0.9639815092086792, 0.6007683277130127  1.0633691549301147 0.27766025066375732,-0.0039018262177705765 0.00094852026086300611    0.26593905687332153     0.9639815092086792
1715016728.5502419,0.60076934099197388  1.0633740425109863 0.27760487794876099,-0.0038846402894705534  0.0010199795942753553    0.26596605777740479     0.9639739990234375,0.60076934099197388  1.0633740425109863 0.27760487794876099,-0.0038846402894705534  0.0010199795942753553    0.26596605777740479     0.9639739990234375
1715016728.5552394,0.60078048706054688  1.0633653402328491 0.27760991454124451,-0.0038802323397248983  0.0010304952738806605    0.26593866944313049    0.96398156881332397,0.60078048706054688  1.0633653402328491 0.27760991454124451,-0.0038802323397248983  0.0010304952738806605    0.26593866944313049    0.96398156881332397
