RosTime,PositionForIiwa7,OrientationForIiwa7,PositionForIiwa14,OrientationForIiwa14
1715787006.3974373,0.4940534234046936 1.0575056076049805 0.3163236677646637, 0.52652746438980103 -0.47294226288795471 -0.46741899847984314  0.52973008155822754,0.4940534234046936 1.0575056076049805 0.3163236677646637, 0.52652746438980103 -0.47294226288795471 -0.46741899847984314  0.52973008155822754
1715787006.4024134,0.49406573176383972  1.0574932098388672  0.3163720965385437, 0.52653235197067261 -0.47292506694793701 -0.46745187044143677  0.52971154451370239,0.49406573176383972  1.0574932098388672  0.3163720965385437, 0.52653235197067261 -0.47292506694793701 -0.46745187044143677  0.52971154451370239
1715787006.4074121,0.49401196837425232  1.0575233697891235 0.31637027859687805, 0.52663969993591309 -0.47287380695343018 -0.46741968393325806  0.52967900037765503,0.49401196837425232  1.0575233697891235 0.31637027859687805, 0.52663969993591309 -0.47287380695343018 -0.46741968393325806  0.52967900037765503
1715787006.4124136,0.49405249953269958  1.0575164556503296 0.31628945469856262, 0.52651190757751465 -0.47294062376022339 -0.46741184592247009  0.52975326776504517,0.49405249953269958  1.0575164556503296 0.31628945469856262, 0.52651190757751465 -0.47294062376022339 -0.46741184592247009  0.52975326776504517
1715787006.4174128,0.49407339096069336  1.0575168132781982 0.31630110740661621,  0.5265268087387085 -0.47292289137840271 -0.46741136908531189  0.52975475788116455,0.49407339096069336  1.0575168132781982 0.31630110740661621,  0.5265268087387085 -0.47292289137840271 -0.46741136908531189  0.52975475788116455
1715787006.422411,0.49404683709144592  1.0575258731842041 0.31627839803695679, 0.52659457921981812 -0.47291827201843262 -0.46745985746383667  0.52964872121810913,0.49404683709144592  1.0575258731842041 0.31627839803695679, 0.52659457921981812 -0.47291827201843262 -0.46745985746383667  0.52964872121810913
1715787006.4274125,0.49403676390647888  1.0575406551361084 0.31631702184677124,  0.5265156626701355 -0.47290593385696411 -0.46741458773612976   0.5297781229019165,0.49403676390647888  1.0575406551361084 0.31631702184677124,  0.5265156626701355 -0.47290593385696411 -0.46741458773612976   0.5297781229019165
1715787006.4324114,0.49409186840057373  1.0575011968612671 0.31629222631454468, 0.52661079168319702  -0.4729456901550293 -0.46743741631507874  0.52962785959243774,0.49409186840057373  1.0575011968612671 0.31629222631454468, 0.52661079168319702  -0.4729456901550293 -0.46743741631507874  0.52962785959243774
1715787006.4374113,0.4941011369228363 1.0574957132339478 0.3162769079208374, 0.52661842107772827 -0.47295862436294556 -0.46743929386138916  0.52960705757141113,0.4941011369228363 1.0574957132339478 0.3162769079208374, 0.52661842107772827 -0.47295862436294556 -0.46743929386138916  0.52960705757141113
1715787006.4424133,0.49407252669334412  1.0575253963470459  0.3162350058555603, 0.52661770582199097  -0.4729437530040741 -0.46741339564323425   0.5296439528465271,0.49407252669334412  1.0575253963470459  0.3162350058555603, 0.52661770582199097  -0.4729437530040741 -0.46741339564323425   0.5296439528465271
1715787006.4474146,0.49413853883743286  1.0574942827224731 0.31628331542015076, 0.52660197019577026 -0.47295746207237244 -0.46743690967559814  0.52962660789489746,0.49413853883743286  1.0574942827224731 0.31628331542015076, 0.52660197019577026 -0.47295746207237244 -0.46743690967559814  0.52962660789489746
1715787006.4524148,0.49414685368537903  1.0575041770935059 0.31628105044364929, 0.52659940719604492 -0.47293674945831299 -0.46742874383926392    0.529654860496521,0.49414685368537903  1.0575041770935059 0.31628105044364929, 0.52659940719604492 -0.47293674945831299 -0.46742874383926392    0.529654860496521
1715787006.4573607,0.49412411451339722  1.0575166940689087 0.31631413102149963, 0.52659511566162109 -0.47290089726448059 -0.46746087074279785  0.52966278791427612,0.49412411451339722  1.0575166940689087 0.31631413102149963, 0.52659511566162109 -0.47290089726448059 -0.46746087074279785  0.52966278791427612
1715787006.4624083,0.49411222338676453  1.0575389862060547 0.31629806756973267, 0.52659857273101807 -0.47293606400489807 -0.46740686893463135  0.52967560291290283,0.49411222338676453  1.0575389862060547 0.31629806756973267, 0.52659857273101807 -0.47293606400489807 -0.46740686893463135  0.52967560291290283
1715787006.4674077,0.49409419298171997   1.057530403137207 0.31634968519210815,  0.5265156626701355 -0.47286602854728699 -0.46743899583816528   0.5297921895980835,0.49409419298171997   1.057530403137207 0.31634968519210815,  0.5265156626701355 -0.47286602854728699 -0.46743899583816528   0.5297921895980835
1715787006.4724319,0.49407342076301575   1.057547926902771 0.31633627414703369, 0.52658545970916748 -0.47294488549232483 -0.46739885210990906  0.52968788146972656,0.49407342076301575   1.057547926902771 0.31633627414703369, 0.52658545970916748 -0.47294488549232483 -0.46739885210990906  0.52968788146972656
1715787006.4774129,0.49404901266098022  1.0575425624847412 0.31637701392173767,  0.5266076922416687 -0.47291773557662964 -0.46743521094322205  0.52965790033340454,0.49404901266098022  1.0575425624847412 0.31637701392173767,  0.5266076922416687 -0.47291773557662964 -0.46743521094322205  0.52965790033340454
1715787006.4824128,0.49403372406959534  1.0575548410415649 0.31633207201957703, 0.52652949094772339 -0.47295719385147095 -0.46740558743476868  0.52972650527954102,0.49403372406959534  1.0575548410415649 0.31633207201957703, 0.52652949094772339 -0.47295719385147095 -0.46740558743476868  0.52972650527954102
1715787006.4874089,0.49403536319732666  1.0575392246246338 0.31636577844619751, 0.52655619382858276 -0.47293636202812195 -0.46742129325866699    0.529704749584198,0.49403536319732666  1.0575392246246338 0.31636577844619751, 0.52655619382858276 -0.47293636202812195 -0.46742129325866699    0.529704749584198
1715787006.492414,0.4940316379070282 1.0575528144836426 0.3162912130355835, 0.52661806344985962 -0.47294193506240845 -0.46739655733108521  0.52966004610061646,0.4940316379070282 1.0575528144836426 0.3162912130355835, 0.52661806344985962 -0.47294193506240845 -0.46739655733108521  0.52966004610061646
1715787006.497468, 0.4940355122089386  1.0575317144393921 0.31637290120124817, 0.52666252851486206 -0.47295713424682617  -0.4673997163772583  0.52959948778152466, 0.4940355122089386  1.0575317144393921 0.31637290120124817, 0.52666252851486206 -0.47295713424682617  -0.4673997163772583  0.52959948778152466
1715787006.5024173,0.49403601884841919  1.0575494766235352 0.31635701656341553, 0.52654165029525757 -0.47295758128166199 -0.46740612387657166  0.52971363067626953,0.49403601884841919  1.0575494766235352 0.31635701656341553, 0.52654165029525757 -0.47295758128166199 -0.46740612387657166  0.52971363067626953
1715787006.5074089, 0.4940028190612793  1.0575529336929321 0.31638002395629883, 0.52662253379821777 -0.47295349836349487 -0.46737590432167053   0.5296635627746582, 0.4940028190612793  1.0575529336929321 0.31638002395629883, 0.52662253379821777 -0.47295349836349487 -0.46737590432167053   0.5296635627746582
1715787006.5124116,0.49401897192001343   1.057550311088562 0.31636896729469299, 0.52658182382583618 -0.47294509410858154 -0.46738871932029724  0.52970021963119507,0.49401897192001343   1.057550311088562 0.31636896729469299, 0.52658182382583618 -0.47294509410858154 -0.46738871932029724  0.52970021963119507
1715787006.5174115,0.49406334757804871  1.0575363636016846 0.31634980440139771, 0.52658116817474365 -0.47294846177101135 -0.46740943193435669  0.52967959642410278,0.49406334757804871  1.0575363636016846 0.31634980440139771, 0.52658116817474365 -0.47294846177101135 -0.46740943193435669  0.52967959642410278
1715787006.5223677,0.49404054880142212  1.0575557947158813 0.31631997227668762,  0.5264776349067688 -0.47291332483291626 -0.46742630004882812  0.52979898452758789,0.49404054880142212  1.0575557947158813 0.31631997227668762,  0.5264776349067688 -0.47291332483291626 -0.46742630004882812  0.52979898452758789
1715787006.5273728,0.49400529265403748   1.057529091835022 0.31634005904197693, 0.52649050951004028 -0.47286662459373474  -0.4674220085144043   0.5298316478729248,0.49400529265403748   1.057529091835022 0.31634005904197693, 0.52649050951004028 -0.47286662459373474  -0.4674220085144043   0.5298316478729248
1715787006.5324099,0.49406889081001282   1.057481050491333 0.31635117530822754, 0.52651745080947876 -0.47292831540107727 -0.46741592884063721   0.5297551155090332,0.49406889081001282   1.057481050491333 0.31635117530822754, 0.52651745080947876 -0.47292831540107727 -0.46741592884063721   0.5297551155090332
1715787006.5374115,0.49405249953269958   1.057485818862915 0.31630691885948181, 0.52652132511138916 -0.47292092442512512 -0.46743839979171753  0.52973806858062744,0.49405249953269958   1.057485818862915 0.31630691885948181, 0.52652132511138916 -0.47292092442512512 -0.46743839979171753  0.52973806858062744
1715787006.5424147,0.49404558539390564  1.0574560165405273 0.31628018617630005, 0.52648442983627319 -0.47301334142684937 -0.46742382645606995  0.52970510721206665,0.49404558539390564  1.0574560165405273 0.31628018617630005, 0.52648442983627319 -0.47301334142684937 -0.46742382645606995  0.52970510721206665
1715787006.5474143,0.49404764175415039  1.0574790239334106 0.31626135110855103, 0.52656406164169312 -0.47290885448455811  -0.4674299955368042  0.52971380949020386,0.49404764175415039  1.0574790239334106 0.31626135110855103, 0.52656406164169312 -0.47290885448455811  -0.4674299955368042  0.52971380949020386
1715787006.5523903,0.49406513571739197  1.0574415922164917 0.31633922457695007, 0.52659380435943604 -0.47287377715110779 -0.46746039390563965  0.52968871593475342,0.49406513571739197  1.0574415922164917 0.31633922457695007, 0.52659380435943604 -0.47287377715110779 -0.46746039390563965  0.52968871593475342
1715787006.5574098,0.49405372142791748  1.0574440956115723 0.31633242964744568,  0.5265650749206543 -0.47286596894264221 -0.46749982237815857   0.5296894907951355,0.49405372142791748  1.0574440956115723 0.31633242964744568,  0.5265650749206543 -0.47286596894264221 -0.46749982237815857   0.5296894907951355
1715787006.5624132,0.49406066536903381  1.0574463605880737 0.31633022427558899, 0.52652186155319214 -0.47287073731422424  -0.4675087034702301  0.52972030639648438,0.49406066536903381  1.0574463605880737 0.31633022427558899, 0.52652186155319214 -0.47287073731422424  -0.4675087034702301  0.52972030639648438
1715787006.5674109,0.49400854110717773   1.057457447052002 0.31635522842407227,  0.5265655517578125 -0.47284501791000366 -0.46747094392776489  0.52973312139511108,0.49400854110717773   1.057457447052002 0.31635522842407227,  0.5265655517578125 -0.47284501791000366 -0.46747094392776489  0.52973312139511108
1715787006.5724218,0.49398869276046753  1.0574572086334229 0.31642067432403564, 0.52657723426818848 -0.47284692525863647  -0.4674629271030426  0.52972698211669922,0.49398869276046753  1.0574572086334229 0.31642067432403564, 0.52657723426818848 -0.47284692525863647  -0.4674629271030426  0.52972698211669922
1715787006.5773752,0.49398893117904663   1.057487964630127 0.31635981798171997,  0.5265277624130249 -0.47287172079086304 -0.46744260191917419  0.52977192401885986,0.49398893117904663   1.057487964630127 0.31635981798171997,  0.5265277624130249 -0.47287172079086304 -0.46744260191917419  0.52977192401885986
1715787006.582408,0.49396756291389465  1.0574982166290283  0.3163968026638031, 0.52658253908157349 -0.47282326221466064 -0.46743616461753845  0.52976638078689575,0.49396756291389465  1.0574982166290283  0.3163968026638031, 0.52658253908157349 -0.47282326221466064 -0.46743616461753845  0.52976638078689575
1715787006.5873921,0.49398243427276611  1.0575020313262939 0.31638064980506897, 0.52658551931381226 -0.47287929058074951 -0.46741032600402832   0.5297362208366394,0.49398243427276611  1.0575020313262939 0.31638064980506897, 0.52658551931381226 -0.47287929058074951 -0.46741032600402832   0.5297362208366394
1715787006.5924175,0.49400040507316589  1.0574878454208374  0.3164239227771759, 0.52657735347747803 -0.47288575768470764  -0.4674224853515625  0.52972781658172607,0.49400040507316589  1.0574878454208374  0.3164239227771759, 0.52657735347747803 -0.47288575768470764  -0.4674224853515625  0.52972781658172607
1715787006.5974309,0.49402749538421631  1.0575209856033325 0.31631386280059814, 0.52655947208404541 -0.47287625074386597 -0.46743521094322205  0.52974289655685425,0.49402749538421631  1.0575209856033325 0.31631386280059814, 0.52655947208404541 -0.47287625074386597 -0.46743521094322205  0.52974289655685425
1715787006.602412,0.49402448534965515  1.0575276613235474 0.31635946035385132,  0.5265689492225647 -0.47288236021995544 -0.46744415163993835  0.52972012758255005,0.49402448534965515  1.0575276613235474 0.31635946035385132,  0.5265689492225647 -0.47288236021995544 -0.46744415163993835  0.52972012758255005
1715787006.6074111,0.49404126405715942  1.0575459003448486 0.31634479761123657, 0.52662187814712524  -0.4728926420211792 -0.46743786334991455  0.52966386079788208,0.49404126405715942  1.0575459003448486 0.31634479761123657, 0.52662187814712524  -0.4728926420211792 -0.46743786334991455  0.52966386079788208
1715787006.6124079,0.49404400587081909  1.0575528144836426 0.31624391674995422, 0.52648770809173584 -0.47293746471405029 -0.46740424633026123  0.52978688478469849,0.49404400587081909  1.0575528144836426 0.31624391674995422, 0.52648770809173584 -0.47293746471405029 -0.46740424633026123  0.52978688478469849
1715787006.6174083,0.49404406547546387  1.0575493574142456 0.31635984778404236, 0.52654004096984863  -0.4729190468788147 -0.46742185950279236   0.5297357439994812,0.49404406547546387  1.0575493574142456 0.31635984778404236, 0.52654004096984863  -0.4729190468788147 -0.46742185950279236   0.5297357439994812
1715787006.6224129,0.49405023455619812  1.0575584173202515 0.31630375981330872, 0.52650070190429688 -0.47292253375053406 -0.46742483973503113  0.52976906299591064,0.49405023455619812  1.0575584173202515 0.31630375981330872, 0.52650070190429688 -0.47292253375053406 -0.46742483973503113  0.52976906299591064
1715787006.6274135,0.49399185180664062  1.0575919151306152 0.31625121831893921, 0.52657121419906616 -0.47294318675994873 -0.46736830472946167  0.52973049879074097,0.49399185180664062  1.0575919151306152 0.31625121831893921, 0.52657121419906616 -0.47294318675994873 -0.46736830472946167  0.52973049879074097
1715787006.6323826,0.49401962757110596  1.0575463771820068 0.31630834937095642, 0.52650809288024902 -0.47294124960899353  -0.4673907458782196  0.52977514266967773,0.49401962757110596  1.0575463771820068 0.31630834937095642, 0.52650809288024902 -0.47294124960899353  -0.4673907458782196  0.52977514266967773
1715787006.6374075,0.49400553107261658  1.0575627088546753 0.31630933284759521,  0.5265166163444519 -0.47294712066650391  -0.4673689603805542  0.52978062629699707,0.49400553107261658  1.0575627088546753 0.31630933284759521,  0.5265166163444519 -0.47294712066650391  -0.4673689603805542  0.52978062629699707
1715787006.6424098,0.49400430917739868  1.0575685501098633 0.31632119417190552, 0.52661091089248657 -0.47294282913208008 -0.46737736463546753  0.52968335151672363,0.49400430917739868  1.0575685501098633 0.31632119417190552, 0.52661091089248657 -0.47294282913208008 -0.46737736463546753  0.52968335151672363
1715787006.647429,0.49399992823600769  1.0575492382049561 0.31632083654403687,0.52662408351898193 -0.4729619026184082 -0.4673626720905304 0.52966612577438354,0.49399992823600769  1.0575492382049561 0.31632083654403687,0.52662408351898193 -0.4729619026184082 -0.4673626720905304 0.52966612577438354
1715787006.65242,0.49403244256973267  1.0575239658355713 0.31636404991149902, 0.52653884887695312  -0.4729333221912384 -0.46740993857383728  0.52973473072052002,0.49403244256973267  1.0575239658355713 0.31636404991149902, 0.52653884887695312  -0.4729333221912384 -0.46740993857383728  0.52973473072052002
1715787006.6574156,0.49404767155647278  1.0575248003005981 0.31632155179977417,0.52653777599334717 -0.4729442298412323 -0.4674018919467926 0.52973312139511108,0.49404767155647278  1.0575248003005981 0.31632155179977417,0.52653777599334717 -0.4729442298412323 -0.4674018919467926 0.52973312139511108
1715787006.6623697,0.49404829740524292   1.057511568069458 0.31637287139892578, 0.52653062343597412 -0.47290578484535217 -0.46741679310798645  0.52976137399673462,0.49404829740524292   1.057511568069458 0.31637287139892578, 0.52653062343597412 -0.47290578484535217 -0.46741679310798645  0.52976137399673462
1715787006.6674111,0.49400335550308228  1.0575764179229736  0.3160443902015686, 0.52648651599884033 -0.47308734059333801 -0.46726822853088379   0.5297742486000061,0.49400335550308228  1.0575764179229736  0.3160443902015686, 0.52648651599884033 -0.47308734059333801 -0.46726822853088379   0.5297742486000061
1715787006.6724145,0.49402785301208496  1.0574973821640015 0.31640967726707458, 0.52656185626983643 -0.47291615605354309 -0.46742740273475647  0.52971172332763672,0.49402785301208496  1.0574973821640015 0.31640967726707458, 0.52656185626983643 -0.47291615605354309 -0.46742740273475647  0.52971172332763672
1715787006.6774185,0.49405208230018616  1.0574787855148315 0.31639987230300903, 0.52653062343597412 -0.47290021181106567 -0.46745133399963379  0.52973586320877075,0.49405208230018616  1.0574787855148315 0.31639987230300903, 0.52653062343597412 -0.47290021181106567 -0.46745133399963379  0.52973586320877075
1715787006.6824074,0.49402213096618652  1.0574649572372437 0.31642621755599976, 0.52657085657119751 -0.47284761071205139 -0.46747183799743652  0.52972477674484253,0.49402213096618652  1.0574649572372437 0.31642621755599976, 0.52657085657119751 -0.47284761071205139 -0.46747183799743652  0.52972477674484253
1715787006.6874053,0.49401792883872986  1.0574690103530884 0.31637954711914062, 0.52658402919769287 -0.47287580370903015 -0.46745270490646362  0.52970337867736816,0.49401792883872986  1.0574690103530884 0.31637954711914062, 0.52658402919769287 -0.47287580370903015 -0.46745270490646362  0.52970337867736816
1715787006.6924739,0.49401021003723145  1.0574676990509033 0.31637674570083618,  0.5265846848487854 -0.47289413213729858 -0.46742233633995056   0.5297132134437561,0.49401021003723145  1.0574676990509033 0.31637674570083618,  0.5265846848487854 -0.47289413213729858 -0.46742233633995056   0.5297132134437561
1715787006.6973891,0.49401906132698059  1.0574690103530884  0.3163592517375946, 0.52653855085372925 -0.47284337878227234 -0.46750625967979431  0.52973031997680664,0.49401906132698059  1.0574690103530884  0.3163592517375946, 0.52653855085372925 -0.47284337878227234 -0.46750625967979431  0.52973031997680664
1715787006.7024364,0.49401503801345825  1.0574524402618408 0.31641998887062073, 0.52659893035888672 -0.47283443808555603 -0.46749609708786011  0.52968722581863403,0.49401503801345825  1.0574524402618408 0.31641998887062073, 0.52659893035888672 -0.47283443808555603 -0.46749609708786011  0.52968722581863403
1715787006.7074316,0.49402621388435364  1.0574560165405273 0.31631138920783997, 0.52656412124633789 -0.47271394729614258 -0.46760901808738708  0.52972972393035889,0.49402621388435364  1.0574560165405273 0.31631138920783997, 0.52656412124633789 -0.47271394729614258 -0.46760901808738708  0.52972972393035889
1715787006.7124112,0.49403327703475952  1.0574665069580078 0.31633910536766052, 0.52667129039764404 -0.47287818789482117  -0.4674394428730011  0.52962625026702881,0.49403327703475952  1.0574665069580078 0.31633910536766052, 0.52667129039764404 -0.47287818789482117  -0.4674394428730011  0.52962625026702881
1715787006.7174067,0.49405288696289062    1.05745530128479 0.31636044383049011, 0.52656501531600952 -0.47287735342979431  -0.4674934446811676  0.52968496084213257,0.49405288696289062    1.05745530128479 0.31636044383049011, 0.52656501531600952 -0.47287735342979431  -0.4674934446811676  0.52968496084213257
1715787006.7224622,0.49404007196426392  1.0574675798416138 0.31637251377105713, 0.52658587694168091 -0.47287189960479736 -0.46745505928993225  0.52970296144485474,0.49404007196426392  1.0574675798416138 0.31637251377105713, 0.52658587694168091 -0.47287189960479736 -0.46745505928993225  0.52970296144485474
1715787006.7273743,0.49399751424789429  1.0574929714202881 0.31637141108512878, 0.52654051780700684 -0.47290822863578796  -0.4674040675163269  0.52976065874099731,0.49399751424789429  1.0574929714202881 0.31637141108512878, 0.52654051780700684 -0.47290822863578796  -0.4674040675163269  0.52976065874099731
1715787006.7324097,0.49401012063026428  1.0575060844421387 0.31635913252830505, 0.52659100294113159 -0.47292479872703552 -0.46740275621414185  0.52969682216644287,0.49401012063026428  1.0575060844421387 0.31635913252830505, 0.52659100294113159 -0.47292479872703552 -0.46740275621414185  0.52969682216644287
1715787006.7374132,0.49400648474693298  1.0575103759765625  0.3163611888885498, 0.52650946378707886  -0.4729466438293457 -0.46740323305130005  0.52975797653198242,0.49400648474693298  1.0575103759765625  0.3163611888885498, 0.52650946378707886  -0.4729466438293457 -0.46740323305130005  0.52975797653198242
1715787006.7424119,0.49399128556251526  1.0575376749038696 0.31633648276329041,  0.5264897346496582 -0.47296431660652161 -0.46738341450691223  0.52977925539016724,0.49399128556251526  1.0575376749038696 0.31633648276329041,  0.5264897346496582 -0.47296431660652161 -0.46738341450691223  0.52977925539016724
1715787006.7474074,0.49394780397415161  1.0575393438339233 0.31636995077133179, 0.52651399374008179 -0.47295963764190674 -0.46736913919448853  0.52977192401885986,0.49394780397415161  1.0575393438339233 0.31636995077133179, 0.52651399374008179 -0.47295963764190674 -0.46736913919448853  0.52977192401885986
1715787006.752409,0.49400889873504639  1.0575101375579834 0.31637528538703918, 0.52647978067398071 -0.47297635674476624 -0.46738728880882263  0.52977496385574341,0.49400889873504639  1.0575101375579834 0.31637528538703918, 0.52647978067398071 -0.47297635674476624 -0.46738728880882263  0.52977496385574341
1715787006.7574062,0.49399951100349426  1.0575320720672607 0.31636813282966614, 0.52655911445617676 -0.47297689318656921 -0.46739107370376587  0.52969235181808472,0.49399951100349426  1.0575320720672607 0.31636813282966614, 0.52655911445617676 -0.47297689318656921 -0.46739107370376587  0.52969235181808472
1715787006.7624125,0.49400132894515991  1.0575410127639771 0.31631332635879517, 0.52654004096984863 -0.47299683094024658 -0.46737006306648254  0.52971196174621582,0.49400132894515991  1.0575410127639771 0.31631332635879517, 0.52654004096984863 -0.47299683094024658 -0.46737006306648254  0.52971196174621582
1715787006.7674086,0.49396395683288574  1.0575697422027588 0.31630751490592957, 0.52655047178268433 -0.47294959425926208 -0.46735557913780212  0.52975654602050781,0.49396395683288574  1.0575697422027588 0.31630751490592957, 0.52655047178268433 -0.47294959425926208 -0.46735557913780212  0.52975654602050781
1715787006.7723758,0.49399864673614502  1.0575255155563354 0.31634318828582764, 0.52645105123519897  -0.4729783833026886 -0.46738651394844055  0.52980244159698486,0.49399864673614502  1.0575255155563354 0.31634318828582764, 0.52645105123519897  -0.4729783833026886 -0.46738651394844055  0.52980244159698486
1715787006.7774155,0.49404618144035339  1.0575070381164551 0.31635251641273499, 0.52646028995513916 -0.47298628091812134 -0.46739211678504944  0.52978122234344482,0.49404618144035339  1.0575070381164551 0.31635251641273499, 0.52646028995513916 -0.47298628091812134 -0.46739211678504944  0.52978122234344482
1715787006.7824104, 0.4940497875213623  1.0574902296066284 0.31635355949401855, 0.52646547555923462 -0.47299078106880188 -0.46740469336509705  0.52976095676422119, 0.4940497875213623  1.0574902296066284 0.31635355949401855, 0.52646547555923462 -0.47299078106880188 -0.46740469336509705  0.52976095676422119
1715787006.7874026,0.49399480223655701  1.0575433969497681 0.31627127528190613, 0.52653205394744873 -0.47303310036659241 -0.46736535429954529  0.52969169616699219,0.49399480223655701  1.0575433969497681 0.31627127528190613, 0.52653205394744873 -0.47303310036659241 -0.46736535429954529  0.52969169616699219
1715787006.7924137,0.49404254555702209   1.057494044303894  0.3163188099861145, 0.52641141414642334 -0.47299084067344666  -0.4673977792263031  0.52982074022293091,0.49404254555702209   1.057494044303894  0.3163188099861145, 0.52641141414642334 -0.47299084067344666  -0.4673977792263031  0.52982074022293091
1715787006.7974226, 0.4940449595451355  1.0574856996536255 0.31633195281028748, 0.52646118402481079 -0.47297254204750061 -0.46743872761726379   0.5297514796257019, 0.4940449595451355  1.0574856996536255 0.31633195281028748, 0.52646118402481079 -0.47297254204750061 -0.46743872761726379   0.5297514796257019
1715787006.8024077,0.49403336644172668   1.057472825050354 0.31632530689239502, 0.52650129795074463 -0.47292184829711914  -0.4674491286277771  0.52974772453308105,0.49403336644172668   1.057472825050354 0.31632530689239502, 0.52650129795074463 -0.47292184829711914  -0.4674491286277771  0.52974772453308105
1715787006.8074124,0.49398556351661682  1.0574944019317627 0.31637632846832275, 0.52649664878845215 -0.47294697165489197  -0.4673956036567688   0.5297771692276001,0.49398556351661682  1.0574944019317627 0.31637632846832275, 0.52649664878845215 -0.47294697165489197  -0.4673956036567688   0.5297771692276001
1715787006.8124094,0.49398356676101685  1.0574922561645508 0.31634292006492615, 0.52647656202316284 -0.47293749451637268 -0.46741604804992676  0.52978748083114624,0.49398356676101685  1.0574922561645508 0.31634292006492615, 0.52647656202316284 -0.47293749451637268 -0.46741604804992676  0.52978748083114624
1715787006.8174088,0.49395474791526794  1.0574976205825806 0.31634357571601868, 0.52647727727890015 -0.47292855381965637  -0.4674338698387146  0.52977901697158813,0.49395474791526794  1.0574976205825806 0.31634357571601868, 0.52647727727890015 -0.47292855381965637  -0.4674338698387146  0.52977901697158813
1715787006.8224113,0.49392160773277283  1.0575129985809326 0.31636768579483032, 0.52650356292724609 -0.47293958067893982 -0.46739435195922852  0.52977794408798218,0.49392160773277283  1.0575129985809326 0.31636768579483032, 0.52650356292724609 -0.47293958067893982 -0.46739435195922852  0.52977794408798218
1715787006.8274117,0.49398311972618103  1.0574737787246704 0.31639018654823303, 0.52648466825485229 -0.47294735908508301 -0.46744346618652344    0.529746413230896,0.49398311972618103  1.0574737787246704 0.31639018654823303, 0.52648466825485229 -0.47294735908508301 -0.46744346618652344    0.529746413230896
1715787006.8324084,0.49399441480636597  1.0574729442596436 0.31633231043815613,  0.5264628529548645 -0.47291859984397888  -0.4674685001373291  0.52977174520492554,0.49399441480636597  1.0574729442596436 0.31633231043815613,  0.5264628529548645 -0.47291859984397888  -0.4674685001373291  0.52977174520492554
1715787006.8374078,0.49401018023490906  1.0574311017990112 0.31645819544792175, 0.52649974822998047 -0.47291767597198486 -0.46747109293937683  0.52973359823226929,0.49401018023490906  1.0574311017990112 0.31645819544792175, 0.52649974822998047 -0.47291767597198486 -0.46747109293937683  0.52973359823226929
1715787006.8424501,0.49402356147766113  1.0574573278427124 0.31637516617774963, 0.52648079395294189 -0.47295302152633667 -0.46744400262832642  0.52974474430084229,0.49402356147766113  1.0574573278427124 0.31637516617774963, 0.52648079395294189 -0.47295302152633667 -0.46744400262832642  0.52974474430084229
1715787006.8474219,0.49399536848068237  1.0574749708175659 0.31637406349182129, 0.52648395299911499 -0.47295075654983521 -0.46743294596672058  0.52975338697433472,0.49399536848068237  1.0574749708175659 0.31637406349182129, 0.52648395299911499 -0.47295075654983521 -0.46743294596672058  0.52975338697433472
1715787006.8524132,0.49398750066757202  1.0574795007705688 0.31634226441383362, 0.52647465467453003 -0.47295936942100525 -0.46741989254951477   0.5297664999961853,0.49398750066757202  1.0574795007705688 0.31634226441383362, 0.52647465467453003 -0.47295936942100525 -0.46741989254951477   0.5297664999961853
1715787006.8574142,0.49401277303695679  1.0574694871902466  0.3163350522518158, 0.52643090486526489 -0.47296974062919617 -0.46743923425674438  0.52978366613388062,0.49401277303695679  1.0574694871902466  0.3163350522518158, 0.52643090486526489 -0.47296974062919617 -0.46743923425674438  0.52978366613388062
1715787006.8624074,0.49400627613067627  1.0574754476547241 0.31636688113212585, 0.52652812004089355 -0.47298166155815125 -0.46742343902587891  0.52969026565551758,0.49400627613067627  1.0574754476547241 0.31636688113212585, 0.52652812004089355 -0.47298166155815125 -0.46742343902587891  0.52969026565551758
1715787006.8674309,0.49398481845855713  1.0574814081192017 0.31635531783103943, 0.52645927667617798 -0.47294893860816956 -0.46742814779281616  0.52978378534317017,0.49398481845855713  1.0574814081192017 0.31635531783103943, 0.52645927667617798 -0.47294893860816956 -0.46742814779281616  0.52978378534317017
1715787006.872431,0.49400416016578674  1.0574725866317749 0.31633967161178589, 0.52644366025924683 -0.47294113039970398 -0.46741852164268494  0.52981477975845337,0.49400416016578674  1.0574725866317749 0.31633967161178589, 0.52644366025924683 -0.47294113039970398 -0.46741852164268494  0.52981477975845337
1715787006.8774402,0.49400585889816284  1.0574754476547241 0.31636625528335571, 0.52641803026199341 -0.47298482060432434 -0.46740806102752686  0.52981042861938477,0.49400585889816284  1.0574754476547241 0.31636625528335571, 0.52641803026199341 -0.47298482060432434 -0.46740806102752686  0.52981042861938477
1715787006.8824072,0.49401995539665222  1.0574710369110107 0.31639391183853149, 0.52643758058547974 -0.47293108701705933 -0.46744653582572937  0.52980506420135498,0.49401995539665222  1.0574710369110107 0.31639391183853149, 0.52643758058547974 -0.47293108701705933 -0.46744653582572937  0.52980506420135498
1715787006.8874125,0.49396121501922607  1.0574979782104492 0.31639125943183899, 0.52643013000488281 -0.47297272086143494   -0.467378169298172  0.52983564138412476,0.49396121501922607  1.0574979782104492 0.31639125943183899, 0.52643013000488281 -0.47297272086143494   -0.467378169298172  0.52983564138412476
1715787006.8924105,0.49396383762359619  1.0574830770492554 0.31639701128005981, 0.52643764019012451 -0.47298470139503479 -0.46737313270568848  0.52982187271118164,0.49396383762359619  1.0574830770492554 0.31639701128005981, 0.52643764019012451 -0.47298470139503479 -0.46737313270568848  0.52982187271118164
1715787006.8974087,0.49398177862167358  1.0574915409088135 0.31637445092201233, 0.52644693851470947 -0.47300428152084351 -0.46739032864570618  0.52977997064590454,0.49398177862167358  1.0574915409088135 0.31637445092201233, 0.52644693851470947 -0.47300428152084351 -0.46739032864570618  0.52977997064590454
1715787006.9024162,0.49399381875991821  1.0574773550033569 0.31641054153442383, 0.52646565437316895 -0.47300988435745239 -0.46740043163299561  0.52974748611450195,0.49399381875991821  1.0574773550033569 0.31641054153442383, 0.52646565437316895 -0.47300988435745239 -0.46740043163299561  0.52974748611450195
1715787006.9074018,0.49387297034263611  1.0574045181274414 0.31652665138244629, 0.52682924270629883 -0.47284218668937683 -0.46752196550369263  0.52942836284637451,0.49387297034263611  1.0574045181274414 0.31652665138244629, 0.52682924270629883 -0.47284218668937683 -0.46752196550369263  0.52942836284637451
1715787006.9124146,0.49330613017082214   1.056370735168457 0.31689995527267456, 0.52844029664993286 -0.47168391942977905 -0.46797683835029602  0.52845323085784912,0.49330613017082214   1.056370735168457 0.31689995527267456, 0.52844029664993286 -0.47168391942977905 -0.46797683835029602  0.52845323085784912
1715787006.917408,0.49282735586166382  1.0552171468734741  0.3172152042388916, 0.53018224239349365 -0.47089937329292297 -0.46794077754020691  0.52743911743164062,0.49282735586166382  1.0552171468734741  0.3172152042388916, 0.53018224239349365 -0.47089937329292297 -0.46794077754020691  0.52743911743164062
1715787006.9224153,  0.492095947265625  1.0519039630889893 0.31742855906486511, 0.53339505195617676 -0.46874013543128967 -0.46841230988502502  0.52570170164108276,  0.492095947265625  1.0519039630889893 0.31742855906486511, 0.53339505195617676 -0.46874013543128967 -0.46841230988502502  0.52570170164108276
1715787006.9274173,0.49208757281303406  1.0475989580154419 0.31785851716995239, 0.53482437133789062 -0.46600782871246338 -0.46946987509727478  0.52573531866073608,0.49208757281303406  1.0475989580154419 0.31785851716995239, 0.53482437133789062 -0.46600782871246338 -0.46946987509727478  0.52573531866073608
1715787006.9324093,0.49252766370773315  1.0422751903533936 0.31837067008018494, 0.53505039215087891 -0.46392530202865601 -0.47082230448722839   0.5261375904083252,0.49252766370773315  1.0422751903533936 0.31837067008018494, 0.53505039215087891 -0.46392530202865601 -0.47082230448722839   0.5261375904083252
1715787006.9374099,0.49286195635795593  1.0360499620437622 0.31881064176559448,  0.5360146164894104  -0.4619290828704834 -0.47228100895881653  0.52560490369796753,0.49286195635795593  1.0360499620437622 0.31881064176559448,  0.5360146164894104  -0.4619290828704834 -0.47228100895881653  0.52560490369796753
1715787006.9424126,0.49306368827819824  1.0328695774078369 0.31915947794914246, 0.53631097078323364 -0.46100977063179016 -0.47315642237663269  0.52532225847244263,0.49306368827819824  1.0328695774078369 0.31915947794914246, 0.53631097078323364 -0.46100977063179016 -0.47315642237663269  0.52532225847244263
1715787006.9474154,0.49326738715171814  1.0267144441604614 0.31954014301300049, 0.53687280416488647 -0.45963671803474426 -0.47431290149688721  0.52490848302841187,0.49326738715171814  1.0267144441604614 0.31954014301300049, 0.53687280416488647 -0.45963671803474426 -0.47431290149688721  0.52490848302841187
1715787006.9524164,0.49356308579444885  1.0209040641784668 0.31991663575172424, 0.53697061538696289 -0.45848962664604187 -0.47555923461914062  0.52468395233154297,0.49356308579444885  1.0209040641784668 0.31991663575172424, 0.53697061538696289 -0.45848962664604187 -0.47555923461914062  0.52468395233154297
1715787006.9573994,0.49370324611663818   1.015347957611084  0.3202890157699585,  0.5369340181350708 -0.45771345496177673 -0.47674897313117981  0.52431923151016235,0.49370324611663818   1.015347957611084  0.3202890157699585,  0.5369340181350708 -0.45771345496177673 -0.47674897313117981  0.52431923151016235
1715787006.9624007,0.49376574158668518  1.0098479986190796 0.32067540287971497, 0.53691726922988892  -0.4571709930896759 -0.47803968191146851  0.52363401651382446,0.49376574158668518  1.0098479986190796 0.32067540287971497, 0.53691726922988892  -0.4571709930896759 -0.47803968191146851  0.52363401651382446
1715787006.9673986,0.49374812841415405  1.0071479082107544 0.32074794173240662, 0.53675884008407593 -0.45701080560684204 -0.47867652773857117  0.52335441112518311,0.49374812841415405  1.0071479082107544 0.32074794173240662, 0.53675884008407593 -0.45701080560684204 -0.47867652773857117  0.52335441112518311
1715787006.9723997,0.49372962117195129  1.0018860101699829  0.3210030198097229, 0.53650254011154175 -0.45659613609313965  -0.4799952507019043  0.52277100086212158,0.49372962117195129  1.0018860101699829  0.3210030198097229, 0.53650254011154175 -0.45659613609313965  -0.4799952507019043  0.52277100086212158
1715787006.9773526,0.49378314614295959 0.99683588743209839 0.32103526592254639, 0.53576439619064331 -0.45730862021446228 -0.48059567809104919  0.52235347032546997,0.49378314614295959 0.99683588743209839 0.32103526592254639, 0.53576439619064331 -0.45730862021446228 -0.48059567809104919  0.52235347032546997
1715787006.9823985,0.49365133047103882  0.9920772910118103 0.32063370943069458, 0.53517788648605347 -0.45821532607078552 -0.48074498772621155  0.52202260494232178,0.49365133047103882  0.9920772910118103 0.32063370943069458, 0.53517788648605347 -0.45821532607078552 -0.48074498772621155  0.52202260494232178
1715787006.9873998,0.49343696236610413 0.98741543292999268 0.32047149538993835, 0.53448975086212158 -0.45951586961746216 -0.48044595122337341  0.52185964584350586,0.49343696236610413 0.98741543292999268 0.32047149538993835, 0.53448975086212158 -0.45951586961746216 -0.48044595122337341  0.52185964584350586
1715787006.9923999,0.49311333894729614 0.98286497592926025 0.32048848271369934, 0.53376877307891846 -0.46078115701675415 -0.47994363307952881  0.52194416522979736,0.49311333894729614 0.98286497592926025 0.32048848271369934, 0.53376877307891846 -0.46078115701675415 -0.47994363307952881  0.52194416522979736
1715787006.9974048,0.49286246299743652 0.98075622320175171 0.31999608874320984, 0.53324747085571289 -0.46165212988853455   -0.479493647813797  0.52212095260620117,0.49286246299743652 0.98075622320175171 0.31999608874320984, 0.53324747085571289 -0.46165212988853455   -0.479493647813797  0.52212095260620117
1715787007.0023675,0.49238145351409912 0.97653919458389282 0.31955012679100037, 0.53232663869857788 -0.46331554651260376 -0.47841116786003113  0.52257996797561646,0.49238145351409912 0.97653919458389282 0.31955012679100037, 0.53232663869857788 -0.46331554651260376 -0.47841116786003113  0.52257996797561646
1715787007.0073512,0.49181225895881653 0.97243386507034302 0.31935650110244751, 0.53176051378250122      -0.465087890625 -0.47678118944168091  0.52307134866714478,0.49181225895881653 0.97243386507034302 0.31935650110244751, 0.53176051378250122      -0.465087890625 -0.47678118944168091  0.52307134866714478
1715787007.012357,0.49118480086326599  0.9685559868812561 0.31830880045890808,  0.5304376482963562 -0.46761986613273621  -0.4745926558971405  0.52414631843566895,0.49118480086326599  0.9685559868812561 0.31830880045890808,  0.5304376482963562 -0.46761986613273621  -0.4745926558971405  0.52414631843566895
1715787007.0173995,0.49082997441291809 0.96665549278259277 0.31811055541038513, 0.52995920181274414  -0.4687938392162323 -0.47350829839706421  0.52456212043762207,0.49082997441291809 0.96665549278259277 0.31811055541038513, 0.52995920181274414  -0.4687938392162323 -0.47350829839706421  0.52456212043762207
1715787007.0224009,0.49020138382911682   0.962973952293396 0.31727263331413269, 0.52843588590621948 -0.47116729617118835 -0.47139269113540649  0.52587628364562988,0.49020138382911682   0.962973952293396 0.31727263331413269, 0.52843588590621948 -0.47116729617118835 -0.47139269113540649  0.52587628364562988
1715787007.0274243,0.48960322141647339 0.95948725938796997 0.31663236021995544, 0.52622616291046143 -0.47420856356620789 -0.46866780519485474  0.52779048681259155,0.48960322141647339 0.95948725938796997 0.31663236021995544, 0.52622616291046143 -0.47420856356620789 -0.46866780519485474  0.52779048681259155
1715787007.0323997,0.48921233415603638 0.95592129230499268 0.31619730591773987, 0.52414059638977051  -0.4769863486289978 -0.46629413962364197  0.52946245670318604,0.48921233415603638 0.95592129230499268 0.31619730591773987, 0.52414059638977051  -0.4769863486289978 -0.46629413962364197  0.52946245670318604
1715787007.0373998,0.48915970325469971 0.95394432544708252 0.31630623340606689, 0.52360033988952637 -0.47723439335823059 -0.46608859300613403  0.52995419502258301,0.48915970325469971 0.95394432544708252 0.31630623340606689, 0.52360033988952637 -0.47723439335823059 -0.46608859300613403  0.52995419502258301
1715787007.0424032, 0.4892507791519165  0.9495009183883667 0.31675261259078979, 0.52280110120773315 -0.47769108414649963 -0.46617996692657471  0.53025132417678833, 0.4892507791519165  0.9495009183883667 0.31675261259078979, 0.52280110120773315 -0.47769108414649963 -0.46617996692657471  0.53025132417678833
1715787007.0474014,0.48941153287887573 0.94477295875549316 0.31740596890449524, 0.52270632982254028 -0.47725245356559753 -0.46723127365112305  0.52981424331665039,0.48941153287887573 0.94477295875549316 0.31740596890449524, 0.52270632982254028 -0.47725245356559753 -0.46723127365112305  0.52981424331665039
1715787007.052424,  0.489450603723526 0.93994194269180298  0.3178456723690033,  0.5220533013343811 -0.47684800624847412 -0.46833992004394531  0.52984344959259033,  0.489450603723526 0.93994194269180298  0.3178456723690033,  0.5220533013343811 -0.47684800624847412 -0.46833992004394531  0.52984344959259033
1715787007.0573995,0.48943114280700684 0.93509161472320557 0.31792530417442322, 0.52200186252593994 -0.47643420100212097 -0.46931624412536621  0.52940225601196289,0.48943114280700684 0.93509161472320557 0.31792530417442322, 0.52200186252593994 -0.47643420100212097 -0.46931624412536621  0.52940225601196289
1715787007.0624013,0.48950186371803284 0.93016952276229858 0.31765595078468323, 0.52169758081436157 -0.47623586654663086  -0.4702189564704895  0.52907955646514893,0.48950186371803284 0.93016952276229858 0.31765595078468323, 0.52169758081436157 -0.47623586654663086  -0.4702189564704895  0.52907955646514893
1715787007.0674245,0.48948764801025391 0.92762482166290283 0.31777971982955933, 0.52175962924957275 -0.47588431835174561 -0.47089219093322754  0.52873581647872925,0.48948764801025391 0.92762482166290283 0.31777971982955933, 0.52175962924957275 -0.47588431835174561 -0.47089219093322754  0.52873581647872925
1715787007.0724018,0.48940026760101318 0.92260187864303589 0.31749662756919861, 0.52190130949020386 -0.47522789239883423 -0.47206655144691467  0.52813887596130371,0.48940026760101318 0.92260187864303589 0.31749662756919861, 0.52190130949020386 -0.47522789239883423 -0.47206655144691467  0.52813887596130371
1715787007.0774007,0.48910313844680786 0.91758018732070923  0.3171093761920929, 0.52229660749435425 -0.47496330738067627 -0.47284525632858276  0.52728879451751709,0.48910313844680786 0.91758018732070923  0.3171093761920929, 0.52229660749435425 -0.47496330738067627 -0.47284525632858276  0.52728879451751709
1715787007.0824001, 0.4886239767074585 0.91257721185684204 0.31700778007507324, 0.52344787120819092 -0.47514075040817261 -0.47293880581855774  0.52590161561965942, 0.4886239767074585 0.91257721185684204 0.31700778007507324, 0.52344787120819092 -0.47514075040817261 -0.47293880581855774  0.52590161561965942
1715787007.0874016,0.48805457353591919 0.90783041715621948 0.31718519330024719, 0.52436822652816772  -0.4754372239112854 -0.47295668721199036  0.52469933032989502,0.48805457353591919 0.90783041715621948 0.31718519330024719, 0.52436822652816772  -0.4754372239112854 -0.47295668721199036  0.52469933032989502
1715787007.0924029,0.48779672384262085 0.90554529428482056 0.31736105680465698, 0.52442121505737305 -0.47571679949760437   -0.472847580909729  0.52449125051498413,0.48779672384262085 0.90554529428482056 0.31736105680465698, 0.52442121505737305 -0.47571679949760437   -0.472847580909729  0.52449125051498413
1715787007.0974109,0.48740664124488831 0.90107232332229614 0.31765767931938171,  0.5250592827796936 -0.47579753398895264 -0.47312203049659729  0.52353125810623169,0.48740664124488831 0.90107232332229614 0.31765767931938171,  0.5250592827796936 -0.47579753398895264 -0.47312203049659729  0.52353125810623169
1715787007.1024008,0.48720249533653259 0.89671850204467773 0.31782874464988708, 0.52479004859924316  -0.4763733446598053 -0.47311931848526001  0.52327996492385864,0.48720249533653259 0.89671850204467773 0.31782874464988708, 0.52479004859924316  -0.4763733446598053 -0.47311931848526001  0.52327996492385864
1715787007.1073997,0.48711338639259338 0.89246433973312378 0.31785693764686584, 0.52475225925445557 -0.47649145126342773 -0.47340002655982971  0.52295637130737305,0.48711338639259338 0.89246433973312378 0.31785693764686584, 0.52475225925445557 -0.47649145126342773 -0.47340002655982971  0.52295637130737305
1715787007.1124003,0.48704537749290466 0.88826888799667358 0.31772163510322571,  0.5244562029838562 -0.47631126642227173 -0.47402346134185791  0.52285277843475342,0.48704537749290466 0.88826888799667358 0.31772163510322571,  0.5244562029838562 -0.47631126642227173 -0.47402346134185791  0.52285277843475342
1715787007.1174002,0.48705369234085083 0.88620412349700928 0.31763187050819397, 0.52416306734085083 -0.47661051154136658 -0.47402989864349365  0.52286815643310547,0.48705369234085083 0.88620412349700928 0.31763187050819397, 0.52416306734085083 -0.47661051154136658 -0.47402989864349365  0.52286815643310547
1715787007.1224074,0.48707729578018188 0.88216531276702881 0.31744608283042908,  0.5233227014541626 -0.47673740983009338 -0.47455069422721863  0.52312177419662476,0.48707729578018188 0.88216531276702881 0.31744608283042908,  0.5233227014541626 -0.47673740983009338 -0.47455069422721863  0.52312177419662476
1715787007.1274524,0.48709279298782349 0.87826520204544067  0.3173222541809082,0.52227318286895752 -0.4772922694683075  -0.474588543176651 0.52363014221191406,0.48709279298782349 0.87826520204544067  0.3173222541809082,0.52227318286895752 -0.4772922694683075  -0.474588543176651 0.52363014221191406
1715787007.1324024,0.48699381947517395 0.87441617250442505  0.3173556923866272,  0.5215151309967041 -0.47761639952659607 -0.47478049993515015  0.52391606569290161,0.48699381947517395 0.87441617250442505  0.3173556923866272,  0.5215151309967041 -0.47761639952659607 -0.47478049993515015  0.52391606569290161
1715787007.1374028,0.48679745197296143 0.87057912349700928 0.31745699048042297, 0.52097564935684204 -0.47840747237205505 -0.47448870539665222  0.52399533987045288,0.48679745197296143 0.87057912349700928 0.31745699048042297, 0.52097564935684204 -0.47840747237205505 -0.47448870539665222  0.52399533987045288
1715787007.1424024,0.48668473958969116 0.86863929033279419 0.31746912002563477, 0.52088934183120728 -0.47872564196586609 -0.47437945008277893  0.52388942241668701,0.48668473958969116 0.86863929033279419 0.31746912002563477, 0.52088934183120728 -0.47872564196586609 -0.47437945008277893  0.52388942241668701
1715787007.1474023,0.48632162809371948 0.86470353603363037 0.31752929091453552, 0.52090179920196533 -0.47916701436042786 -0.47423624992370605  0.52360314130783081,0.48632162809371948 0.86470353603363037 0.31752929091453552, 0.52090179920196533 -0.47916701436042786 -0.47423624992370605  0.52360314130783081
1715787007.1762488,0.48536476492881775 0.83891975879669189 0.31765457987785339, 0.52056729793548584 -0.47928428649902344 -0.47702637314796448  0.52128881216049194,0.48536476492881775 0.83891975879669189 0.31765457987785339, 0.52056729793548584 -0.47928428649902344 -0.47702637314796448  0.52128881216049194
1715787007.1813121,0.48536476492881775 0.83891975879669189 0.31765457987785339, 0.52056729793548584 -0.47928428649902344 -0.47702637314796448  0.52128881216049194,0.48536476492881775 0.83891975879669189 0.31765457987785339, 0.52056729793548584 -0.47928428649902344 -0.47702637314796448  0.52128881216049194
1715787007.1863363,0.48525437712669373 0.83704936504364014 0.31762641668319702, 0.52038341760635376 -0.47921475768089294 -0.47733122110366821  0.52125734090805054,0.48525437712669373 0.83704936504364014 0.31762641668319702, 0.52038341760635376 -0.47921475768089294 -0.47733122110366821  0.52125734090805054
1715787007.1913047,0.48507994413375854 0.83343648910522461 0.31766051054000854, 0.52009588479995728 -0.47978708148002625 -0.47716525197029114  0.52116978168487549,0.48507994413375854 0.83343648910522461 0.31766051054000854, 0.52009588479995728 -0.47978708148002625 -0.47716525197029114  0.52116978168487549
1715787007.1963081,0.48479625582695007 0.82988071441650391 0.31764501333236694, 0.51987403631210327 -0.48042747378349304 -0.47684597969055176  0.52109336853027344,0.48479625582695007 0.82988071441650391 0.31764501333236694, 0.51987403631210327 -0.48042747378349304 -0.47684597969055176  0.52109336853027344
1715787007.2013319,0.48462876677513123 0.82811987400054932 0.31758230924606323, 0.51978319883346558 -0.48024886846542358 -0.47712540626525879  0.52109289169311523,0.48462876677513123 0.82811987400054932 0.31758230924606323, 0.51978319883346558 -0.48024886846542358 -0.47712540626525879  0.52109289169311523
1715787007.2062776, 0.4844241738319397  0.8246009349822998 0.31759855151176453, 0.51959908008575439 -0.48109552264213562 -0.47678995132446289  0.52080243825912476, 0.4844241738319397  0.8246009349822998 0.31759855151176453, 0.51959908008575439 -0.48109552264213562 -0.47678995132446289  0.52080243825912476
1715787007.211307, 0.4842275083065033 0.82110637426376343 0.31755867600440979, 0.51929295063018799 -0.48091268539428711 -0.47720372676849365  0.52089768648147583, 0.4842275083065033 0.82110637426376343 0.31755867600440979, 0.51929295063018799 -0.48091268539428711 -0.47720372676849365  0.52089768648147583
1715787007.2163024,0.48406586050987244 0.81761223077774048  0.3175666332244873, 0.51903098821640015 -0.48105299472808838 -0.47740146517753601  0.52084809541702271,0.48406586050987244 0.81761223077774048  0.3175666332244873, 0.51903098821640015 -0.48105299472808838 -0.47740146517753601  0.52084809541702271
1715787007.2213075,0.48397490382194519 0.81408184766769409 0.31762275099754333, 0.51888376474380493 -0.48161828517913818 -0.47736898064613342  0.52050197124481201,0.48397490382194519 0.81408184766769409 0.31762275099754333, 0.51888376474380493 -0.48161828517913818 -0.47736898064613342  0.52050197124481201
1715787007.2263119,0.48386165499687195 0.81056654453277588 0.31767138838768005, 0.51851022243499756  -0.4813975989818573 -0.47802576422691345  0.52047562599182129,0.48386165499687195 0.81056654453277588 0.31767138838768005, 0.51851022243499756  -0.4813975989818573 -0.47802576422691345  0.52047562599182129
1715787007.2313073,0.48375067114830017 0.80709093809127808  0.3176434338092804, 0.51855719089508057 -0.48145636916160583 -0.47839862108230591  0.52003175020217896,0.48375067114830017 0.80709093809127808  0.3176434338092804, 0.51855719089508057 -0.48145636916160583 -0.47839862108230591  0.52003175020217896
1715787007.2363045,0.48371180891990662  0.8053780198097229 0.31764277815818787, 0.51857346296310425 -0.48150888085365295 -0.47846686840057373  0.51990401744842529,0.48371180891990662  0.8053780198097229 0.31764277815818787, 0.51857346296310425 -0.48150888085365295 -0.47846686840057373  0.51990401744842529
1715787007.2413058,0.48348772525787354 0.80203551054000854 0.31767129898071289, 0.51847589015960693 -0.48162272572517395 -0.47878623008728027  0.51960182189941406,0.48348772525787354 0.80203551054000854 0.31767129898071289, 0.51847589015960693 -0.48162272572517395 -0.47878623008728027  0.51960182189941406
1715787007.2463067,0.48328348994255066 0.79876941442489624 0.31763803958892822, 0.51816463470458984 -0.48171055316925049 -0.47897401452064514  0.51965779066085815,0.48328348994255066 0.79876941442489624 0.31763803958892822, 0.51816463470458984 -0.48171055316925049 -0.47897401452064514  0.51965779066085815
1715787007.2513056,0.48310348391532898 0.79558205604553223 0.31775423884391785, 0.51810306310653687 -0.48204523324966431 -0.47893935441970825  0.51944077014923096,0.48310348391532898 0.79558205604553223 0.31775423884391785, 0.51810306310653687 -0.48204523324966431 -0.47893935441970825  0.51944077014923096
1715787007.2563047,0.48291561007499695 0.79248249530792236 0.31777492165565491, 0.51779276132583618 -0.48228439688682556  -0.4790462851524353  0.51942962408065796,0.48291561007499695 0.79248249530792236 0.31777492165565491, 0.51779276132583618 -0.48228439688682556  -0.4790462851524353  0.51942962408065796
1715787007.2612829,0.48284715414047241 0.79091542959213257 0.31771460175514221, 0.51785755157470703 -0.48224511742591858 -0.47922560572624207  0.51923602819442749,0.48284715414047241 0.79091542959213257 0.31771460175514221, 0.51785755157470703 -0.48224511742591858 -0.47922560572624207  0.51923602819442749
1715787007.2662814,0.48268747329711914 0.78792035579681396 0.31774207949638367, 0.51763194799423218 -0.48244202136993408  -0.4793052077293396  0.51920455694198608,0.48268747329711914 0.78792035579681396 0.31774207949638367, 0.51763194799423218 -0.48244202136993408  -0.4793052077293396  0.51920455694198608
1715787007.2713101, 0.4825359582901001 0.78493756055831909 0.31770935654640198, 0.51745015382766724 -0.48267087340354919 -0.47949942946434021  0.51899367570877075, 0.4825359582901001 0.78493756055831909 0.31770935654640198, 0.51745015382766724 -0.48267087340354919 -0.47949942946434021  0.51899367570877075
1715787007.276309,0.48241493105888367 0.78195047378540039 0.31774365901947021, 0.51735556125640869  -0.4831145703792572 -0.47925889492034912  0.51889735460281372,0.48241493105888367 0.78195047378540039 0.31774365901947021, 0.51735556125640869  -0.4831145703792572 -0.47925889492034912  0.51889735460281372
1715787007.2813506,0.48224174976348877 0.77901077270507812 0.31778520345687866, 0.51714074611663818 -0.48295789957046509 -0.47972148656845093   0.5188298225402832,0.48224174976348877 0.77901077270507812 0.31778520345687866, 0.51714074611663818 -0.48295789957046509 -0.47972148656845093   0.5188298225402832
1715787007.2863057,0.48217877745628357 0.77751398086547852 0.31781196594238281, 0.51701086759567261 -0.48292127251625061 -0.48002362251281738  0.51871389150619507,0.48217877745628357 0.77751398086547852 0.31781196594238281, 0.51701086759567261 -0.48292127251625061 -0.48002362251281738  0.51871389150619507
1715787007.2913299,0.48200279474258423 0.77459865808486938 0.31781148910522461, 0.51680046319961548 -0.48311272263526917 -0.48014795780181885  0.51863020658493042,0.48200279474258423 0.77459865808486938 0.31781148910522461, 0.51680046319961548 -0.48311272263526917 -0.48014795780181885  0.51863020658493042
1715787007.2963223,0.48183262348175049 0.77174746990203857 0.31787955760955811, 0.51668441295623779 -0.48335316777229309  -0.4802415668964386  0.51843512058258057,0.48183262348175049 0.77174746990203857 0.31787955760955811, 0.51668441295623779 -0.48335316777229309  -0.4802415668964386  0.51843512058258057
1715787007.301281,0.48168078064918518  0.7689250111579895 0.31787174940109253, 0.51686042547225952 -0.48326101899147034 -0.48043069243431091  0.51817029714584351,0.48168078064918518  0.7689250111579895 0.31787174940109253, 0.51686042547225952 -0.48326101899147034 -0.48043069243431091  0.51817029714584351
1715787007.3063071,0.48152315616607666 0.76620733737945557 0.31781372427940369, 0.51658082008361816   -0.483559250831604 -0.48039665818214417  0.51820242404937744,0.48152315616607666 0.76620733737945557 0.31781372427940369, 0.51658082008361816   -0.483559250831604 -0.48039665818214417  0.51820242404937744
1715787007.3113296,0.48147127032279968 0.76485902070999146  0.3178313672542572, 0.51644593477249146 -0.48357650637626648 -0.48053967952728271  0.51818817853927612,0.48147127032279968 0.76485902070999146  0.3178313672542572, 0.51644593477249146 -0.48357650637626648 -0.48053967952728271  0.51818817853927612
1715787007.316345, 0.4813234806060791 0.76220411062240601 0.31782627105712891, 0.51633387804031372 -0.48369815945625305 -0.48078081011772156  0.51796257495880127, 0.4813234806060791 0.76220411062240601 0.31782627105712891, 0.51633387804031372 -0.48369815945625305 -0.48078081011772156  0.51796257495880127
1715787007.3213584,0.48109307885169983 0.75962084531784058 0.31759598851203918, 0.51623731851577759 -0.48408761620521545 -0.48041349649429321  0.51803576946258545,0.48109307885169983 0.75962084531784058 0.31759598851203918, 0.51623731851577759 -0.48408761620521545 -0.48041349649429321  0.51803576946258545
1715787007.3263056,0.48103028535842896 0.75692713260650635 0.31784540414810181, 0.51582783460617065 -0.48419278860092163 -0.48075306415557861  0.51803040504455566,0.48103028535842896 0.75692713260650635 0.31784540414810181, 0.51582783460617065 -0.48419278860092163 -0.48075306415557861  0.51803040504455566
1715787007.3313339,0.48097643256187439 0.75559669733047485 0.31786283850669861, 0.51597678661346436 -0.48401126265525818 -0.48088908195495605   0.5179254412651062,0.48097643256187439 0.75559669733047485 0.31786283850669861, 0.51597678661346436 -0.48401126265525818 -0.48088908195495605   0.5179254412651062
1715787007.3363304, 0.4808012843132019 0.75307995080947876 0.31787222623825073, 0.51588618755340576 -0.48430043458938599 -0.48083293437957764  0.51779747009277344, 0.4808012843132019 0.75307995080947876 0.31787222623825073, 0.51588618755340576 -0.48430043458938599 -0.48083293437957764  0.51779747009277344
1715787007.3413332,0.48067840933799744 0.75052481889724731  0.3179115355014801, 0.51591223478317261 -0.48428648710250854 -0.48104873299598694  0.51758402585983276,0.48067840933799744 0.75052481889724731  0.3179115355014801, 0.51591223478317261 -0.48428648710250854 -0.48104873299598694  0.51758402585983276
1715787007.3463061,0.48052099347114563 0.74805361032485962 0.31791725754737854, 0.51591950654983521 -0.48442277312278748 -0.48115354776382446  0.51735186576843262,0.48052099347114563 0.74805361032485962 0.31791725754737854, 0.51591950654983521 -0.48442277312278748 -0.48115354776382446  0.51735186576843262
1715787007.3513215,0.48035866022109985  0.7456095814704895 0.31793132424354553, 0.51588708162307739 -0.48443171381950378 -0.48143702745437622  0.51711201667785645,0.48035866022109985  0.7456095814704895 0.31793132424354553, 0.51588708162307739 -0.48443171381950378 -0.48143702745437622  0.51711201667785645
1715787007.3563037,0.48028433322906494 0.74437797069549561 0.31794479489326477,  0.5157884955406189 -0.48450586199760437 -0.48147141933441162  0.51710885763168335,0.48028433322906494 0.74437797069549561 0.31794479489326477,  0.5157884955406189 -0.48450586199760437 -0.48147141933441162  0.51710885763168335
1715787007.3613341,0.48017635941505432 0.74200516939163208 0.31795701384544373, 0.51573789119720459 -0.48464119434356689 -0.48153737187385559  0.51697111129760742,0.48017635941505432 0.74200516939163208 0.31795701384544373, 0.51573789119720459 -0.48464119434356689 -0.48153737187385559  0.51697111129760742
1715787007.3663044,0.48004746437072754 0.73964226245880127  0.3180096447467804, 0.51576036214828491 -0.48486125469207764 -0.48149782419204712  0.51677912473678589,0.48004746437072754 0.73964226245880127  0.3180096447467804, 0.51576036214828491 -0.48486125469207764 -0.48149782419204712  0.51677912473678589
1715787007.3713226,0.47992941737174988 0.73737186193466187 0.31801280379295349, 0.51557201147079468 -0.48483225703239441 -0.48173710703849792  0.51677131652832031,0.47992941737174988 0.73737186193466187 0.31801280379295349, 0.51557201147079468 -0.48483225703239441 -0.48173710703849792  0.51677131652832031
1715787007.3763096,0.47979655861854553 0.73519188165664673 0.31798061728477478, 0.51550555229187012 -0.48500937223434448 -0.48179641366004944  0.51661604642868042,0.47979655861854553 0.73519188165664673 0.31798061728477478, 0.51550555229187012 -0.48500937223434448 -0.48179641366004944  0.51661604642868042
1715787007.3813078,0.47966375946998596 0.73411053419113159 0.31801754236221313, 0.51566815376281738 -0.48506087064743042 -0.48165935277938843   0.5165332555770874,0.47966375946998596 0.73411053419113159 0.31801754236221313, 0.51566815376281738 -0.48506087064743042 -0.48165935277938843   0.5165332555770874
1715787007.3863063,0.47955203056335449 0.73198527097702026 0.31799149513244629, 0.51538270711898804 -0.48509079217910767 -0.48190262913703918   0.5165630578994751,0.47955203056335449 0.73198527097702026 0.31799149513244629, 0.51538270711898804 -0.48509079217910767 -0.48190262913703918   0.5165630578994751
1715787007.3913267,0.47943928837776184 0.72991466522216797 0.31802725791931152, 0.51529228687286377   -0.485126793384552 -0.48199275135993958  0.51653540134429932,0.47943928837776184 0.72991466522216797 0.31802725791931152, 0.51529228687286377   -0.485126793384552 -0.48199275135993958  0.51653540134429932
1715787007.3963063,0.47929903864860535 0.72783088684082031 0.31806308031082153, 0.51532971858978271 -0.48527157306671143 -0.48202788829803467  0.51632928848266602,0.47929903864860535 0.72783088684082031 0.31806308031082153, 0.51532971858978271 -0.48527157306671143 -0.48202788829803467  0.51632928848266602
1715787007.4013438,0.47917348146438599 0.72585427761077881 0.31798174977302551, 0.51495563983917236  -0.4851858913898468 -0.48223266005516052  0.51659172773361206,0.47917348146438599 0.72585427761077881 0.31798174977302551, 0.51495563983917236  -0.4851858913898468 -0.48223266005516052  0.51659172773361206
1715787007.4063065,0.47906506061553955 0.72389304637908936  0.3180263340473175, 0.51489406824111938 -0.48532068729400635 -0.48228779435157776  0.51647502183914185,0.47906506061553955 0.72389304637908936  0.3180263340473175, 0.51489406824111938 -0.48532068729400635 -0.48228779435157776  0.51647502183914185
1715787007.4113047,0.47901776432991028 0.72289150953292847 0.31802383065223694, 0.51494061946868896 -0.48545598983764648  -0.4821639358997345  0.51641708612442017,0.47901776432991028 0.72289150953292847 0.31802383065223694, 0.51494061946868896 -0.48545598983764648  -0.4821639358997345  0.51641708612442017
1715787007.4163051,0.47885653376579285 0.72107857465744019 0.31807300448417664, 0.51474517583847046 -0.48531001806259155 -0.48239058256149292  0.51653742790222168,0.47885653376579285 0.72107857465744019 0.31807300448417664, 0.51474517583847046 -0.48531001806259155 -0.48239058256149292  0.51653742790222168
1715787007.4213047,0.47878015041351318 0.71924400329589844 0.31799975037574768, 0.51479566097259521 -0.48548668622970581 -0.48239946365356445  0.51631277799606323,0.47878015041351318 0.71924400329589844 0.31799975037574768, 0.51479566097259521 -0.48548668622970581 -0.48239946365356445  0.51631277799606323
1715787007.426285,0.47860035300254822 0.71747124195098877 0.31801736354827881, 0.51476633548736572 -0.48566100001335144 -0.48231944441795349  0.51625281572341919,0.47860035300254822 0.71747124195098877 0.31801736354827881, 0.51476633548736572 -0.48566100001335144 -0.48231944441795349  0.51625281572341919
1715787007.4313047, 0.4784848690032959 0.71577227115631104 0.31801691651344299, 0.51463901996612549 -0.48550406098365784 -0.48247379064559937  0.51638317108154297, 0.4784848690032959 0.71577227115631104 0.31801691651344299, 0.51463901996612549 -0.48550406098365784 -0.48247379064559937  0.51638317108154297
1715787007.4363077,0.47844439744949341 0.71487629413604736 0.31808263063430786, 0.51467907428741455 -0.48549056053161621 -0.48263850808143616  0.51620191335678101,0.47844439744949341 0.71487629413604736 0.31808263063430786, 0.51467907428741455 -0.48549056053161621 -0.48263850808143616  0.51620191335678101
1715787007.44133,0.47832924127578735 0.71326041221618652 0.31804922223091125, 0.51467877626419067 -0.48568502068519592 -0.48254415392875671  0.51610755920410156,0.47832924127578735 0.71326041221618652 0.31804922223091125, 0.51467877626419067 -0.48568502068519592 -0.48254415392875671  0.51610755920410156
1715787007.4463594,0.47825735807418823 0.71158266067504883 0.31804379820823669, 0.51473110914230347 -0.48565998673439026 -0.48266157507896423  0.51596903800964355,0.47825735807418823 0.71158266067504883 0.31804379820823669, 0.51473110914230347 -0.48565998673439026 -0.48266157507896423  0.51596903800964355
1715787007.4513521,0.47811806201934814 0.71001851558685303    0.31804159283638, 0.51465380191802979 -0.48568183183670044 -0.48263317346572876  0.51605212688446045,0.47811806201934814 0.71001851558685303    0.31804159283638, 0.51465380191802979 -0.48568183183670044 -0.48263317346572876  0.51605212688446045
1715787007.4563074,0.47800680994987488 0.70843929052352905 0.31801757216453552, 0.51465076208114624 -0.48573431372642517  -0.4826931357383728  0.51594966650009155,0.47800680994987488 0.70843929052352905 0.31801757216453552, 0.51465076208114624 -0.48573431372642517  -0.4826931357383728  0.51594966650009155
1715787007.461287,0.47795125842094421  0.7076573371887207 0.31800764799118042, 0.51457047462463379 -0.48571813106536865 -0.48269984126091003  0.51603877544403076,0.47795125842094421  0.7076573371887207 0.31800764799118042, 0.51457047462463379 -0.48571813106536865 -0.48269984126091003  0.51603877544403076
1715787007.4663079,0.47786480188369751 0.70613431930541992 0.31806901097297668,  0.5145190954208374 -0.48595264554023743 -0.48272249102592468  0.51584798097610474,0.47786480188369751 0.70613431930541992 0.31806901097297668,  0.5145190954208374 -0.48595264554023743 -0.48272249102592468  0.51584798097610474
1715787007.4713061,0.47771823406219482 0.70468378067016602 0.31804478168487549, 0.51459115743637085 -0.48572617769241333 -0.48264035582542419  0.51606619358062744,0.47771823406219482 0.70468378067016602 0.31804478168487549, 0.51459115743637085 -0.48572617769241333 -0.48264035582542419  0.51606619358062744
1715787007.4763057,0.47766849398612976 0.70325654745101929 0.31808662414550781, 0.51456034183502197 -0.48583605885505676 -0.48273956775665283  0.51590067148208618,0.47766849398612976 0.70325654745101929 0.31808662414550781, 0.51456034183502197 -0.48583605885505676 -0.48273956775665283  0.51590067148208618
1715787007.4813304,0.47754561901092529 0.70186203718185425 0.31809231638908386, 0.51454049348831177 -0.48575842380523682  -0.4827951192855835  0.51594161987304688,0.47754561901092529 0.70186203718185425 0.31809231638908386, 0.51454049348831177 -0.48575842380523682  -0.4827951192855835  0.51594161987304688
1715787007.4863052,0.47750791907310486 0.70118826627731323 0.31811395287513733, 0.51463103294372559 -0.48597818613052368 -0.48268568515777588  0.51574665307998657,0.47750791907310486 0.70118826627731323 0.31811395287513733, 0.51463103294372559 -0.48597818613052368 -0.48268568515777588  0.51574665307998657
1715787007.4913347,0.47742912173271179 0.69987493753433228 0.31809991598129272, 0.51442527770996094 -0.48582813143730164 -0.48284557461738586  0.51594358682632446,0.47742912173271179 0.69987493753433228 0.31809991598129272, 0.51442527770996094 -0.48582813143730164 -0.48284557461738586  0.51594358682632446
1715787007.4962835,0.47733893990516663 0.69861555099487305 0.31810393929481506, 0.51450127363204956 -0.48578408360481262 -0.48273321986198425  0.51601439714431763,0.47733893990516663 0.69861555099487305 0.31810393929481506, 0.51450127363204956 -0.48578408360481262 -0.48273321986198425  0.51601439714431763
1715787007.5013056,0.47721871733665466 0.69739747047424316 0.31809854507446289, 0.51451128721237183 -0.48588025569915771   -0.482696533203125  0.51594817638397217,0.47721871733665466 0.69739747047424316 0.31809854507446289, 0.51451128721237183 -0.48588025569915771   -0.482696533203125  0.51594817638397217
1715787007.5063112,  0.477102130651474 0.69621521234512329 0.31809720396995544,0.51450616121292114 -0.4858173131942749 -0.4827372133731842 0.51597458124160767,  0.477102130651474 0.69621521234512329 0.31809720396995544,0.51450616121292114 -0.4858173131942749 -0.4827372133731842 0.51597458124160767
1715787007.511317,0.47708290815353394 0.69566285610198975 0.31811997294425964, 0.51451808214187622 -0.48603299260139465 -0.48263025283813477  0.51585960388183594,0.47708290815353394 0.69566285610198975 0.31811997294425964, 0.51451808214187622 -0.48603299260139465 -0.48263025283813477  0.51585960388183594
1715787007.516305, 0.4769730269908905 0.69455009698867798 0.31813806295394897, 0.51462668180465698 -0.48577180504798889 -0.48272907733917236  0.51590478420257568, 0.4769730269908905 0.69455009698867798 0.31813806295394897, 0.51462668180465698 -0.48577180504798889 -0.48272907733917236  0.51590478420257568
1715787007.5213087, 0.4768909215927124 0.69355553388595581 0.31812077760696411, 0.51460474729537964 -0.48568242788314819 -0.48278537392616272  0.51595818996429443, 0.4768909215927124 0.69355553388595581 0.31812077760696411, 0.51460474729537964 -0.48568242788314819 -0.48278537392616272  0.51595818996429443
1715787007.526305, 0.4768003523349762 0.69253730773925781   0.318086177110672, 0.51451742649078369 -0.48566293716430664  -0.4827667772769928  0.51608091592788696, 0.4768003523349762 0.69253730773925781   0.318086177110672, 0.51451742649078369 -0.48566293716430664  -0.4827667772769928  0.51608091592788696
1715787007.5313065,0.47671747207641602 0.69157910346984863  0.3181290328502655, 0.51462239027023315 -0.48565933108329773 -0.48274025321006775  0.51600450277328491,0.47671747207641602 0.69157910346984863  0.3181290328502655, 0.51462239027023315 -0.48565933108329773 -0.48274025321006775  0.51600450277328491
1715787007.5363033,0.47668531537055969 0.69111251831054688 0.31811049580574036, 0.51472622156143188 -0.48559838533401489 -0.48265299201011658  0.51603996753692627,0.47668531537055969 0.69111251831054688 0.31811049580574036, 0.51472622156143188 -0.48559838533401489 -0.48265299201011658  0.51603996753692627
1715787007.5413408,0.47661402821540833 0.69021791219711304 0.31810456514358521, 0.51468384265899658 -0.48575285077095032 -0.48249652981758118  0.51608312129974365,0.47661402821540833 0.69021791219711304 0.31810456514358521, 0.51468384265899658 -0.48575285077095032 -0.48249652981758118  0.51608312129974365
1715787007.546315,0.47655525803565979 0.68936163187026978 0.31811082363128662, 0.51472318172454834 -0.48581799864768982 -0.48252114653587341  0.51595956087112427,0.47655525803565979 0.68936163187026978 0.31811082363128662, 0.51472318172454834 -0.48581799864768982 -0.48252114653587341  0.51595956087112427
1715787007.5513051,0.47643676400184631 0.68862009048461914 0.31810629367828369, 0.51481282711029053 -0.48557016253471375  -0.4825465977191925  0.51607966423034668,0.47643676400184631 0.68862009048461914 0.31810629367828369, 0.51481282711029053 -0.48557016253471375  -0.4825465977191925  0.51607966423034668
1715787007.5563293,0.47638654708862305 0.68786793947219849 0.31811416149139404, 0.51454174518585205 -0.48552852869033813 -0.48261439800262451  0.51632565259933472,0.47638654708862305 0.68786793947219849 0.31811416149139404, 0.51454174518585205 -0.48552852869033813 -0.48261439800262451  0.51632565259933472
1715787007.5613108,0.47638112306594849  0.6874852180480957 0.31807619333267212, 0.51490223407745361 -0.48547512292861938 -0.48249545693397522  0.51612764596939087,0.47638112306594849  0.6874852180480957 0.31807619333267212, 0.51490223407745361 -0.48547512292861938 -0.48249545693397522  0.51612764596939087
1715787007.5663059,0.47631564736366272 0.68674451112747192 0.31824341416358948, 0.51478642225265503 -0.48543891310691833 -0.48249137401580811  0.51628100872039795,0.47631564736366272 0.68674451112747192 0.31824341416358948, 0.51478642225265503 -0.48543891310691833 -0.48249137401580811  0.51628100872039795
1715787007.5713043,0.47623220086097717 0.68611311912536621 0.31823962926864624, 0.51475965976715088 -0.48538950085639954 -0.48242554068565369  0.51641559600830078,0.47623220086097717 0.68611311912536621 0.31823962926864624, 0.51475965976715088 -0.48538950085639954 -0.48242554068565369  0.51641559600830078
1715787007.5762951,0.47621485590934753 0.68545413017272949 0.31824317574501038, 0.51495832204818726 -0.48530936241149902 -0.48242244124412537  0.51629579067230225,0.47621485590934753 0.68545413017272949 0.31824317574501038, 0.51495832204818726 -0.48530936241149902 -0.48242244124412537  0.51629579067230225
1715787007.5812933,0.47615376114845276  0.6849055290222168 0.31828328967094421, 0.51481819152832031 -0.48521700501441956 -0.48239237070083618  0.51655036211013794,0.47615376114845276  0.6849055290222168 0.31828328967094421, 0.51481819152832031 -0.48521700501441956 -0.48239237070083618  0.51655036211013794
1715787007.586344, 0.4761185348033905 0.68462806940078735  0.3182101845741272, 0.51523387432098389 -0.48515108227729797 -0.48232334852218628  0.51626217365264893, 0.4761185348033905 0.68462806940078735  0.3182101845741272, 0.51523387432098389 -0.48515108227729797 -0.48232334852218628  0.51626217365264893
1715787007.5913074, 0.4760587215423584 0.68411493301391602 0.31819960474967957, 0.51488769054412842 -0.48536118865013123 -0.48211628198623657  0.51660341024398804, 0.4760587215423584 0.68411493301391602 0.31819960474967957, 0.51488769054412842 -0.48536118865013123 -0.48211628198623657  0.51660341024398804
1715787007.5963538,0.47603979706764221  0.6836315393447876 0.31824466586112976, 0.51509439945220947 -0.48534747958183289 -0.48203262686729431  0.51648825407028198,0.47603979706764221  0.6836315393447876 0.31824466586112976, 0.51509439945220947 -0.48534747958183289 -0.48203262686729431  0.51648825407028198
1715787007.6013563,0.47594386339187622 0.68318796157836914  0.3182661235332489,  0.5151214599609375 -0.48541390895843506 -0.48190179467201233   0.5165209174156189,0.47594386339187622 0.68318796157836914  0.3182661235332489,  0.5151214599609375 -0.48541390895843506 -0.48190179467201233   0.5165209174156189
1715787007.6063302,0.47589531540870667  0.6828378438949585  0.3181527853012085,  0.5152166485786438      -0.485107421875 -0.48197910189628601  0.51664179563522339,0.47589531540870667  0.6828378438949585  0.3181527853012085,  0.5152166485786438      -0.485107421875 -0.48197910189628601  0.51664179563522339
1715787007.6113141, 0.4759056568145752 0.68260794878005981 0.31819441914558411, 0.51534157991409302 -0.48498806357383728 -0.48202067613601685  0.51659047603607178, 0.4759056568145752 0.68260794878005981 0.31819441914558411, 0.51534157991409302 -0.48498806357383728 -0.48202067613601685  0.51659047603607178
1715787007.6163054,0.47585809230804443 0.68226426839828491 0.31825429201126099, 0.51542258262634277  -0.4849373996257782 -0.48186388611793518  0.51670348644256592,0.47585809230804443 0.68226426839828491 0.31825429201126099, 0.51542258262634277  -0.4849373996257782 -0.48186388611793518  0.51670348644256592
1715787007.6213074,0.47580626606941223 0.68199479579925537 0.31823450326919556, 0.51570665836334229 -0.48483052849769592 -0.48174476623535156  0.51663142442703247,0.47580626606941223 0.68199479579925537 0.31823450326919556, 0.51570665836334229 -0.48483052849769592 -0.48174476623535156  0.51663142442703247
1715787007.6263049,0.47575190663337708   0.681690514087677  0.3182443380355835, 0.51586830615997314 -0.48471841216087341 -0.48164862394332886  0.51666486263275146,0.47575190663337708   0.681690514087677  0.3182443380355835, 0.51586830615997314 -0.48471841216087341 -0.48164862394332886  0.51666486263275146
1715787007.6313066,0.47574001550674438 0.68156075477600098 0.31825998425483704, 0.51599085330963135 -0.48466220498085022 -0.48160684108734131  0.51663410663604736,0.47574001550674438 0.68156075477600098 0.31825998425483704, 0.51599085330963135 -0.48466220498085022 -0.48160684108734131  0.51663410663604736
1715787007.6364381,0.47569665312767029 0.68133765459060669 0.31829747557640076, 0.51604992151260376 -0.48459723591804504 -0.48153573274612427  0.51670235395431519,0.47569665312767029 0.68133765459060669 0.31829747557640076, 0.51604992151260376 -0.48459723591804504 -0.48153573274612427  0.51670235395431519
1715787007.6413064,0.47565615177154541 0.68120306730270386 0.31814932823181152, 0.51562708616256714 -0.48458042740821838  -0.4814421534538269   0.5172271728515625,0.47565615177154541 0.68120306730270386 0.31814932823181152, 0.51562708616256714 -0.48458042740821838  -0.4814421534538269   0.5172271728515625
1715787007.6463096,0.47566673159599304 0.68105173110961914 0.31817027926445007, 0.51572823524475098 -0.48450374603271484 -0.48142030835151672  0.51721853017807007,0.47566673159599304 0.68105173110961914 0.31817027926445007, 0.51572823524475098 -0.48450374603271484 -0.48142030835151672  0.51721853017807007
1715787007.6513081,0.47565522789955139 0.68097823858261108 0.31820589303970337, 0.51597720384597778  -0.4844144880771637 -0.48141288757324219  0.51706075668334961,0.47565522789955139 0.68097823858261108 0.31820589303970337, 0.51597720384597778  -0.4844144880771637 -0.48141288757324219  0.51706075668334961
1715787007.6562848,0.47566381096839905 0.68094229698181152 0.31814980506896973, 0.51570814847946167 -0.48438766598701477 -0.48140621185302734   0.5173603892326355,0.47566381096839905 0.68094229698181152 0.31814980506896973, 0.51570814847946167 -0.48438766598701477 -0.48140621185302734   0.5173603892326355
1715787007.6612883,0.47564670443534851 0.68093520402908325 0.31819981336593628, 0.51578044891357422 -0.48434016108512878 -0.48138439655303955   0.5173531174659729,0.47564670443534851 0.68093520402908325 0.31819981336593628, 0.51578044891357422 -0.48434016108512878 -0.48138439655303955   0.5173531174659729
1715787007.6663125,0.47563189268112183 0.68093180656433105 0.31823816895484924,  0.5159798264503479 -0.48431187868118286 -0.48138242959976196  0.51718252897262573,0.47563189268112183 0.68093180656433105 0.31823816895484924,  0.5159798264503479 -0.48431187868118286 -0.48138242959976196  0.51718252897262573
1715787007.6713049,0.47559213638305664 0.68097573518753052 0.31830528378486633, 0.51623821258544922  -0.4843120276927948 -0.48135221004486084  0.51695263385772705,0.47559213638305664 0.68097573518753052 0.31830528378486633, 0.51623821258544922  -0.4843120276927948 -0.48135221004486084  0.51695263385772705
1715787007.676306,0.47559905052185059 0.68102365732192993 0.31835955381393433, 0.51638889312744141 -0.48439893126487732  -0.4812624454498291   0.5168042778968811,0.47559905052185059 0.68102365732192993 0.31835955381393433, 0.51638889312744141 -0.48439893126487732  -0.4812624454498291   0.5168042778968811
1715787007.6813049, 0.4756138026714325 0.68116903305053711 0.31828519701957703, 0.51643198728561401 -0.48444584012031555 -0.48107355833053589  0.51689308881759644, 0.4756138026714325 0.68116903305053711 0.31828519701957703, 0.51643198728561401 -0.48444584012031555 -0.48107355833053589  0.51689308881759644
1715787007.6863315,0.47560083866119385 0.68126487731933594 0.31821802258491516, 0.51618856191635132 -0.48446595668792725 -0.48099812865257263  0.51718747615814209,0.47560083866119385 0.68126487731933594 0.31821802258491516, 0.51618856191635132 -0.48446595668792725 -0.48099812865257263  0.51718747615814209
1715787007.6912558,0.47561395168304443 0.68134826421737671 0.31821379065513611,   0.516224205493927 -0.48455613851547241 -0.48093235492706299  0.51712864637374878,0.47561395168304443 0.68134826421737671 0.31821379065513611,   0.516224205493927 -0.48455613851547241 -0.48093235492706299  0.51712864637374878
1715787007.6962605,0.47561037540435791 0.68138134479522705 0.31827664375305176, 0.51646828651428223 -0.48455387353897095 -0.48087620735168457  0.51693916320800781,0.47561037540435791 0.68138134479522705 0.31827664375305176, 0.51646828651428223 -0.48455387353897095 -0.48087620735168457  0.51693916320800781
1715787007.7013049,0.47556138038635254 0.68140745162963867 0.31836751103401184, 0.51676160097122192 -0.48451194167137146 -0.48078620433807373  0.51676905155181885,0.47556138038635254 0.68140745162963867 0.31836751103401184, 0.51676160097122192 -0.48451194167137146 -0.48078620433807373  0.51676905155181885
1715787007.7063057,0.47551965713500977 0.68140828609466553 0.31839442253112793, 0.51710367202758789 -0.48440060019493103 -0.48075509071350098   0.5165601372718811,0.47551965713500977 0.68140828609466553 0.31839442253112793, 0.51710367202758789 -0.48440060019493103 -0.48075509071350098   0.5165601372718811
1715787007.7113059,0.47553730010986328 0.68136870861053467 0.31845259666442871, 0.51728963851928711 -0.48434561491012573 -0.48076900839805603  0.51641255617141724,0.47553730010986328 0.68136870861053467 0.31845259666442871, 0.51728963851928711 -0.48434561491012573 -0.48076900839805603  0.51641255617141724
1715787007.7163055,0.47560301423072815 0.68134725093841553 0.31830507516860962, 0.51628458499908447 -0.48457533121109009 -0.48090118169784546  0.51707929372787476,0.47560301423072815 0.68134725093841553 0.31830507516860962, 0.51628458499908447 -0.48457533121109009 -0.48090118169784546  0.51707929372787476
1715787007.7213061, 0.4755643904209137 0.68126523494720459  0.3183726966381073, 0.51661199331283569 -0.48446512222290039 -0.48097124695777893  0.51679033041000366, 0.4755643904209137 0.68126523494720459  0.3183726966381073, 0.51661199331283569 -0.48446512222290039 -0.48097124695777893  0.51679033041000366
1715787007.7263038,0.47554659843444824 0.68119722604751587 0.31838104128837585, 0.51689612865447998 -0.48438364267349243 -0.48103755712509155  0.51652085781097412,0.47554659843444824 0.68119722604751587 0.31838104128837585, 0.51689612865447998 -0.48438364267349243 -0.48103755712509155  0.51652085781097412
1715787007.7313354,0.47557911276817322 0.68113839626312256 0.31841135025024414,  0.5170101523399353 -0.48433792591094971 -0.48108518123626709  0.51640522480010986,0.47557911276817322 0.68113839626312256 0.31841135025024414,  0.5170101523399353 -0.48433792591094971 -0.48108518123626709  0.51640522480010986
1715787007.7363291,0.47555083036422729 0.68109041452407837 0.31846573948860168, 0.51725709438323975 -0.48430240154266357 -0.48109257221221924  0.51618432998657227,0.47555083036422729 0.68109041452407837 0.31846573948860168, 0.51725709438323975 -0.48430240154266357 -0.48109257221221924  0.51618432998657227
1715787007.7413349,0.47555166482925415  0.6810571551322937 0.31846129894256592, 0.51735442876815796 -0.48423284292221069 -0.48118188977241516  0.51606875658035278,0.47555166482925415  0.6810571551322937 0.31846129894256592, 0.51735442876815796 -0.48423284292221069 -0.48118188977241516  0.51606875658035278
1715787007.7463076,0.47554978728294373 0.68104743957519531 0.31847822666168213, 0.51744735240936279  -0.4842231273651123 -0.48117795586585999  0.51598834991455078,0.47554978728294373 0.68104743957519531 0.31847822666168213, 0.51744735240936279  -0.4842231273651123 -0.48117795586585999  0.51598834991455078
1715787007.751308,0.47554841637611389 0.68106716871261597 0.31848070025444031, 0.51751029491424561 -0.48424836993217468 -0.48113015294075012  0.51594609022140503,0.47554841637611389 0.68106716871261597 0.31848070025444031, 0.51751029491424561 -0.48424836993217468 -0.48113015294075012  0.51594609022140503
1715787007.7563102,0.47562971711158752 0.68115204572677612 0.31834158301353455, 0.51640176773071289 -0.48448437452316284 -0.48116838932037354  0.51679885387420654,0.47562971711158752 0.68115204572677612 0.31834158301353455, 0.51640176773071289 -0.48448437452316284 -0.48116838932037354  0.51679885387420654
1715787007.7613115,0.47561782598495483 0.68123167753219604 0.31827804446220398, 0.51630568504333496 -0.48451891541481018 -0.48113268613815308  0.51689571142196655,0.47561782598495483 0.68123167753219604 0.31827804446220398, 0.51630568504333496 -0.48451891541481018 -0.48113268613815308  0.51689571142196655
1715787007.7663136,0.47561302781105042 0.68126773834228516 0.31831327080726624, 0.51627129316329956 -0.48457744717597961 -0.48106342554092407  0.51693969964981079,0.47561302781105042 0.68126773834228516 0.31831327080726624, 0.51627129316329956 -0.48457744717597961 -0.48106342554092407  0.51693969964981079
1715787007.7713404,0.47561052441596985 0.68133121728897095 0.31828925013542175, 0.51620012521743774 -0.48464098572731018 -0.48100879788398743  0.51700204610824585,0.47561052441596985 0.68133121728897095 0.31828925013542175, 0.51620012521743774 -0.48464098572731018 -0.48100879788398743  0.51700204610824585
1715787007.7763054,0.47562801837921143 0.68136692047119141 0.31829574704170227, 0.51620060205459595  -0.4846796989440918 -0.48096621036529541  0.51700484752655029,0.47562801837921143 0.68136692047119141 0.31829574704170227, 0.51620060205459595  -0.4846796989440918 -0.48096621036529541  0.51700484752655029
1715787007.7813056,0.47562313079833984 0.68139070272445679 0.31830152869224548, 0.51626980304718018 -0.48469710350036621 -0.48091223835945129  0.51696962118148804,0.47562313079833984 0.68139070272445679 0.31830152869224548, 0.51626980304718018 -0.48469710350036621 -0.48091223835945129  0.51696962118148804
1715787007.786305,0.47560840845108032 0.68138647079467773 0.31830933690071106, 0.51629012823104858 -0.48467493057250977 -0.48092940449714661  0.51695418357849121,0.47560840845108032 0.68138647079467773 0.31830933690071106, 0.51629012823104858 -0.48467493057250977 -0.48092940449714661  0.51695418357849121
1715787007.7913058,0.47561365365982056 0.68137162923812866 0.31830793619155884, 0.51641857624053955 -0.48463243246078491 -0.48092612624168396  0.51686877012252808,0.47561365365982056 0.68137162923812866 0.31830793619155884, 0.51641857624053955 -0.48463243246078491 -0.48092612624168396  0.51686877012252808
1715787007.7963061,0.47561758756637573 0.68134742975234985 0.31834438443183899,   0.516532301902771  -0.4845958948135376 -0.48091733455657959  0.51679754257202148,0.47561758756637573 0.68134742975234985 0.31834438443183899,   0.516532301902771  -0.4845958948135376 -0.48091733455657959  0.51679754257202148
1715787007.801306,0.47557690739631653 0.68133246898651123 0.31838491559028625, 0.51671350002288818 -0.48452633619308472 -0.48088803887367249  0.51670891046524048,0.47557690739631653 0.68133246898651123 0.31838491559028625, 0.51671350002288818 -0.48452633619308472 -0.48088803887367249  0.51670891046524048
1715787007.8063064,0.47554004192352295 0.68132251501083374 0.31840264797210693, 0.51683199405670166 -0.48446723818778992 -0.48090621829032898  0.51662886142730713,0.47554004192352295 0.68132251501083374 0.31840264797210693, 0.51683199405670166 -0.48446723818778992 -0.48090621829032898  0.51662886142730713
1715787007.8113103,0.47555124759674072 0.68127858638763428 0.31844735145568848, 0.51690417528152466 -0.48446518182754517 -0.48090574145317078  0.51655900478363037,0.47555124759674072 0.68127858638763428 0.31844735145568848, 0.51690417528152466 -0.48446518182754517 -0.48090574145317078  0.51655900478363037
1715787007.8163052,0.47551268339157104 0.68126833438873291 0.31847059726715088, 0.51706147193908691 -0.48442584276199341  -0.4808712899684906  0.51647055149078369,0.47551268339157104 0.68126833438873291 0.31847059726715088, 0.51706147193908691 -0.48442584276199341  -0.4808712899684906  0.51647055149078369
1715787007.8213067,0.47550088167190552 0.68122142553329468 0.31851595640182495, 0.51721864938735962 -0.48436534404754639 -0.48090052604675293  0.51634269952774048,0.47550088167190552 0.68122142553329468 0.31851595640182495, 0.51721864938735962 -0.48436534404754639 -0.48090052604675293  0.51634269952774048
1715787007.8262944,0.47549471259117126 0.68121451139450073 0.31852689385414124, 0.51736235618591309  -0.4842894971370697 -0.48091104626655579  0.51626002788543701,0.47549471259117126 0.68121451139450073 0.31852689385414124, 0.51736235618591309  -0.4842894971370697 -0.48091104626655579  0.51626002788543701
1715787007.8313549,0.47549924254417419 0.68117451667785645 0.31855490803718567, 0.51753044128417969 -0.48423266410827637 -0.48094314336776733  0.51611500978469849,0.47549924254417419 0.68117451667785645 0.31855490803718567, 0.51753044128417969 -0.48423266410827637 -0.48094314336776733  0.51611500978469849
1715787007.8363521,0.47546970844268799 0.68121874332427979   0.318531334400177, 0.51761287450790405 -0.48424634337425232 -0.48087936639785767   0.5160788893699646,0.47546970844268799 0.68121874332427979   0.318531334400177, 0.51761287450790405 -0.48424634337425232 -0.48087936639785767   0.5160788893699646
1715787007.8413324,0.47544670104980469 0.68120628595352173 0.31857064366340637, 0.51783227920532227 -0.48417362570762634 -0.48088288307189941  0.51592367887496948,0.47544670104980469 0.68120628595352173 0.31857064366340637, 0.51783227920532227 -0.48417362570762634 -0.48088288307189941  0.51592367887496948
1715787007.8463063, 0.4754272997379303 0.68120753765106201 0.31859192252159119, 0.51802593469619751 -0.48412677645683289 -0.48088586330413818  0.51577049493789673, 0.4754272997379303 0.68120753765106201 0.31859192252159119, 0.51802593469619751 -0.48412677645683289 -0.48088586330413818  0.51577049493789673
1715787007.8513055,0.47541853785514832 0.68117630481719971 0.31861972808837891, 0.51833081245422363 -0.48407092690467834 -0.48086860775947571  0.51553261280059814,0.47541853785514832 0.68117630481719971 0.31861972808837891, 0.51833081245422363 -0.48407092690467834 -0.48086860775947571  0.51553261280059814
1715787007.8563535, 0.4753873348236084 0.68118017911911011 0.31866744160652161, 0.51852017641067505  -0.4840010404586792 -0.48086610436439514  0.51541018486022949, 0.4753873348236084 0.68118017911911011 0.31866744160652161, 0.51852017641067505  -0.4840010404586792 -0.48086610436439514  0.51541018486022949
1715787007.8613069,0.47536095976829529 0.68118977546691895 0.31868079304695129, 0.51866602897644043 -0.48400372266769409 -0.48082414269447327  0.51529997587203979,0.47536095976829529 0.68118977546691895 0.31868079304695129, 0.51866602897644043 -0.48400372266769409 -0.48082414269447327  0.51529997587203979
1715787007.8662913,0.47534289956092834 0.68116778135299683 0.31872662901878357, 0.51881575584411621  -0.4839404821395874 -0.48084655404090881  0.51518779993057251,0.47534289956092834 0.68116778135299683 0.31872662901878357, 0.51881575584411621  -0.4839404821395874 -0.48084655404090881  0.51518779993057251
1715787007.8713393,0.47534939646720886  0.6811559796333313 0.31874147057533264, 0.51898849010467529 -0.48393356800079346 -0.48086491227149963  0.51500308513641357,0.47534939646720886  0.6811559796333313 0.31874147057533264, 0.51898849010467529 -0.48393356800079346 -0.48086491227149963  0.51500308513641357
1715787007.8763063,0.47535234689712524  0.6811332106590271 0.31875181198120117, 0.51914149522781372 -0.48389208316802979 -0.48087200522422791  0.51488125324249268,0.47535234689712524  0.6811332106590271 0.31875181198120117, 0.51914149522781372 -0.48389208316802979 -0.48087200522422791  0.51488125324249268
1715787007.8813131,0.47549641132354736 0.68121778964996338 0.31857457756996155, 0.51808309555053711  -0.4840732216835022 -0.48085537552833557  0.51579171419143677,0.47549641132354736 0.68121778964996338 0.31857457756996155, 0.51808309555053711  -0.4840732216835022 -0.48085537552833557  0.51579171419143677
1715787007.8863049,0.47548413276672363 0.68121790885925293 0.31858870387077332, 0.51811277866363525  -0.4840453565120697 -0.48084685206413269  0.51579606533050537,0.47548413276672363 0.68121790885925293 0.31858870387077332, 0.51811277866363525  -0.4840453565120697 -0.48084685206413269  0.51579606533050537
1715787007.8913062,0.47546279430389404 0.68122965097427368 0.31857877969741821,  0.5181732177734375 -0.48400411009788513  -0.4808451235294342  0.51577562093734741,0.47546279430389404 0.68122965097427368 0.31857877969741821,  0.5181732177734375 -0.48400411009788513  -0.4808451235294342  0.51577562093734741
1715787007.8963079,0.47544375061988831 0.68123710155487061 0.31858575344085693, 0.51831358671188354 -0.48396527767181396 -0.48078873753547668   0.5157235860824585,0.47544375061988831 0.68123710155487061 0.31858575344085693, 0.51831358671188354 -0.48396527767181396 -0.48078873753547668   0.5157235860824585
1715787007.9013042,0.47542905807495117 0.68125218152999878 0.31860220432281494, 0.51833933591842651 -0.48393973708152771  -0.4807891845703125  0.51572120189666748,0.47542905807495117 0.68125218152999878 0.31860220432281494, 0.51833933591842651 -0.48393973708152771  -0.4807891845703125  0.51572120189666748
1715787007.9063044,0.47541812062263489  0.6812664270401001 0.31858602166175842, 0.51834464073181152 -0.48393428325653076 -0.48075196146965027  0.51575577259063721,0.47541812062263489  0.6812664270401001 0.31858602166175842, 0.51834464073181152 -0.48393428325653076 -0.48075196146965027  0.51575577259063721
1715787007.9112945,0.47542944550514221 0.68126201629638672 0.31858932971954346, 0.51837515830993652 -0.48391714692115784 -0.48075592517852783  0.51573747396469116,0.47542944550514221 0.68126201629638672 0.31858932971954346, 0.51837515830993652 -0.48391714692115784 -0.48075592517852783  0.51573747396469116
1715787007.9163039,0.47540915012359619 0.68127399682998657 0.31863740086555481, 0.51834815740585327 -0.48391905426979065 -0.48078003525733948  0.51574033498764038,0.47540915012359619 0.68127399682998657 0.31863740086555481, 0.51834815740585327 -0.48391905426979065 -0.48078003525733948  0.51574033498764038
1715787007.9212923,0.47539818286895752   0.681293785572052 0.31864655017852783, 0.51835083961486816 -0.48390993475914001 -0.48077079653739929   0.5157548189163208,0.47539818286895752   0.681293785572052 0.31864655017852783, 0.51835083961486816 -0.48390993475914001 -0.48077079653739929   0.5157548189163208
1715787007.9263175,0.47539210319519043 0.68130284547805786 0.31861883401870728, 0.51834076642990112 -0.48389598727226257 -0.48077091574668884  0.51577794551849365,0.47539210319519043 0.68130284547805786 0.31861883401870728, 0.51834076642990112 -0.48389598727226257 -0.48077091574668884  0.51577794551849365
1715787007.9313045,0.47540947794914246 0.68131750822067261 0.31861677765846252, 0.51827865839004517 -0.48392271995544434 -0.48078238964080811  0.51580452919006348,0.47540947794914246 0.68131750822067261 0.31861677765846252, 0.51827865839004517 -0.48392271995544434 -0.48078238964080811  0.51580452919006348
1715787007.9363055,0.47540152072906494 0.68130224943161011 0.31862661242485046, 0.51836889982223511 -0.48392540216445923 -0.48073217272758484  0.51575809717178345,0.47540152072906494 0.68130224943161011 0.31862661242485046, 0.51836889982223511 -0.48392540216445923 -0.48073217272758484  0.51575809717178345
1715787007.941303,0.47541406750679016 0.68130546808242798 0.31862074136734009, 0.51819509267807007  -0.4840044379234314 -0.48077261447906494  0.51582098007202148,0.47541406750679016 0.68130546808242798 0.31862074136734009, 0.51819509267807007  -0.4840044379234314 -0.48077261447906494  0.51582098007202148
1715787007.946305,0.47541838884353638 0.68132936954498291 0.31859201192855835, 0.51813125610351562  -0.4840276837348938 -0.48077970743179321  0.51585662364959717,0.47541838884353638 0.68132936954498291 0.31859201192855835, 0.51813125610351562  -0.4840276837348938 -0.48077970743179321  0.51585662364959717
1715787007.9513652,0.47543275356292725 0.68130588531494141 0.31858190894126892, 0.51802802085876465 -0.48408812284469604 -0.48079675436019897  0.51588773727416992,0.47543275356292725 0.68130588531494141 0.31858190894126892, 0.51802802085876465 -0.48408812284469604 -0.48079675436019897  0.51588773727416992
1715787007.9563565,0.47547444701194763 0.68129509687423706 0.31856721639633179, 0.51795065402984619 -0.48412200808525085 -0.48082807660102844  0.51590436697006226,0.47547444701194763 0.68129509687423706 0.31856721639633179, 0.51795065402984619 -0.48412200808525085 -0.48082807660102844  0.51590436697006226
1715787007.961309, 0.4754548966884613 0.68130111694335938 0.31856220960617065, 0.51786154508590698 -0.48414513468742371 -0.48086860775947571  0.51593434810638428, 0.4754548966884613 0.68130111694335938 0.31856220960617065, 0.51786154508590698 -0.48414513468742371 -0.48086860775947571  0.51593434810638428
1715787007.9663396,0.47547438740730286 0.68127930164337158 0.31856554746627808, 0.51778995990753174 -0.48415815830230713 -0.48092171549797058  0.51594448089599609,0.47547438740730286 0.68127930164337158 0.31856554746627808, 0.51778995990753174 -0.48415815830230713 -0.48092171549797058  0.51594448089599609
1715787007.9713044,0.47552478313446045 0.68125450611114502 0.31852424144744873, 0.51771366596221924 -0.48422500491142273 -0.48092195391654968  0.51595813035964966,0.47552478313446045 0.68125450611114502 0.31852424144744873, 0.51771366596221924 -0.48422500491142273 -0.48092195391654968  0.51595813035964966
1715787007.97631,0.47555038332939148 0.68124067783355713 0.31851673126220703, 0.51761186122894287 -0.48427239060401917 -0.48092547059059143  0.51601248979568481,0.47555038332939148 0.68124067783355713 0.31851673126220703, 0.51761186122894287 -0.48427239060401917 -0.48092547059059143  0.51601248979568481
1715787007.9813306,0.47555425763130188 0.68125170469284058 0.31849738955497742, 0.51748794317245483   -0.484305739402771 -0.48096403479576111  0.51606953144073486,0.47555425763130188 0.68125170469284058 0.31849738955497742, 0.51748794317245483   -0.484305739402771 -0.48096403479576111  0.51606953144073486
1715787007.9863036,0.47556498646736145 0.68125522136688232 0.31848523020744324, 0.51735919713973999 -0.48432257771492004 -0.48103782534599304  0.51611405611038208,0.47556498646736145 0.68125522136688232 0.31848523020744324, 0.51735919713973999 -0.48432257771492004 -0.48103782534599304  0.51611405611038208
1715787007.9913225,0.47559249401092529 0.68123728036880493 0.31849223375320435, 0.51731729507446289 -0.48434701561927795 -0.48103195428848267  0.51613855361938477,0.47559249401092529 0.68123728036880493 0.31849223375320435, 0.51731729507446289 -0.48434701561927795 -0.48103195428848267  0.51613855361938477
1715787007.9963059, 0.4755745530128479 0.68125045299530029  0.3184916079044342, 0.51731252670288086 -0.48432829976081848 -0.48103001713752747  0.51616275310516357, 0.4755745530128479 0.68125045299530029  0.3184916079044342, 0.51731252670288086 -0.48432829976081848 -0.48103001713752747  0.51616275310516357
1715787008.0013061,0.47558236122131348 0.68126457929611206 0.31846863031387329, 0.51728737354278564 -0.48432964086532593 -0.48103371262550354  0.51618325710296631,0.47558236122131348 0.68126457929611206 0.31846863031387329, 0.51728737354278564 -0.48432964086532593 -0.48103371262550354  0.51618325710296631
1715787008.0063062,0.47558057308197021 0.68126207590103149 0.31842789053916931, 0.51733541488647461 -0.48433694243431091 -0.48097512125968933  0.51618278026580811,0.47558057308197021 0.68126207590103149 0.31842789053916931, 0.51733541488647461 -0.48433694243431091 -0.48097512125968933  0.51618278026580811
1715787008.011307, 0.4755885899066925 0.68124711513519287  0.3184438943862915, 0.51728618144989014   -0.484355628490448 -0.48099780082702637  0.51619350910186768, 0.4755885899066925 0.68124711513519287  0.3184438943862915, 0.51728618144989014   -0.484355628490448 -0.48099780082702637  0.51619350910186768
1715787008.016258,0.47555598616600037 0.68125647306442261 0.31846156716346741, 0.51725929975509644 -0.48433911800384521 -0.48097303509712219  0.51625907421112061,0.47555598616600037 0.68125647306442261 0.31846156716346741, 0.51725929975509644 -0.48433911800384521 -0.48097303509712219  0.51625907421112061
1715787008.0213711,0.47537568211555481 0.68110895156860352 0.31881341338157654, 0.51841831207275391 -0.48409861326217651 -0.48093673586845398  0.51535505056381226,0.47537568211555481 0.68110895156860352 0.31881341338157654, 0.51841831207275391 -0.48409861326217651 -0.48093673586845398  0.51535505056381226
1715787008.0263097,0.47536745667457581 0.68110620975494385 0.31880038976669312,  0.5188024640083313 -0.48411163687705994 -0.48090249300003052  0.51498806476593018,0.47536745667457581 0.68110620975494385 0.31880038976669312,  0.5188024640083313 -0.48411163687705994 -0.48090249300003052  0.51498806476593018
1715787008.0313756, 0.4755607545375824 0.68128252029418945 0.31841906905174255, 0.51687270402908325 -0.48446115851402283 -0.48101064562797546  0.51649659872055054, 0.4755607545375824 0.68128252029418945 0.31841906905174255, 0.51687270402908325 -0.48446115851402283 -0.48101064562797546  0.51649659872055054
1715787008.0363035,0.47558692097663879 0.68128079175949097 0.31837710738182068, 0.51681643724441528 -0.48446491360664368 -0.48102319240570068  0.51653772592544556,0.47558692097663879 0.68128079175949097 0.31837710738182068, 0.51681643724441528 -0.48446491360664368 -0.48102319240570068  0.51653772592544556
1715787008.0413527,0.47533860802650452 0.68122553825378418 0.31866791844367981, 0.51861327886581421 -0.48381137847900391 -0.48078355193138123  0.51557153463363647,0.47533860802650452 0.68122553825378418 0.31866791844367981, 0.51861327886581421 -0.48381137847900391 -0.48078355193138123  0.51557153463363647
1715787008.046309,0.47536447644233704 0.68118888139724731 0.31857970356941223, 0.51854789257049561 -0.48381602764129639 -0.48082095384597778  0.51559799909591675,0.47536447644233704 0.68118888139724731 0.31857970356941223, 0.51854789257049561 -0.48381602764129639 -0.48082095384597778  0.51559799909591675
1715787008.051322,0.47531843185424805   0.681144118309021 0.31859734654426575, 0.51870173215866089 -0.48378297686576843 -0.48080006241798401  0.51549381017684937,0.47531843185424805   0.681144118309021 0.31859734654426575, 0.51870173215866089 -0.48378297686576843 -0.48080006241798401  0.51549381017684937
1715787008.0563047,0.47530585527420044 0.68108057975769043 0.31862494349479675, 0.51866316795349121 -0.48380005359649658 -0.48085620999336243    0.515464186668396,0.47530585527420044 0.68108057975769043 0.31862494349479675, 0.51866316795349121 -0.48380005359649658 -0.48085620999336243    0.515464186668396
1715787008.0612819,0.47528472542762756 0.68107616901397705 0.31860387325286865, 0.51873564720153809 -0.48382097482681274 -0.48080295324325562  0.51542127132415771,0.47528472542762756 0.68107616901397705 0.31860387325286865, 0.51873564720153809 -0.48382097482681274 -0.48080295324325562  0.51542127132415771
1715787008.0663085, 0.4755128026008606 0.68107724189758301 0.31832808256149292, 0.51683837175369263 -0.48448267579078674 -0.48109683394432068  0.51643049716949463, 0.4755128026008606 0.68107724189758301 0.31832808256149292, 0.51683837175369263 -0.48448267579078674 -0.48109683394432068  0.51643049716949463
1715787008.071311,0.47550013661384583 0.68107587099075317 0.31831660866737366,0.51687204837799072 -0.4844573438167572 -0.4811217188835144 0.51639741659164429,0.47550013661384583 0.68107587099075317 0.31831660866737366,0.51687204837799072 -0.4844573438167572 -0.4811217188835144 0.51639741659164429
1715787008.0763071,0.47527295351028442 0.68103873729705811  0.3185630738735199, 0.51875197887420654 -0.48385831713676453 -0.48080474138259888  0.51536810398101807,0.47527295351028442 0.68103873729705811  0.3185630738735199, 0.51875197887420654 -0.48385831713676453 -0.48080474138259888  0.51536810398101807
1715787008.0813055, 0.4752785861492157 0.68105810880661011  0.3185601532459259, 0.51863503456115723 -0.48387157917022705 -0.48080512881278992  0.51547300815582275, 0.4752785861492157 0.68105810880661011  0.3185601532459259, 0.51863503456115723 -0.48387157917022705 -0.48080512881278992  0.51547300815582275
1715787008.0863488,0.47528818249702454 0.68108052015304565  0.3185545802116394, 0.51859509944915771 -0.48391446471214294 -0.48079213500022888  0.51548504829406738,0.47528818249702454 0.68108052015304565  0.3185545802116394, 0.51859509944915771 -0.48391446471214294 -0.48079213500022888  0.51548504829406738
1715787008.0913076, 0.4753253161907196 0.68112295866012573 0.31854942440986633,  0.5184791088104248 -0.48392397165298462 -0.48081770539283752  0.51556897163391113, 0.4753253161907196 0.68112295866012573 0.31854942440986633,  0.5184791088104248 -0.48392397165298462 -0.48081770539283752  0.51556897163391113
1715787008.0963089,0.47535493969917297  0.6811484694480896 0.31856828927993774, 0.51835578680038452 -0.48393204808235168 -0.48082742094993591  0.51567631959915161,0.47535493969917297  0.6811484694480896 0.31856828927993774, 0.51835578680038452 -0.48393204808235168 -0.48082742094993591  0.51567631959915161
1715787008.1013067,0.47540143132209778 0.68116515874862671 0.31853356957435608, 0.51825237274169922 -0.48394149541854858 -0.48083609342575073  0.51576328277587891,0.47540143132209778 0.68116515874862671 0.31853356957435608, 0.51825237274169922 -0.48394149541854858 -0.48083609342575073  0.51576328277587891
1715787008.1063044,0.47541534900665283 0.68117392063140869  0.3185250461101532, 0.51827627420425415 -0.48389706015586853 -0.48085814714431763  0.51576036214828491,0.47541534900665283 0.68117392063140869  0.3185250461101532, 0.51827627420425415 -0.48389706015586853 -0.48085814714431763  0.51576036214828491
1715787008.1113055,0.47547668218612671 0.68115901947021484 0.31848597526550293,  0.5182042121887207 -0.48387673497200012  -0.4809110164642334  0.51580256223678589,0.47547668218612671 0.68115901947021484 0.31848597526550293,  0.5182042121887207 -0.48387673497200012  -0.4809110164642334  0.51580256223678589
1715787008.1163051,0.47549587488174438 0.68113768100738525 0.31849783658981323, 0.51814311742782593 -0.48385521769523621 -0.48096597194671631  0.51583290100097656,0.47549587488174438 0.68113768100738525 0.31849783658981323, 0.51814311742782593 -0.48385521769523621 -0.48096597194671631  0.51583290100097656
1715787008.1213055,0.47554516792297363 0.68110889196395874 0.31845685839653015, 0.51804530620574951 -0.48382079601287842 -0.48104429244995117  0.51589041948318481,0.47554516792297363 0.68110889196395874 0.31845685839653015, 0.51804530620574951 -0.48382079601287842 -0.48104429244995117  0.51589041948318481
1715787008.1263049,0.47560292482376099 0.68107342720031738 0.31845402717590332, 0.51795685291290283  -0.4837818443775177 -0.48113396763801575  0.51593214273452759,0.47560292482376099 0.68107342720031738 0.31845402717590332, 0.51795685291290283  -0.4837818443775177 -0.48113396763801575  0.51593214273452759
1715787008.1313062,0.47564157843589783 0.68100577592849731 0.31845301389694214, 0.51790821552276611 -0.48371800780296326 -0.48125535249710083  0.51592755317687988,0.47564157843589783 0.68100577592849731 0.31845301389694214, 0.51790821552276611 -0.48371800780296326 -0.48125535249710083  0.51592755317687988
1715787008.1363039,0.47567939758300781   0.680977463722229 0.31840670108795166, 0.51787441968917847 -0.48361861705780029  -0.4813309907913208  0.51598411798477173,0.47567939758300781   0.680977463722229 0.31840670108795166, 0.51787441968917847 -0.48361861705780029  -0.4813309907913208  0.51598411798477173
1715787008.141309,0.47573527693748474  0.6808779239654541 0.31840384006500244, 0.51779633760452271 -0.48352670669555664 -0.48146727681159973   0.5160214900970459,0.47573527693748474  0.6808779239654541 0.31840384006500244, 0.51779633760452271 -0.48352670669555664 -0.48146727681159973   0.5160214900970459
1715787008.1463082,0.47578874230384827 0.68074744939804077 0.31842589378356934, 0.51784878969192505 -0.48342373967170715 -0.48157581686973572  0.51596397161483765,0.47578874230384827 0.68074744939804077 0.31842589378356934, 0.51784878969192505 -0.48342373967170715 -0.48157581686973572  0.51596397161483765
1715787008.1513042,0.47583922743797302 0.68060225248336792  0.3184201717376709,    0.51788330078125 -0.48327669501304626  -0.4817575216293335  0.51589745283126831,0.47583922743797302 0.68060225248336792  0.3184201717376709,    0.51788330078125 -0.48327669501304626  -0.4817575216293335  0.51589745283126831
1715787008.1563046,0.47587373852729797 0.68042683601379395 0.31846320629119873, 0.51762008666992188 -0.48318719863891602 -0.48195070028305054  0.51606500148773193,0.47587373852729797 0.68042683601379395 0.31846320629119873, 0.51762008666992188 -0.48318719863891602 -0.48195070028305054  0.51606500148773193
1715787008.1613073,0.47589781880378723 0.68036305904388428 0.31840488314628601, 0.51755678653717041 -0.48323869705200195 -0.48200684785842896  0.51602786779403687,0.47589781880378723 0.68036305904388428 0.31840488314628601, 0.51755678653717041 -0.48323869705200195 -0.48200684785842896  0.51602786779403687
1715787008.1663067,0.47596445679664612 0.68019217252731323  0.3184482753276825, 0.51743024587631226 -0.48317703604698181 -0.48220944404602051  0.51602321863174438,0.47596445679664612 0.68019217252731323  0.3184482753276825, 0.51743024587631226 -0.48317703604698181 -0.48220944404602051  0.51602321863174438
1715787008.1713049, 0.4760248064994812 0.68000155687332153 0.31844675540924072, 0.51731675863265991 -0.48319429159164429 -0.48227882385253906  0.51605600118637085, 0.4760248064994812 0.68000155687332153 0.31844675540924072, 0.51731675863265991 -0.48319429159164429 -0.48227882385253906  0.51605600118637085
1715787008.1763053,0.47609448432922363  0.6797783374786377 0.31843292713165283, 0.51682227849960327  -0.4832882285118103 -0.48239490389823914  0.51635491847991943,0.47609448432922363  0.6797783374786377 0.31843292713165283, 0.51682227849960327  -0.4832882285118103 -0.48239490389823914  0.51635491847991943
1715787008.1813047,0.47618338465690613 0.67948472499847412 0.31841716170310974, 0.51662731170654297 -0.48338624835014343 -0.48246932029724121  0.51638871431350708,0.47618338465690613 0.67948472499847412 0.31841716170310974, 0.51662731170654297 -0.48338624835014343 -0.48246932029724121  0.51638871431350708
1715787008.186305,0.47627905011177063 0.67934143543243408 0.31831729412078857, 0.51667648553848267 -0.48351487517356873 -0.48241415619850159  0.51627069711685181,0.47627905011177063 0.67934143543243408 0.31831729412078857, 0.51667648553848267 -0.48351487517356873 -0.48241415619850159  0.51627069711685181
1715787008.1913085,0.47641724348068237 0.67894673347473145 0.31828016042709351, 0.51676660776138306 -0.48353835940361023 -0.48256361484527588  0.51601868867874146,0.47641724348068237 0.67894673347473145 0.31828016042709351, 0.51676660776138306 -0.48353835940361023 -0.48256361484527588  0.51601868867874146
1715787008.1963067,0.47659361362457275 0.67850583791732788 0.31829217076301575, 0.51661372184753418 -0.48365765810012817  -0.4826977550983429  0.51593446731567383,0.47659361362457275 0.67850583791732788 0.31829217076301575, 0.51661372184753418 -0.48365765810012817  -0.4826977550983429  0.51593446731567383
1715787008.2013066,0.47683945298194885 0.67791897058486938 0.31835204362869263, 0.51644361019134521 -0.48357051610946655 -0.48298147320747375  0.51592093706130981,0.47683945298194885 0.67791897058486938 0.31835204362869263, 0.51644361019134521 -0.48357051610946655 -0.48298147320747375  0.51592093706130981
1715787008.2063477,0.47695669531822205 0.67762500047683716 0.31833872199058533, 0.51634007692337036 -0.48363947868347168 -0.48305869102478027  0.51588761806488037,0.47695669531822205 0.67762500047683716 0.31833872199058533, 0.51634007692337036 -0.48363947868347168 -0.48305869102478027  0.51588761806488037
1715787008.2113078,0.47719809412956238 0.67695742845535278 0.31842190027236938, 0.51625394821166992 -0.48374062776565552   -0.483298659324646  0.51565420627593994,0.47719809412956238 0.67695742845535278 0.31842190027236938, 0.51625394821166992 -0.48374062776565552   -0.483298659324646  0.51565420627593994
1715787008.2163076,0.47741544246673584  0.6762353777885437 0.31846752762794495, 0.51568508148193359  -0.4838920533657074 -0.48340550065040588  0.51598113775253296,0.47741544246673584  0.6762353777885437 0.31846752762794495, 0.51568508148193359  -0.4838920533657074 -0.48340550065040588  0.51598113775253296
1715787008.2212842,0.47774568200111389 0.67544752359390259 0.31843653321266174, 0.51595777273178101 -0.48397451639175415 -0.48361802101135254  0.51543170213699341,0.47774568200111389 0.67544752359390259 0.31843653321266174, 0.51595777273178101 -0.48397451639175415 -0.48361802101135254  0.51543170213699341
1715787008.2263072,0.47805404663085938 0.67457932233810425 0.31844675540924072, 0.51582276821136475 -0.48412501811981201 -0.48377442359924316  0.51527869701385498,0.47805404663085938 0.67457932233810425 0.31844675540924072, 0.51582276821136475 -0.48412501811981201 -0.48377442359924316  0.51527869701385498
1715787008.2312839,0.47833710908889771 0.67366909980773926  0.3184865415096283,  0.5150333046913147 -0.48417174816131592 -0.48415669798851013  0.51566529273986816,0.47833710908889771 0.67366909980773926  0.3184865415096283,  0.5150333046913147 -0.48417174816131592 -0.48415669798851013  0.51566529273986816
1715787008.236306,0.47849297523498535 0.67318028211593628  0.3184753954410553, 0.51493537425994873 -0.48396232724189758 -0.48452991247177124  0.51560914516448975,0.47849297523498535 0.67318028211593628  0.3184753954410553, 0.51493537425994873 -0.48396232724189758 -0.48452991247177124  0.51560914516448975
1715787008.2412815,0.47889223694801331 0.67214947938919067 0.31842535734176636, 0.51525622606277466 -0.48407837748527527 -0.48448589444160461  0.51522088050842285,0.47889223694801331 0.67214947938919067 0.31842535734176636, 0.51525622606277466 -0.48407837748527527 -0.48448589444160461  0.51522088050842285
1715787008.246268,0.47925981879234314 0.67102730274200439 0.31841224431991577, 0.51519680023193359 -0.48421967029571533 -0.48456642031669617   0.5150718092918396,0.47925981879234314 0.67102730274200439 0.31841224431991577, 0.51519680023193359 -0.48421967029571533 -0.48456642031669617   0.5150718092918396
