DesiredFlux,0.586,HitTime,1715793924.1165295,DesiredPos,0.54135626554489136 0.31532394886016846 0.21916988492012024
RobotName,RosTime,JointPosition,JointVelocity,JointEffort,TorqueCmd,EEF_Position,EEF_Orientation,EEF_Velocity,EEF_DesiredVelocity,Inertia,DirGrad,HittingFlux
IIWA_7,1715793923.5172143,-0.48139229292974839   1.0488400691019264 0.016638358585946662  -1.3863321409758211  -1.9530890746402894  -1.8232699703238595 -0.92932696683779725,-8.3631461012994069e-05 -8.9168555426421348e-07 -8.9389871468718367e-06  4.1218205352343702e-05 -4.2456765905492824e-05  6.3666075088069859e-07  5.7364789524641318e-05,0.079310733795166011   62.816789665222167  -1.8320601844787598  -15.796566982269287  -1.0599713897705079   1.8760181846618653 -0.24897875213623047,-0.37572815051107877   3.3158272235743786 -0.14608605304477568 -0.62541702295442991 0.061377686467942366 -0.26169404385515382  0.59550528208210507,  0.54524832963943481 -0.044116899371147156   0.22792097926139832, -0.71815705299377441 0.0031279269605875015 -0.011357959359884262   0.69578135013580322, 1.7508904193164199e-06 -5.7392975577386096e-05  1.4245445072447183e-06,-0.0017810419667512178    0.84572112560272217 -0.0040045487694442272,  0.24845527112483978  0.026001330465078354  0.064606927335262299  0.026001330465078354   0.23145134747028351 -0.022367594763636589  0.064606927335262299 -0.022367594763636589   0.18822348117828369,   -0.97084575785189031     -0.3874817457951707      -1.117414254371063     0.59943737659651219      0.4460855439498701   -0.068008840170108442 -7.0314598588083754e-06,3.9797796489438042e-05
IIWA_7,1715793923.5222313,-0.48139295200970716   1.0488400691019264 0.016638358585946662  -1.3863320212026011  -1.9530890746402894  -1.8232701499836894 -0.92932660729997141,-9.3268367161426766e-05 -7.1334844341137085e-07 -7.1511897174974693e-06  3.7765493082221668e-05 -3.3965412724394263e-05 -6.6770645953746075e-06  6.0273344653502932e-05,0.068556735992431644   62.838297660827635   -1.842624683380127   -15.80537073135376  -1.0599713897705079   1.8773531913757324 -0.25064751052856443,-0.37578816717477775   3.3157211759109888 -0.14604510143097715  -0.6253199811832314 0.061450648809104405 -0.26169919301509803  0.59548500000258486,  0.54524832963943481 -0.044117122888565063   0.22792093455791473, -0.71815711259841919  0.003128070617094636 -0.011357917450368404   0.69578123092651367,-1.5527071184351371e-07 -5.4868789447937161e-05 -5.4899192036828026e-07,-0.0017810311401262879    0.84572106599807739 -0.0040044975467026234,  0.24845527112483978  0.026001345366239548  0.064606912434101105  0.026001345366239548   0.23145133256912231 -0.022367620840668678  0.064606912434101105 -0.022367620840668678   0.18822348117828369,   -0.97084644671330267    -0.38748247412545567     -1.1174153443631596     0.59943806486462137     0.44608553089187097   -0.068009434451177242 -7.0316215072807609e-06,3.8020123611204326e-05
IIWA_7,1715793923.527216,-0.48139361119874902   1.0488401889842294 0.016638298699336702  -1.3863317814379952  -1.9530892662774413  -1.8232700900970793 -0.92932630764875546,-0.00010098225540320915   4.224613364212933e-06 -8.1164161723672164e-06  3.9802978703661391e-05 -3.4837816256517427e-05 -2.9461872716854419e-06  6.0204724360859761e-05,0.052425739288330081   62.855772907257084  -1.8435050582885741  -15.808892230987549  -1.0582106399536133    1.876351936340332 -0.24831124877929686, 23.889196609969876  3.5530487201736949  16.544930258793453 -7.4546793656569585 0.05991847195212599  -2.104004626086351 0.59545881026386804,  0.54524827003479004 -0.044117499142885208   0.22792099416255951, -0.71815711259841919 0.0031283614225685596 -0.011358022689819336   0.69578129053115845,-9.5902771590772318e-07 -5.8903500757878646e-05  1.6386435390813858e-06,-0.0017809956334531307    0.84572106599807739 -0.0040044719353318214,  0.24845528602600098  0.026001347228884697  0.064606904983520508  0.026001347228884697   0.23145128786563873 -0.022367667406797409  0.064606904983520508 -0.022367667406797409   0.18822349607944489,  -0.97084689912030342   -0.38748388922282828    -1.1174168911356475     0.5994394620332244     0.4460849907435005  -0.068010517299654794 -7.031784043931566e-06,4.0834882383933291e-05
IIWA_7,1715793923.5322187,-0.48139427027870779   1.0488401889842294 0.016638238703643664  -1.3863317215513851   -1.953089553907702  -1.8232701499836894 -0.92932600810662258,-0.00010714900267359884  3.3796906913703468e-06 -8.8929606594380074e-06  3.4237847367543359e-05 -3.9375463434022198e-05  -4.752414221962599e-06  6.0145464803709005e-05,0.040327491760253908   62.867871154785156  -1.8514284324645995  -15.815935230255127  -1.0555695152282714   1.8740156745910646 -0.25031375885009766,  23.889195008885345   3.5530472217303264   16.544929701891832   -7.454678374990042 0.059918914358430539  -2.1040049937682697  0.59545881026386804,  0.54524827003479004 -0.044117499142885208   0.22792099416255951, -0.71815711259841919 0.0031283614225685596 -0.011358022689819336   0.69578129053115845,-9.5902771590772318e-07 -5.8903500757878646e-05  1.6386435390813858e-06,-0.0017809872515499592    0.84572106599807739 -0.0040044328197836876,  0.24845528602600098  0.026001347228884697  0.064606904983520508  0.026001347228884697   0.23145128786563873 -0.022367667406797409  0.064606904983520508 -0.022367667406797409   0.18822349607944489,  -0.97084689912030342   -0.38748388922282828    -1.1174168911356475     0.5994394620332244     0.4460849907435005  -0.068010517299654794 -7.031784043931566e-06,4.0834882383933291e-05
IIWA_7,1715793923.5372179,  -0.481367425587649   1.0488407282909682 0.016668439008355549  -1.3863576673978792   -1.953089553907702  -1.8232914220566125 -0.92932588822431961, 0.00098806844021278543  2.4276022106001531e-05   0.0012008978199478599  -0.0010104435818731551 -3.1500370747217757e-05 -0.00085468484830271429  5.2911663961909239e-05,-0.15862146759033202   62.884002151489256   -2.313625259399414  -15.489316139221192  -1.0987078857421875   1.9604573593139649 -0.25164876556396482,  23.889360201676773   3.5529398281233222   16.545060519407368  -7.4546698054435909 0.059940741295726178  -2.1041106733037784  0.59543164644809699,  0.54524827003479004 -0.044117908924818039   0.22792091965675354, -0.71815717220306396 0.0031286668963730335 -0.011358131654560566    0.6957811713218689,-9.1785841505043209e-07 -6.3527841120958328e-05 -1.5062992133607622e-06,-0.0017809664132073522    0.84572106599807739  -0.004004474263638258,  0.24845531582832336  0.026001345366239548  0.064606890082359314  0.026001345366239548   0.23145125806331635 -0.022367710247635841  0.064606890082359314 -0.022367710247635841   0.18822351098060608,   -0.97084714960882224    -0.38748525422960256     -1.1174182056086224     0.59944083017970939     0.44608440667559535   -0.068011996457784107 -7.0320576028848336e-06,4.4034812162863091e-05
IIWA_7,1715793923.5422173,-0.48092706527290302   1.0488376722194479 0.017150144864084383   -1.386543962205991  -1.9530899373565387  -1.8234743012553782 -0.92932355133753419,    0.01840486734200943 -0.00010282204312683759    0.020228952485111647  -0.0082601471899673221 -4.0538250065083465e-05  -0.0079989158292699813  0.00013580480258610936, -8.8129011993408195   61.252082984924314  -8.7139508438110358  -12.433534832000733 -0.90678615570068355   2.5141513938903808 -0.34710174560546875,  23.856622880023448   3.5503378592744705   16.516536936513642  -7.4389171820969748 0.063938681937729211  -2.0869041921076041     0.59359235131415, 0.54524111747741699 -0.04408886656165123  0.22792598605155945, -0.71813923120498657 0.0031134695746004581 -0.011334699578583241   0.69580012559890747,-0.00028578587807714939   0.0011241153115406632  0.00020192140073049814,-0.0017809662967920303    0.84572094678878784 -0.0040044737979769707,  0.24845439195632935  0.026000931859016418  0.064607687294483185  0.026000931859016418   0.23145519196987152 -0.022364325821399689  0.064607687294483185 -0.022364325821399689   0.18822073936462402,   -0.97079854621817674    -0.38739492039852053     -1.1172834092212369     0.59935296771396196     0.44613731191400774   -0.067847260504905194 -7.0001933138996719e-06,0.00081574940122663975
IIWA_7,1715793923.5472164,-0.48046956746114855   1.0488143030243453 0.017633109211286985  -1.3866786648632474  -1.9530884033866591  -1.8237194985259171 -0.92931372426118086,  0.033023806343786356 -0.0010170254386053122   0.035501735876193416  -0.011996224042232179  2.892819513047551e-05  -0.016207023484969739 0.00050172689620210176,  -16.85420305633545   60.903922306060792  -13.063002891540528  -13.162485256195069  -0.8143467903137207   2.0255389366149901 -0.20525728225708006,  23.376734208797512   3.5992966221853124   16.079373312965217  -7.3165832021126107 0.083874304869459737  -1.8831772337660135   0.5959044739727819,  0.54521524906158447 -0.043647885322570801    0.2280205637216568, -0.71793198585510254 0.0028221046086400747 -0.011067070066928864   0.69601953029632568,-0.0012719358783215284   0.018536044284701347  0.0039465590380132198,-0.0017809609416872263    0.84572529792785645 -0.0040044276975095272, 0.24841353297233582 0.025995563715696335 0.064633585512638092 0.025995563715696335  0.23151221871376038 -0.02230432815849781 0.064633585512638092 -0.02230432815849781  0.18820621073246002,  -0.97011839280991552   -0.38585288533088402    -1.1150557276602413     0.5980410794323987    0.44689745528003755  -0.065634354959875907 -6.586508227712784e-06,0.013159811496734619
IIWA_7,1715793923.5522144,-0.48014946884034504   1.0488175986423054 0.018181387487923875   -1.386957597711981  -1.9530920465869397  -1.8241605779163148 -0.92931024876522472,   0.039222989907169506  -0.0006817956324807993    0.050332519766430328   -0.020754293183129463 -0.00012258545511832067   -0.030608794403884795  0.00054040135520728354, -20.525349056243897   61.242673236846926  -14.034056415557862  -12.111317615509034  -1.0370816421508788   2.7938353004455565 -0.19657973861694336,   22.97447867554779   3.6859563433070641    15.69580609513554   -7.240195633078522 0.086395966524303924  -1.6886341916300776  0.60732000243835749,  0.54519784450531006 -0.043205238878726959   0.22814555466175079, -0.71771776676177979  0.002491870429366827 -0.010801352560520172   0.69624590873718262,-0.0017331665148958564    0.03252837061882019  0.0081604942679405212,-0.0017781828064471483    0.84578931331634521 -0.0040078614838421345,  0.24836407601833344  0.025996753945946693  0.064662560820579529  0.025996753945946693   0.23156784474849701 -0.022244323045015335  0.064662560820579529 -0.022244323045015335   0.18820008635520935,   -0.96969480845121581    -0.38430598062966226     -1.1129795646134255     0.59679275092427986     0.44775873882674233   -0.063305990313011762 -6.1530371908702364e-06,0.023264452815055847
IIWA_7,1715793923.5572181,-0.47998462587406959   1.0488097490239945 0.018891572650702036  -1.3873211991007228  -1.9530876364889858  -1.8247812409966013 -0.92930671349174176,   0.037972110576753482 -0.00085942123842090712    0.068673422324270705    -0.03114749009617588   7.833555406266306e-05   -0.049313558734568677  0.00057373202348412521, -19.962108421325684   60.133667213439942  -12.182627983093262  -12.361344089508057 -0.68229055404663086        2.39233203125 -0.23929995346069335, 22.682629718765448  3.7147995201210473  15.363574776250422 -7.0961889403586609 0.11176724660755545 -1.4567104295164865 0.59572274256464408, 0.54510718584060669 -0.04279041662812233   0.2282816469669342, -0.71740633249282837 0.0021982095204293728 -0.010484315454959869   0.69657260179519653,-0.0050375000573694706   0.042599234730005264   0.011979988776147366,-0.0017821484943851829    0.84578889608383179 -0.0040874038822948933, 0.24833476543426514 0.025997238233685493 0.064682252705097198 0.025997238233685493  0.23162487149238586 -0.02219332754611969 0.064682252705097198 -0.02219332754611969    0.188172847032547,   -0.96923392444470124    -0.38301460370604445     -1.1110760488497462     0.59570220765436943     0.44864495698604401   -0.060657492671367663 -5.6253401936601222e-06,0.030852530151605606
IIWA_7,1715793923.5622175,-0.47989612230027945   1.0487963865650751  0.01984000420118984  -1.3878003284141436  -1.9530889786471806  -1.8256414087379049 -0.92930461626047933,  0.033917831413008553 -0.0012220353475112743   0.092875999878928736  -0.044083164613770959 8.9821154578954176e-06  -0.073857556639798816 0.00054287486928459336, -16.499321128845214   59.882292514801023  -11.282004451751709  -11.830478019714356 -0.77649066925048826   2.1557020912170408 -0.27234136962890626, 22.467340500776469  3.7796208347612752  15.006519555823349 -6.9505537168397824 0.12312769750493267 -1.1835914724635006 0.58005585142732397,  0.54497402906417847 -0.042389526963233948   0.22847412526607513, -0.71698832511901855 0.0018951633246615529 -0.010156734846532345   0.69700855016708374,-0.0093858493492007256   0.050084460526704788   0.017298039048910141,-0.0017824149690568447    0.84591537714004517 -0.0040880152955651283,  0.24830882251262665  0.025996502488851547  0.064702317118644714  0.025996502488851547   0.23168520629405975 -0.022144556045532227  0.064702317118644714 -0.022144556045532227   0.18813858926296234,   -0.96870016413141968    -0.38186847925558709     -1.1091344432152539     0.59476120445900449     0.44954858297696632   -0.057659735447579408 -4.9946766722541724e-06,0.03727450966835022
IIWA_7,1715793923.5672185,-0.47975722518049801   1.0487850615598913 0.021049871565576986  -1.3883765298862338   -1.953091758956679  -1.8266840961401483 -0.92930036180226139,   0.032690149921664191  -0.0014306284853634122     0.12269549447862881   -0.058314590574626936 -0.00010402668756995998    -0.10079354140157251  0.00060447822414547072, -14.801533725738526   58.898301715850828  -11.252071704864502  -11.770612525939942  -0.9050254058837891   2.4393910179138185 -0.26900385284423828,  22.227585432882787   3.8777867454402375   14.550068580211796   -6.774124874475306  0.13031306462280673 -0.83148543039665379  0.56029728753363361, 0.54478669166564941 -0.04192737489938736  0.22873872518539429,  -0.71642380952835083  0.0015258224448189139 -0.0097595509141683578    0.69759541749954224,-0.015041583217680454  0.058498106896877289  0.024449432268738747,-0.0017727760132402182    0.84598201513290405 -0.0043064402416348457,  0.24827976524829865  0.025995651260018349   0.06472623348236084  0.025995651260018349   0.23175881803035736 -0.022088471800088882   0.06472623348236084 -0.022088471800088882   0.18809366226196289,   -0.96805130934551897    -0.38061413198597904     -1.1068301655221546     0.59376041670944346     0.45064753342849428   -0.053866136628499817 -4.1806167416780227e-06,0.045131545513868332
IIWA_7,1715793923.5721991,-0.47954546394602121   1.0487583367511355 0.022472638773611688  -1.3890560954289473  -1.9530883075680832  -1.8278326043821029 -0.92929826457099896,  0.034622569316403506  -0.002213495138521232    0.15506708390429114  -0.073834294168238473 5.4834193776425838e-05   -0.12657516279944486 0.00056747182981366977, -15.023334930419923   58.485617050170902   -11.84192289352417  -11.703704032897949 -0.79938041687011718   2.0655891380310059 -0.22962115478515624,  21.886650974272378   3.9918950499323111   13.970377742535637  -6.5689404596715395  0.13732124275226837 -0.41486638403549275  0.54105584506201543,  0.54456496238708496 -0.041329842060804367   0.22906926274299622,  -0.71572256088256836  0.0010482302168384194 -0.0092638628557324409    0.69832253456115723,-0.020962910726666451  0.070608288049697876  0.032827053219079971,-0.0017353519797325134    0.84606391191482544 -0.0044630146585404873,  0.24823819100856781  0.025993090122938156  0.064759261906147003  0.025993090122938156   0.23185336589813232 -0.022013669833540916  0.064759261906147003 -0.022013669833540916   0.18804015219211578,   -0.96716430762988637    -0.37893967514612825     -1.1037747327389269     0.59243967985089796     0.45203026852824735   -0.049103863184463137 -3.1662059640780171e-06,0.055843960493803024
IIWA_7,1715793923.5772178,-0.47929361544386923   1.0487385627161259 0.024072412911060524  -1.3898105023262324  -1.9530912796892663  -1.8290928655106475 -0.92929766537765013,   0.037771995539202227  -0.0025617575112023561     0.18804463262138632   -0.089243711225995587 -7.5017492305442889e-05    -0.15167057538134004  0.00047794519780401445, -15.652443801879883   58.762532493591308  -11.984543628692627  -11.534672050476074 -0.96489089965820307   2.4070171051025389 -0.23662994003295898,  21.469095371309173   4.1180570737682967   13.311176279219596   -6.350037314071904  0.14223441133338249 0.036993804376674377  0.52287302432371707,  0.54431819915771484 -0.040603075176477432   0.22945177555084229,  -0.71491867303848267 0.00048217634321190417  -0.008687327615916729    0.69915348291397095,-0.02672661654651165  0.08542400598526001 0.041630491614341736,-0.0016795245464891195    0.84606277942657471 -0.0046848705969750881,   0.2481854110956192  0.025986842811107635  0.064800553023815155  0.025986842811107635   0.23196698725223541 -0.021920498460531235  0.064800553023815155 -0.021920498460531235   0.18797950446605682,   -0.96598198575215122    -0.37684283050598566     -1.0999782243006351     0.59075602773983604     0.45362378105107126   -0.043575246854388183 -1.9989085942029305e-06,0.068351998925209045
IIWA_7,1715793923.5822179,-0.47902438978918593    1.048730832871035 0.025844040893306983  -1.3906452635277811   -1.953089553907702  -1.8303763759519918 -0.92929748560873726,  0.040986622618693444 -0.0023585998125978057    0.22130082538696744   -0.10478541704274383 9.0172687284952111e-06   -0.17267687795884112 0.00038954691475788608, -16.340699661254884   59.051546184539795  -10.949222736358642  -11.885061264038086 -0.80114116668701174   1.9047208290100097 -0.22761864471435547,  21.469095371309173   4.1180570737682967   13.311176279219596   -6.350037314071904  0.14223441133338249 0.036993804376674377  0.52287302432371707,  0.54431819915771484 -0.040603075176477432   0.22945177555084229,  -0.71491867303848267 0.00048217634321190417  -0.008687327615916729    0.69915348291397095,-0.02672661654651165  0.08542400598526001 0.041630491614341736,-0.0016797351418063045    0.84616893529891968 -0.0046854582615196705,   0.2481854110956192  0.025986842811107635  0.064800553023815155  0.025986842811107635   0.23196698725223541 -0.021920498460531235  0.064800553023815155 -0.021920498460531235   0.18797950446605682,   -0.96598198575215122    -0.37684283050598566     -1.0999782243006351     0.59075602773983604     0.45362378105107126   -0.043575246854388183 -1.9989085942029305e-06,0.068351998925209045
IIWA_7,1715793923.5872142,-0.47874557682275526   1.0487313721777738 0.027828328954595003  -1.3915809319217813  -1.9530890746402894  -1.8316809786973465 -0.92929766537765013,  0.043941816752181749 -0.0018653075805253395    0.25641218276109479   -0.12125506939420616 2.6384511488606437e-05   -0.19032561218126132 0.00030444677529163438, -15.278742378234863   59.453476852416991   -10.10934507369995  -12.358702964782715 -0.91558990478515623    1.896043285369873  -0.2336261749267578, 21.018472373047665  4.2242099250390694  12.621139130174679 -6.1158251753482364 0.15303399839678317 0.50234895025960158 0.50378982543556838,  0.54404515027999878 -0.039781197905540466   0.22987252473831177,    -0.7140231728553772 -0.00015440706920344383   -0.008038373664021492     0.70007586479187012,-0.03242245689034462  0.10103333741426468 0.050228405743837357,-0.0016137585043907166    0.84629487991333008 -0.0049787205643951893,  0.24812516570091248  0.025978287681937218  0.064847551286220551  0.025978287681937218   0.23209570348262787 -0.021813711151480675  0.064847551286220551 -0.021813711151480675   0.18791128695011139,   -0.96458996341386438    -0.37444366717220845      -1.095622500952409     0.58883040279766874     0.45540555381418102   -0.037395644296722708 -7.0207040181458069e-07,0.081273160874843597
IIWA_7,1715793923.5922151,-0.47841589078112129   1.0487335294047293 0.030038819213673889  -1.3926226007062399   -1.953091758956679  -1.8329264392156679 -0.92929748560873726,   0.048340895067104192  -0.0014059569861997689     0.29354935657203129    -0.13867080689370692 -8.6265046393584912e-05    -0.20207891047786575  0.00025074817674798199, -14.071606124877929   59.470952098846439  -9.1303681755065913  -12.236330852508544 -0.85748516082763671    1.795917781829834 -0.24530748367309571,  20.11706797876159  4.3441875246844068  11.221618250239782 -5.6285973081793212 0.18940382634118588  1.3935527277416064 0.45519092972153041,  0.54344797134399414 -0.037881657481193542   0.23077785968780518,  -0.71201026439666748 -0.0015423041768372059 -0.0065986053086817265    0.70213639736175537,-0.042638201266527176   0.13296434283256531  0.065099604427814484,-0.0015378204407170415    0.84643727540969849 -0.0053383037447929382,  0.2479899525642395 0.025934219360351562 0.064959041774272919 0.025934219360351562  0.23239699006080627 -0.02155582420527935 0.064959041774272919 -0.02155582420527935   0.1877494603395462,  -0.96045161110236421   -0.36874797270414206     -1.084762866613076     0.5841683190004332    0.45912496535827074  -0.023737555230773921 2.1549606543658228e-06,0.10661521553993225
IIWA_7,1715793923.5972137,-0.47798535754272864   1.0487344281402109 0.032467182741186963  -1.3937379725633485  -1.9530879241192465  -1.8340491813800417 -0.92929694630199833,  0.055894045589389346 -0.0010888161696961563    0.33197402635814799   -0.15555151979931106 8.4381460184835148e-05   -0.20657281495724469 0.00022217081095573176, -13.699248950958252   59.737113544464108  -9.8381896018981934  -12.268024349212647 -0.86100666046142582    1.659413345336914 -0.24630873870849609,   19.6266182119357  4.3601821445010431  10.480401928475745 -5.3712283016088618 0.21896538809085506  1.8178758656477627 0.42597894678665799,  0.54313170909881592 -0.036764379590749741   0.23125854134559631,  -0.71089959144592285 -0.0023018177598714828 -0.0058032199740409851    0.70326584577560425,-0.047003548592329025    0.1507432609796524  0.071513079106807709,-0.0014466854045167565    0.84677278995513916 -0.0057582813315093517,  0.24791045486927032  0.025892492383718491  0.065026894211769104  0.025892492383718491   0.23257507383823395 -0.021396106109023094  0.065026894211769104 -0.021396106109023094   0.18765613436698914,  -0.95743454937213812   -0.36527027598154405    -1.0778726722753262    0.58124826860783685    0.46102941832071309  -0.016249012497304705 3.7098173422123182e-06,0.1199273020029068
IIWA_7,1715793923.6022015,-0.47747231288220021   1.0487377238672539 0.035029469963694854  -1.3949336986156375  -1.9530922383986244  -1.8349804754335211 -0.92929658676417248,     0.0652370228926486 -0.00073922385403487928       0.368070709986834    -0.17227025793100942 -0.00010506600697095047    -0.20251001410497013  0.00019211816179837528, -14.278620582580567   60.159207958221437  -10.627005519866943  -12.466989078521728 -0.92175252914428707    1.731837459564209  -0.2359624366760254, 19.093228602443148  4.3686503502997249  9.7095249066174372 -5.1276947150956644 0.24807344838230533  2.2166353587483623 0.39947880617169135,  0.54282814264297485 -0.035507455468177795   0.23174980282783508,  -0.70974892377853394 -0.0031166165135800838 -0.0049688639119267464    0.70443034172058105,-0.050056532025337219   0.17051577568054199   0.07711462676525116, -0.001215163734741509     0.8469657301902771 -0.0067435819655656815,  0.24781660735607147  0.025834690779447556   0.06510636955499649  0.025834690779447556   0.23277293145656586 -0.021209623664617538   0.06510636955499649 -0.021209623664617538   0.18755994737148285,  -0.95366978355748699   -0.36122380061609505    -1.0697960154040231    0.57781237540055486     0.4629372306270696 -0.0084123898442811651 5.3226489882263195e-06,0.13399270176887512
IIWA_7,1715793923.6072137,-0.47692367506773742   1.0487444349854773 0.037681818575433366  -1.3962018692491029  -1.9530889786471806  -1.8356188152084718 -0.92929694630199833,    0.07413513089263063 -0.00032293435429317876     0.40055051245900775    -0.18854303168342371  4.6337252178631425e-05    -0.18754160228200645  0.00013931301640491037, -15.175235149383544   60.292288681030271  -10.269573307037353  -12.557667694091796  -0.8064234161376953   1.4297921905517579 -0.23529493331909179, 19.101791601836279  4.3806425149181241  9.7108564912881672 -5.1321324766373166 0.24580216102481739  2.2216389420907068 0.39947880617169135,  0.54282814264297485 -0.035507455468177795   0.23174980282783508,  -0.70974892377853394 -0.0031166165135800838 -0.0049688639119267464    0.70443034172058105,-0.050056532025337219   0.17051577568054199   0.07711462676525116,-0.001074689207598567   0.84718316793441772 -0.007317353505641222,  0.24781660735607147  0.025834690779447556   0.06510636955499649  0.025834690779447556   0.23277293145656586 -0.021209623664617538   0.06510636955499649 -0.021209623664617538   0.18755994737148285,  -0.95366978355748699   -0.36122380061609505    -1.0697960154040231    0.57781237540055486     0.4629372306270696 -0.0084123898442811651 5.3226489882263195e-06,0.13399270176887512
IIWA_7,1715793923.6121879,-0.47636550971905417   1.0487483299058691 0.040413622646870456  -1.3975408067660013  -1.9530897457193868  -1.8359540738682412 -0.92929712607091131,    0.08163471866143443 -0.00010255066776385953     0.42971257282468983    -0.20439192602267486  6.3869134949813891e-06    -0.16344362821637937  0.00010425965660481293, -16.288273921966553   60.829988571166993  -10.641091518402099  -12.195833606719971 -0.93495815277099603   1.5405977478027344 -0.23763119506835936, 19.101791601836279  4.3806425149181241  9.7108564912881672 -5.1321324766373166 0.24580216102481739  2.2216389420907068 0.39947880617169135,  0.54282814264297485 -0.035507455468177795   0.23174980282783508,  -0.70974892377853394 -0.0031166165135800838 -0.0049688639119267464    0.70443034172058105,-0.050056532025337219   0.17051577568054199   0.07711462676525116,-0.00092900334857404232     0.84717774391174316  -0.0079400548711419106,  0.24781660735607147  0.025834690779447556   0.06510636955499649  0.025834690779447556   0.23277293145656586 -0.021209623664617538   0.06510636955499649 -0.021209623664617538   0.18755994737148285,  -0.95366978355748699   -0.36122380061609505    -1.0697960154040231    0.57781237540055486     0.4629372306270696 -0.0084123898442811651 5.3226489882263195e-06,0.13399270176887512
IIWA_7,1715793923.617214,-0.47581411559337011   1.0487569584864418 0.043198337138163297  -1.3989292392024923  -1.9530865817865186  -1.8359403519805788 -0.92929694630199833,  0.087363539956509834 0.00026310268869737406    0.45515863791146549    -0.2190508382777801 0.00013166684552175771    -0.1302060270666093 9.0598481802965731e-05,  -15.63496855545044   60.909299304962161  -9.7527932357788085  -12.773359546661377 -0.55199506759643557   1.4344647140502929 -0.22995490646362304, 18.573921719293168  4.3514926032169621   8.978558270405351 -4.8961236602581328 0.28644635299481136   2.568248597083306 0.36943367708625952,  0.54253554344177246 -0.034149572253227234   0.23221878707408905,  -0.70860177278518677 -0.0039386618882417679 -0.0041105300188064575    0.70558565855026245,-0.052128404378890991   0.19035685062408447  0.080750197172164917,-0.00092900334857404232     0.84717774391174316  -0.0079400548711419106,  0.24771684408187866  0.025759503245353699  0.065192148089408875  0.025759503245353699   0.23298497498035431 -0.021002169698476791  0.065192148089408875 -0.021002169698476791   0.18745878338813782,   -0.94916013285484269    -0.35674275973551772     -1.0607259125769986     0.57392365579200799     0.46475116616573331 -0.00052400467520641314  6.9319305850967794e-06,0.14745582640171051
IIWA_7,1715793923.6222136,-0.47522964496945003   1.0487588759487914 0.046099358407313634  -1.4004168410289155   -1.953089553907702  -1.8356940162099524   -0.929297964919783,   0.093269656922011307  0.00028718064494051804     0.48016776109518594    -0.23474474367915038 -1.3551370918059172e-05   -0.094311390828232144  3.1734074055330761e-05, -14.146884109497071   60.756054836273194  -10.085574951171875  -13.022505645751952   -1.186745376586914   1.5068888282775879 -0.22027610778808593,  17.38664829053139  3.8818835216451535  7.3544090827147519 -4.3177033843168449  0.4699890965483195   3.044072688788269 0.25308256666095547,  0.54181545972824097 -0.029794594272971153   0.23333153128623962,  -0.70546448230743408 -0.0060799792408943176 -0.0017291440162807703    0.70871704816818237,-0.050894506275653839   0.23882803320884705  0.077696137130260468,-0.00092926423531025648      0.8474157452583313    -0.00794228445738554,  0.24742279946804047  0.025397138670086861  0.065469913184642792  0.025397138670086861   0.23365907371044159 -0.020286614075303078  0.065469913184642792 -0.020286614075303078   0.18713787198066711,  -0.93040584473413901   -0.34168580796922754    -1.0282684119591323    0.56017948512998572    0.46837219478668146   0.020682577208219755 1.1228202367874474e-05,0.17703691124916077
IIWA_7,1715793923.627218,-0.47457141138626979   1.0487580969865296 0.049044241982228155  -1.4019736517051649  -1.9530899373565387  -1.8351716238931997 -0.92929952295338969,    0.10094506886481842  0.00019858602548022044     0.50192955187272958    -0.25006822199329448 -2.6179050201756599e-05   -0.054553419992474789 -3.6934085023159583e-05, -13.075517078399658   60.296321430206298  -8.9886278152465824  -12.487237701416015 -0.56343994140624998   1.4127708549499511 -0.24564123535156249, 17.079690981572753  3.6487032724801614   6.934335446216874 -4.1459200542822723 0.55006428262536811  3.0880743113824503  0.2056889704605826,  0.54161447286605835 -0.028242971748113632   0.23361614346504211,   -0.70450454950332642  -0.0066964603029191494 -0.00098374101798981428      0.7096671462059021,-0.049347296357154846   0.25288507342338562  0.073998220264911652,-0.00077507406240329146     0.84791034460067749  -0.0085763204842805862,  0.24732726812362671  0.025232329964637756  0.065568059682846069  0.025232329964637756   0.23389603197574615 -0.020016839727759361  0.065568059682846069 -0.020016839727759361   0.18702436983585358,  -0.92249328432369992   -0.33614442130325273    -1.0157489797126829    0.55491832757859072    0.46903101967110672   0.027055219975480327 1.2510239955076941e-05,0.18514290452003479
IIWA_7,1715793923.6322169,-0.47380454087462998   1.0487482699101762 0.052051323746612921  -1.4035535920300772  -1.9530823633257166  -1.8343505845793133 -0.92929988249121565,    0.11143087555744741 -0.00023421423374903784     0.52182691207357434     -0.2632521905911307  0.00028201799272168688   -0.010801163438526662 -4.3928781056758431e-05, -11.825364833831786   59.769375537872314  -8.5634067344665521  -12.520691947937012 -0.87861415863037107    1.209516082763672 -0.22995490646362304, 16.773925829145885  3.3857483812945861  6.5591117555993179 -3.9763834504961362 0.63922014798269122  3.0919244012557732  0.1554856029451922,  0.54143375158309937 -0.026626322418451309   0.23385287821292877,   -0.70359885692596436  -0.0072739357128739357 -0.00024641890195198357     0.71056008338928223,-0.047364722937345505   0.26677620410919189  0.069157317280769348,-0.00046971629490144551     0.84841984510421753  -0.0097325984388589859,  0.24723309278488159  0.025048388168215752  0.065667793154716492  0.025048388168215752   0.23413828015327454 -0.019731201231479645  0.065667793154716492 -0.019731201231479645    0.1869080513715744,  -0.91387171477741447   -0.33030905135245092    -1.0024601651936749    0.54928533008791192    0.46947851359746551   0.033125639673059482 1.3723337133342284e-05,0.19306807219982147
IIWA_7,1715793923.6372168,-0.47290877997939196    1.048745513598955 0.055130670323261119  -1.4051749977782753  -1.9530884033866591  -1.8332402461426842 -0.92930054157117437,    0.12497513625547865 -0.00029762383584977547     0.54063539272478744    -0.27545798240082553 -1.5988043523200381e-05    0.035772606714343083 -6.1506223194217818e-05,  -11.48392540359497    59.81239152908325  -8.2209408950805667  -12.617533187866211 -0.87157115936279295   1.3009640426635742 -0.23395992660522461,  16.46685407545629  3.1455026115420255   6.205255083799079 -3.8399944728332214 0.72255377259589637  3.0672790219590724 0.11057020708208237,  0.54129207134246826 -0.024925628677010536   0.23405219614505768,  -0.70275604724884033 -0.0078400857746601105 0.00047283616731874645    0.71138757467269897,-0.044292375445365906   0.28129956126213074  0.063816279172897339,-0.0001906788966152817    0.84868061542510986  -0.010668158531188965,   0.2471320629119873  0.024845615029335022   0.06577310711145401  0.024845615029335022   0.23438635468482971 -0.019425364211201668   0.06577310711145401 -0.019425364211201668   0.18679603934288025,  -0.90455319828564029   -0.32408988756049695   -0.98829929232469027    0.54324760794610683    0.46974017533862877    0.03891389533627887 1.4871802456184469e-05,0.20142069458961487
IIWA_7,1715793923.6422415,-0.47189880942847573   1.0487417385608659  0.05827940551864854  -1.4068389474541538  -1.9530801582767396  -1.8317873986213238 -0.92930150030234915,    0.14037893104103205 -0.00038910059224044362     0.55845772199532684    -0.28692437295580336  0.00031701396196064937     0.08673198622589183  -8.755422554668362e-05, -11.637169872283936   59.239741146087646  -8.5933394813537589  -13.618519458770752  -0.7905766677856445  0.95085853195190428 -0.22594988632202148, 16.479303630636387  3.1789660220416383   6.200556816309664 -3.8485250606551507 0.71644525293166428  3.0826354939177891 0.11057020708208243,  0.54129207134246826 -0.024925628677010536   0.23405219614505768,  -0.70275604724884033 -0.0078400857746601105 0.00047283616731874645    0.71138757467269897,-0.044292375445365906   0.28129956126213074  0.063816279172897339,-5.8350458857603371e-05     0.84895402193069458   -0.011056951247155666,   0.2471320629119873  0.024845615029335022   0.06577310711145401  0.024845615029335022   0.23438635468482971 -0.019425364211201668   0.06577310711145401 -0.019425364211201668   0.18679603934288025,  -0.90455319828564029   -0.32408988756049695   -0.98829929232469027    0.54324760794610683    0.46974017533862877    0.03891389533627887 1.4871802456184469e-05,0.20142069458961487
IIWA_7,1715793923.6472139,-0.47078948960963135    1.048730353559989 0.061439346055083006  -1.4085979320531326  -1.9530901291682234   -1.829920735715977  -0.9293025190292169,    0.15667593758660081 -0.00076668050886995708     0.57316379905364012    -0.29989888232379147 -0.00014522448978353974     0.14405210519458389 -0.00011079245514742495,-12.898076114654542  59.722326797485351 -9.2404150390624995 -13.158083381652832 -1.1638556289672852  1.0309589347839356 -0.2252823829650879,  15.773950930682364   2.6396154368034357   5.5287693241982261  -3.5798359102016777  0.91592574362175672   2.9407372160326761 0.020733355910954376, 0.54110264778137207 -0.02122553251683712   0.2343066930770874,  -0.70125222206115723 -0.0089361779391765594  0.0019131796434521675    0.71285468339920044,-0.036601997911930084   0.31348046660423279  0.050826765596866608,4.9126549129141495e-05     0.8489496111869812  -0.011389137245714664,  0.24691639840602875  0.024378580972552299  0.065996594727039337  0.024378580972552299   0.23490466177463531 -0.018746679648756981  0.065996594727039337 -0.018746679648756981   0.18657419085502625,  -0.88363249843226299   -0.31038732346644338   -0.95707056951610525    0.52981369833737801    0.46976443382096278   0.049820643480913418 1.7013798370157929e-05,0.22049051523208618
IIWA_7,1715793923.6522431,-0.46962048836609815    1.048730113904466 0.064589459515164108   -1.410377649418296  -1.9530753645554162  -1.8276512831078611  -0.9293041368403504,    0.17210079981060852 -0.00062293062801525444     0.58453557764615616    -0.31110780046557196  0.00047440492046316152     0.20601978848030517  -0.0001533464094580604, -13.589020473480225   59.368789119720461  -8.8231173324584962   -13.00049627304077 -0.54231094360351562   0.8570743103027344 -0.22194486618041992,   15.441592416269884    2.3046725977202849    5.2833903267764004   -3.4413878817843271    1.0449718645222674    2.7881595371199257 -0.033669789972938624,  0.54105192422866821 -0.019254997372627258   0.23432588577270508,  -0.70063972473144531 -0.0093991998583078384  0.0026106000877916813    0.71344852447509766,-0.032335881143808365   0.32962444424629211  0.042033623903989792,4.9160207709064707e-05    0.84953129291534424  -0.011396940797567368,  0.24681286513805389  0.024108130484819412  0.066109113395214081  0.024108130484819412   0.23516997694969177 -0.018377453088760376  0.066109113395214081 -0.018377453088760376   0.18646012246608734,  -0.87185700406333666   -0.30301274100086317     -0.940043530010648    0.52240851968576862    0.46935654570834373   0.054576087012314645 1.7939404628464217e-05,0.23019491136074066
IIWA_7,1715793923.6572177,-0.46840792446801666   1.0487239419838987 0.067770012826396941  -1.4121996110599238  -1.9530805417255763  -1.8249579483838825 -0.92930533522704806,    0.18618319577174675 -0.00074522132510373659     0.59485059456623834    -0.32176470603756691  0.00017243712996528588     0.27254921974338775 -0.00017061259547260555, -12.742143146514893   59.840620773315429  -8.3512363815307609  -12.842909164428711   -1.140085506439209   1.0179426193237304 -0.22628363800048829,   15.162668804761985    1.9459603110492067    5.1178001573620442   -3.3302861540691295    1.1725787499532931     2.568431160944749 -0.088643183296374661,  0.54104840755462646 -0.017248913645744324   0.23426762223243713,  -0.70013540983200073 -0.0097806807607412338  0.0032475858461111784     0.7139357328414917,-0.027108125388622284   0.34402817487716675  0.031913295388221741,0.00019831096869893372    0.84982293844223022  -0.011835903860628605, 0.24671478569507599 0.023813521489500999 0.066221386194229126 0.023813521489500999  0.23543213307857513   -0.017994349822402 0.066221386194229126   -0.017994349822402  0.18634791672229767, -0.85928429432513553  -0.29544245825263715  -0.92229713135694169   0.51471120841739548   0.46857643550257677  0.058632269413827487 1.872890287302198e-05,0.23887129127979279
IIWA_7,1715793923.6622155,-0.46712417437114945   1.0487252003662895 0.070972197748378985   -1.414042665005562  -1.9530725842459178  -1.8218667972728384 -0.92930893049622409,    0.20029656049208575 -0.00054584176445362251     0.60396787253227235    -0.33113392265558222  0.00045624889031374837      0.3416854202364733 -0.00028030084341959234, -11.466450157165527   60.518122634887696  -7.3854651069641113  -13.412511730194092 -0.70077842712402338  0.97221863937377928 -0.23729744338989259,   15.162668804761985    1.9459603110492067    5.1178001573620442   -3.3302861540691295    1.1725787499532931     2.568431160944749 -0.088643183296374661,  0.54104840755462646 -0.017248913645744324   0.23426762223243713,  -0.70013540983200073 -0.0097806807607412338  0.0032475858461111784     0.7139357328414917,-0.027108125388622284   0.34402817487716675  0.031913295388221741,0.00023843557573854923    0.85011661052703857  -0.011873937211930752, 0.24671478569507599 0.023813521489500999 0.066221386194229126 0.023813521489500999  0.23543213307857513   -0.017994349822402 0.066221386194229126   -0.017994349822402  0.18634791672229767, -0.85928429432513553  -0.29544245825263715  -0.92229713135694169   0.51471120841739548   0.46857643550257677  0.058632269413827487 1.872890287302198e-05,0.23887129127979279
IIWA_7,1715793923.6672125,-0.46571698662651656   1.0487224439459852 0.074233704557223987  -1.4159530104477598  -1.9530711460946142  -1.8184158199202247 -0.92931096784087652,    0.21652475817898409 -0.00054693022373203848     0.61363457037961799    -0.34132095581237837  0.00042252516439503999     0.41138743029372593  -0.0003057344608327938,  -11.28900919342041   60.610875865936279  -8.1205781555175776  -13.842134685516358  -1.0256367683410645   1.1194031295776368 -0.22127736282348634,   15.178404732940628    1.9475430920243846    5.1279466174194344   -3.3344756327716794    1.1725454730821985    2.5686822887769512 -0.088643183296374661,  0.54104840755462646 -0.017248913645744324   0.23426762223243713,  -0.70013540983200073 -0.0097806807607412338  0.0032475858461111784     0.7139357328414917,-0.027108125388622284   0.34402817487716675  0.031913295388221741,0.0002400797966402024   0.85011804103851318 -0.011773809790611267, 0.24671478569507599 0.023813521489500999 0.066221386194229126 0.023813521489500999  0.23543213307857513   -0.017994349822402 0.066221386194229126   -0.017994349822402  0.18634791672229767, -0.85928429432513553  -0.29544245825263715  -0.92229713135694169   0.51471120841739548   0.46857643550257677  0.058632269413827487 1.872890287302198e-05,0.23887129127979279
IIWA_7,1715793923.6722138,-0.46420949099186376   1.0487205264836357  0.07749533124837199   -1.417922258243302  -1.9530682699665398  -1.8145742167188974 -0.92931342460996491,    0.23351963192929928 -0.00051424267296824953     0.62137272394961451    -0.35182667647159049  0.00045306525449080934     0.48277407228807334 -0.00034285833220175902, -10.868259029388428   60.598777618408207  -8.8195958328247066  -13.053318767547607 -0.84515991210937502    1.215857364654541 -0.22594988632202148,  14.509055266248824  0.80515281649817472   4.9014850801568528  -3.0851725196159312   1.6063907069647825   1.6507089148290606 -0.26220103187692523,  0.54127180576324463 -0.010890685021877289   0.23367053270339966,  -0.6992419958114624 -0.010552880354225636  0.004901139996945858   0.71479034423828125,-0.0092593980953097343    0.38462895154953003 -0.0024296597111970186,0.0002400797966402024   0.85011804103851318 -0.011773809790611267,  0.24643470346927643  0.022781621664762497  0.066561765968799591  0.022781621664762497   0.23621633648872375 -0.016736466437578201  0.066561765968799591 -0.016736466437578201   0.18602432310581207,  -0.81659758322505382   -0.27114019021556857   -0.86392080323349774     0.4894915650019982    0.46433440901605394   0.067346518377142672 2.0421343727150543e-05,0.26491338014602661
IIWA_7,1715793923.6772203,-0.46259479647097196   1.0487134558275866 0.080720825478846736  -1.4198981572704572   -1.953069132857322  -1.8103805768986181 -0.92931414368561671,    0.25140348637911147 -0.00069422038033867327      0.6261179483786814    -0.36049730226348142  0.00032793657230622273     0.55396485064163126 -0.00030304969183342784,-11.006716751098633  59.774752536773683 -9.4517050170898429 -13.585945587158204 -1.1418462562561036  1.1798121833801269 -0.2146023292541504, 14.276170818412462 0.39816082550622328  4.8792272313766496 -2.9946186186879018  1.7740762598143338  1.2959032346990225 -0.3264153895644204,   0.54140818119049072 -0.0086185075342655182    0.23333156108856201,  -0.6991349458694458 -0.010703410021960735 0.0054093790240585804   0.71488910913467407,-0.0034500183537602425    0.39887675642967224  -0.014831365086138248,0.00024024485901463777    0.85070252418518066  -0.011781904846429825,   0.2463492751121521  0.022390700876712799  0.066674023866653442  0.022390700876712799    0.2364785224199295 -0.016278257593512535  0.066674023866653442 -0.016278257593512535   0.18591563403606415,  -0.80080630207568504   -0.26244571509526082   -0.84273343175311766    0.48030700912171653    0.46240652126705584   0.069320494994862258 2.0802674249864594e-05,0.27474656701087952
IIWA_7,1715793923.682245,-0.46087973406436722   1.0486855325230502 0.083911445521955827  -1.4219269667174681  -1.9530611753776632  -1.8059239432308329 -0.92932259260635952,    0.26972528536747875  -0.0016723084857261932     0.62851916042730882    -0.36955021969122087  0.00058064844419537971     0.62143722722471095 -0.00058039658317912473, -10.358788383483887   60.413271156311033  -9.0282446861267083  -12.559428443908692 -0.71750555038452146   1.3783944320678712 -0.22094361114501954,     14.062269955292127 -0.00098039161486256077      4.9066162125086707     -2.9212649519678773      1.9451874835588456     0.91731014905318919    -0.38821509166491741,   0.54158079624176025 -0.0062957797199487686    0.23292526602745056, -0.69914102554321289 -0.010806445963680744 0.0058858729898929596    0.7148779034614563,0.0025463863275945187   0.41232630610466003  -0.02745206281542778,0.00014551896310877055    0.85129988193511963  -0.011220906861126423,  0.24626675248146057  0.021982504054903984  0.066784612834453583  0.021982504054903984    0.2367364764213562 -0.015805747359991074  0.066784612834453583 -0.015805747359991074   0.18581099808216095,  -0.78449464310370587   -0.25355864443543652   -0.82097414954063197    0.47085886248066089    0.46026678494737183   0.070776499585534225 2.1081565826364113e-05,0.28434094786643982
IIWA_7,1715793923.6872137,-0.45905861116252805   1.0486622232145575 0.087098889829407847  -1.4239371407386403  -1.9530523548326895  -1.8012383509449525 -0.92932660729997141,    0.28862514436754971  -0.0022702191282890642     0.63031310063992785    -0.37604713659986494  0.00081734055430643523     0.68457347321498441 -0.00062490501101877089, -10.235117408752441   59.805670280456546  -7.7244094467163089  -12.920382156372071  -1.2105154991149902   1.1467707672119141 -0.20959605407714843,    14.078097249171876 0.00061258271196636127     4.9168538344801851    -2.9254582441800756     1.9451700664972538    0.91760162337195461   -0.38821509166491741,   0.54158079624176025 -0.0062957797199487686    0.23292526602745056, -0.69914102554321289 -0.010806445963680744 0.0058858729898929596    0.7148779034614563,0.0025463863275945187   0.41232630610466003  -0.02745206281542778,-3.7563662772299722e-05     0.85160171985626221   -0.010246707126498222,  0.24626675248146057  0.021982504054903984  0.066784612834453583  0.021982504054903984    0.2367364764213562 -0.015805747359991074  0.066784612834453583 -0.015805747359991074   0.18581099808216095,  -0.78449464310370587   -0.25355864443543652   -0.82097414954063197    0.47085886248066089    0.46026678494737183   0.070776499585534225 2.1081565826364113e-05,0.28434094786643982
IIWA_7,1715793923.6922145,-0.45712267952074503   1.0486130279461807 0.090359258138165158  -1.4259774549597479   -1.953039987255077  -1.7964057122697641  -0.9293328391071487,   0.30833738116536047 -0.0037839860377019367    0.63466521286223476   -0.38245027812419674  0.0011485755479439875    0.74096432557952596 -0.0007491962959067231, -9.8506619873046883   60.561138626098632  -7.3801828575134278  -13.271651744842529 -0.81170566558837887    1.723493667602539 -0.21326732254028319,  13.886983963050362 -0.39555859131833659   4.9866047825650011  -2.8480801318336715   2.1233097326845116  0.54449546465624676 -0.44981217461680023,   0.54176682233810425 -0.0039205565117299557    0.23247054219245911, -0.69922739267349243 -0.010871093720197678 0.0063502918928861618   0.71478849649429321,  0.00777451042085886   0.42519992589950562 -0.039496432989835739,-0.00015697783965151757     0.85160911083221436  -0.0096169020980596542,  0.24619060754776001  0.021560568362474442  0.066891513764858246  0.021560568362474442   0.23699074983596802 -0.015321343205869198  0.066891513764858246 -0.015321343205869198    0.1857060045003891,  -0.76778703616398047   -0.24452735099078637   -0.79877171154052462    0.46117542777146525     0.4579850539414565   0.071884305220315525 2.1291823415481304e-05,0.29377508163452148
IIWA_7,1715793923.6972136,-0.45508182599289837   1.0485475341387505 0.093668522064083243  -1.4280746344077135  -1.9530298245519084  -1.7914086500527358  -0.9293399097631978,    0.32830404604615493  -0.0056469411273720026     0.64010272732651119    -0.38984740041798194   0.0013253685650975564     0.79265394914475429 -0.00088218327868945219, -10.723080059051513   61.670144649505616  -8.5634067344665521  -13.710958824157714  -1.3355287361145018   1.2896164855957031 -0.16754334259033202,  13.684782485474294   -0.769521502808307   5.0571312874703178  -2.7796008151433549   2.2998499179595013  0.17958663934670449 -0.50600041403698315,   0.54197895526885986 -0.0014877053909003735    0.23197722434997559, -0.69938373565673828 -0.010927364230155945 0.0068037919700145721   0.71463048458099365, 0.012899944558739662   0.43781274557113647 -0.050680935382843018,-0.00015703043027315289     0.85189437866210938  -0.0096201244741678238,  0.24611380696296692   0.02112707681953907  0.066998086869716644   0.02112707681953907   0.23724156618118286 -0.014822945930063725  0.066998086869716644 -0.014822945930063725   0.18560610711574554,   -0.7507604350793784     -0.235322009954686   -0.77609403427292278    0.45131587124647154    0.45562589714176482   0.072744847874339769 2.1453645082658568e-05,0.30318352580070496
IIWA_7,1715793923.7022142,-0.45296211619870191   1.0484807221714025 0.096962146639989602  -1.4302271810446232  -1.9530205247395223  -1.7863335105316196 -0.92934392445680969,    0.34743162860478222  -0.0071900315958145595     0.64382716489746339    -0.39797978581077231    0.001432287347525105     0.83712874016044969 -0.00086633436742703288, -11.263468448638916   61.944371593475338  -9.1585401725769042  -13.272532119750977 -0.90238428115844727   1.5716366539001465 -0.20292102050781249,  13.149347395401524  -1.3192217383590892     5.00863174740714  -2.6180553020469279   2.6397466261619917 -0.37359724893346913 -0.60672389080636302,   0.5424121618270874 0.0036511791404336691   0.23097366094589233, -0.69977074861526489 -0.011114140972495079 0.0077672922052443027   0.71423882246017456, 0.020216172561049461   0.46616154909133911 -0.067437991499900818,-0.00027618257445283234     0.85218310356140137  -0.0089473845437169075,  0.24595196545124054  0.020227150991559029  0.067213110625743866  0.020227150991559029   0.23774488270282745 -0.013771305792033672  0.067213110625743866 -0.013771305792033672   0.18541534245014191,  -0.71574160370779794   -0.21619597037680904   -0.72894393926059564    0.43089357441949971    0.45096430909286056   0.074580850024652534 2.1803100658246422e-05,0.32395651936531067
IIWA_7,1715793923.7072172,-0.45079045471582446    1.048400787400658  0.10021214856565469  -1.4323813453835832  -1.9530107456597232  -1.7811620778140955 -0.92935087533963878,    0.36481176219892386  -0.0089494161064327463     0.64506180894457432    -0.40455040220701727    0.001536993069981836     0.87656030082932268 -0.00097110280710535331,-11.658677867889404  63.187802589416506 -10.282778930664062 -12.879884910583495 -1.3663418579101563  1.5662966270446776 -0.2249486312866211,  12.890184136348685  -1.5870632112677703   4.9956334833942861   -2.497963349730409   2.8258722571751758 -0.59460065135706863 -0.66302707175492304,  0.54260712862014771 0.0063105621375143528   0.23044152557849884, -0.69999998807907104 -0.011202987283468246 0.0082957427948713303   0.71400678157806396, 0.021786443889141083   0.47964420914649963 -0.074570223689079285,-0.00040106687811203301     0.85219007730484009  -0.0082490518689155579,  0.24588075280189514  0.019766213372349739  0.067313641309738159  0.019766213372349739   0.23799249529838562 -0.013228899799287319  0.067313641309738159 -0.013228899799287319   0.18531496822834015,  -0.69797713399477601   -0.20648649194576763   -0.70487834993393506    0.42048368321001561     0.4486753007029165   0.075505570060308003 2.1980049780268018e-05,0.3337751030921936
IIWA_7,1715793923.712218,-0.44856917864921753   1.0483368515177514  0.10340900052502419  -1.4345447976012409  -1.9529974191982196  -1.7759545725225083 -0.92936070241599211,  0.38070045242341655 -0.009716968201412263   0.64392352553043952  -0.41017841047192105 0.0017626529161314209   0.90954845232694614 -0.001169965299817497, -11.224485206604005   63.929828437805178  -9.5159723854064939  -13.467094974517822 -0.86364778518676755   2.0375539970397951 -0.22795239639282228,  12.657158630442813  -1.8067873430088845   4.9963711912114093  -2.3902699947450823   3.0016522749576096 -0.79104400459582513 -0.71566614956475083,  0.54280054569244385 0.0089848414063453674   0.22989226877689362, -0.70027279853820801 -0.011282916180789471 0.0088196434080600739   0.71373170614242554, 0.022900337353348732   0.49101492762565613 -0.080974705517292023,-0.00040146347600966692     0.85303276777267456  -0.0082572083920240402,  0.24581468105316162  0.019302371889352798   0.06740955263376236  0.019302371889352798   0.23823226988315582 -0.012682412751019001   0.06740955263376236 -0.012682412751019001   0.18521691858768463,  -0.68022739278550404   -0.19681718956832128    -0.6807767223744321    0.41009265222768931    0.44638396178342532   0.076272615872952088 2.2126899423824398e-05,0.34210178256034851
IIWA_7,1715793923.7172141,-0.44630086454118928   1.0482869971694158  0.10661855564518817  -1.4367427044727452  -1.9529657809167371   -1.770751022147006 -0.92937969737965698,   0.39529292625986312 -0.0097677484945537484    0.64352102523091081    -0.4160590032377105  0.0026756535922030952    0.93578077688165107 -0.0016957707864485787, -9.5535827980041503   64.468872577667241  -8.1645969009399408  -12.877243785858154  -1.5230485916137695   1.7488587951660157 -0.13350067138671876,  12.656419733662295  -1.8288180519235342   5.0054915575475807  -2.3855322376117574    3.006518698520821 -0.80089929580509001 -0.71566614956475083,  0.54280054569244385 0.0089848414063453674   0.22989226877689362, -0.70027279853820801 -0.011282916180789471 0.0088196434080600739   0.71373170614242554, 0.022900337353348732   0.49101492762565613 -0.080974705517292023,-0.0006997700547799468    0.85331833362579346 -0.0063056908547878265,  0.24581468105316162  0.019302371889352798   0.06740955263376236  0.019302371889352798   0.23823226988315582 -0.012682412751019001   0.06740955263376236 -0.012682412751019001   0.18521691858768463,  -0.68022739278550404   -0.19681718956832128    -0.6807767223744321    0.41009265222768931    0.44638396178342532   0.076272615872952088 2.2126899423824398e-05,0.34210178256034851
IIWA_7,1715793923.7222137,-0.44391696251278917   1.0482514639020915  0.10990259280026408  -1.4389362969994217  -1.9529376898424262  -1.7656661754318395 -0.92940072968797427,   0.41159042214389485 -0.0092355294886152326    0.64617830638776519   -0.42059090365722851  0.0032641658461984215    0.95201849011198147 -0.0021979089618505638, -8.5776574974060065   64.065597660064697  -7.5210428428649898  -13.033070144653321 -0.90238428115844727   2.1179881515502927 -0.12515687942504883,  12.268472845632044  -2.2390025772966871   5.0571608762281279  -2.1323551307946755   3.3603402895986387  -1.0984764748732734 -0.82605048655373214, 0.54313355684280396 0.014394914731383324   0.2287449985742569, -0.70084953308105469 -0.011426882818341255 0.0099320504814386368   0.71314841508865356,  0.02226126566529274   0.50970917940139771 -0.091987147927284241,-0.00076557497959583998     0.85332262516021729  -0.0056836544536054134,  0.24571102857589722  0.018370857462286949  0.067581892013549805  0.018370857462286949   0.23869170248508453 -0.011579586192965508  0.067581892013549805 -0.011579586192965508   0.18500970304012299,  -0.64491214699557986   -0.17764027241984337   -0.63254220439201703    0.38943856571194146    0.44196260673867727   0.077822748436595646 2.2431570378955712e-05,0.35579109191894531
IIWA_7,1715793923.727217,-0.44141363763931835   1.0482079012475432  0.11326278968799543  -1.4411467872585004  -1.9528942590693195  -1.7606782211064296  -0.9294176274203767,   0.42940533265394887  -0.009130929772824245    0.65135052061946586   -0.42489233328893133  0.0043485636012289873    0.96113296510598056 -0.0024342364655777389, -8.3383810462951669   63.464718032836913   -8.515866489410401  -12.820019416809082  -1.5899570846557618   1.6010068016052246 -0.17421837615966798,   11.98938009207864  -2.4373105760052267   4.9944811819095332  -1.9573344791546516   3.5469877091189219  -1.1608125926081538 -0.87589372562359147, 0.54325699806213379 0.017208915203809738  0.22820480167865753, -0.70107656717300415 -0.011592147871851921  0.010580172762274742   0.71291321516036987,   0.0202029999345541   0.52062004804611206 -0.094540514051914215,-0.00076603743946179748     0.85383820533752441  -0.0056870877742767334,  0.24565999209880829  0.017907096073031425  0.067664213478565216  0.017907096073031425   0.23891858756542206 -0.011012034490704536  0.067664213478565216 -0.011012034490704536   0.18490517139434814, -0.62743920974117628  -0.16793554284610934  -0.60813619688282472   0.37911373661891901    0.4400906372206137  0.079211755531716221 2.271440013856818e-05,0.36329969763755798
IIWA_7,1715793923.7322485,-0.43880299410638857   1.0481388721666298  0.11663634903464619  -1.4433498473237043   -1.952865976183324  -1.7557873391578558 -0.92942709495890419,    0.4479500074403503   -0.01006590705479259    0.65602279036160316   -0.42803626923930016  0.0046101663208005603    0.96454165002773606 -0.0023260907135616155, -8.8102126998901369   62.448465240478512   -9.095153179168701   -12.36662633895874 -0.79938041687011718   2.2935415344238281 -0.22327987289428711,  11.652580042106647  -2.5368495675494396    4.831242340927945  -1.7761351160320706   3.7171347275742566  -1.1280858473539306 -0.92094147317757014, 0.54335010051727295 0.020118096843361855    0.227706179022789,  -0.7012515664100647 -0.011838397942483425  0.011298793368041515   0.71272605657577515, 0.017204180359840393   0.53315103054046631 -0.094899088144302368,-0.00083665666170418262     0.85384511947631836  -0.0045074671506881714,  0.24560581147670746   0.01744484156370163  0.067745544016361237   0.01744484156370163   0.23914434015750885 -0.010430680587887764  0.067745544016361237 -0.010430680587887764   0.18480290472507477,  -0.61008954867602938   -0.15810850393549458   -0.58346222897931455    0.36876219486536854    0.43848295136683646   0.081106221540672152 2.3105507729326291e-05,0.37161767482757568
IIWA_7,1715793923.7372465,-0.43611097765141071   1.0480114199343353  0.11997904899662627  -1.4455177936551029  -1.9528109447302782  -1.7510000008306521 -0.92944614991826202,   0.46604066415139433  -0.013150814935613644    0.65852623076848593   -0.42914686864738444  0.0058893911784749196    0.96312685311033619 -0.0026230709451626425, -9.8654487342834472   62.814101165771483  -10.534566154479981   -13.00753927230835   -1.630454330444336   2.0061813392639158 -0.12148561096191406,  11.275748089359457  -2.5719070484060085   4.6168615893881917  -1.5937121284719804   3.8803350680505289  -1.0360368416079402 -0.95992935256764833, 0.54341340065002441 0.023088989779353142  0.22724366188049316,-0.70140445232391357 -0.01215993519872427 0.012078400701284409  0.71255743503570557, 0.013500360772013664   0.54563111066818237 -0.093735136091709137,-0.00083715433720499277     0.85435312986373901  -0.0045101484283804893,   0.24554808437824249   0.016989141702651978   0.067824453115463257   0.016989141702651978    0.23936602473258972 -0.0098415547981858253   0.067824453115463257 -0.0098415547981858253     0.1847059428691864,  -0.59305293943623383   -0.14826562738612381    -0.5587874640298196    0.35847874996708384    0.43715033202929021   0.083391012124067743 2.3580509989074017e-05,0.37972709536552429
IIWA_7,1715793923.742214,-0.43338492607610513   1.0478607781667679  0.12326182776931151  -1.4477241493382669  -1.9527563925446447  -1.7463748689317222 -0.92947101715127833,   0.48187459433333901  -0.016546322651187134    0.65813213552219818    -0.4315717222444661  0.0068936003681174781    0.95550675844546418 -0.0030931460767826117,   -10.03213570022583    64.556248809814448   -9.9940159606933587   -14.048142414093018   -1.2175584983825682    2.0181963996887209 -0.083104167938232415,  10.913580300279083  -2.5691231571161386   4.4098224636463241  -1.4386767290202311    4.026231985677871 -0.92303301550692485 -0.98319677717083831, 0.54346400499343872 0.026086192578077316  0.22683446109294891, -0.70154589414596558 -0.012550582177937031  0.012868550606071949   0.71239751577377319,0.0099565256386995316    0.5566522479057312 -0.090679802000522614,-0.00083499937318265438      0.8546062707901001  -0.0035749198868870735,  0.24548467993736267  0.016542613506317139  0.067902378737926483  0.016542613506317139   0.23957933485507965 -0.009251229465007782  0.067902378737926483 -0.009251229465007782   0.18462058901786804, -0.57643803812990058  -0.13852295823113536  -0.53435778274923962    0.3483687482246367    0.4360208888254391  0.085890678055200453 2.410708521694005e-05,0.38667389750480652
IIWA_7,1715793923.7472129,-0.43062214273769434    1.047742134393042   0.1265345998058135  -1.4499709518269319  -1.9525926399946361  -1.7418821627989569 -0.92949642369103347,   0.49601100900310285  -0.017982809069987549    0.65741658987783813   -0.43512947734217472   0.012064982294840652    0.94411365206698383 -0.0034907784516314926, -9.8399079895019526   64.599264801025384   -8.562526359558106  -13.893196430206299  -1.9385855484008789   1.8146078758239745 -0.16754334259033202,  10.927385216943151  -2.5678418236652245   4.4189421657288692  -1.4422109584146379   4.0263225330022863 -0.92281335382749763 -0.98319677717083831, 0.54346400499343872 0.026086192578077316  0.22683446109294891, -0.70154589414596558 -0.012550582177937031  0.012868550606071949   0.71239751577377319,0.0099565256386995316    0.5566522479057312 -0.090679802000522614,-0.00081446301192045212     0.85484713315963745  -0.0031965780071914196,  0.24548467993736267  0.016542613506317139  0.067902378737926483  0.016542613506317139   0.23957933485507965 -0.009251229465007782  0.067902378737926483 -0.009251229465007782   0.18462058901786804, -0.57643803812990058  -0.13852295823113536  -0.53435778274923962    0.3483687482246367    0.4360208888254391  0.085890678055200453 2.410708521694005e-05,0.38667389750480652
IIWA_7,1715793923.752212,-0.42782029085847617   1.0476273854306251  0.12986615442243959  -1.4522304575854745  -1.9522385781392535  -1.7375335669753655 -0.92951973310860925,   0.50888288237120882  -0.018976205752666911    0.65919545656731449    -0.4384838122154443    0.02381446005117489    0.92923475459724203 -0.0037249994643363399, -8.9217854270935053   64.915163486480708  -7.9268956756591793  -13.953061923980712   -1.494876594543457   2.0836117286682128 -0.21860734939575197,  10.287734522485014  -2.5394859543535784   4.0409860942175495   -1.069503891408665   4.3037785470243914 -0.57595169075915331   -1.045996500025584, 0.54342883825302124 0.032107066363096237  0.22608742117881775, -0.70170199871063232 -0.013380014337599277  0.014588077552616596   0.71219551563262939,-0.00036342805833555758     0.57349675893783569   -0.083655163645744324,-0.00079224928049370646     0.85484832525253296  -0.0028809322975575924,   0.24539110064506531   0.015673140063881874   0.068033456802368164   0.015673140063881874    0.23998118937015533 -0.0080806473270058632   0.068033456802368164 -0.0080806473270058632    0.18443503975868225,  -0.54431399453136464   -0.11958028446912294    -0.4864336019236859    0.32870599474765783    0.43426649109523652   0.091649783050762323 2.5345320509018165e-05,0.3970816433429718
IIWA_7,1715793923.7571681,-0.42495923697469806   1.0475309123562211   0.1332543343922343  -1.4544996106514576  -1.9516759906280279  -1.7332674824648269 -0.92955143134215168,    0.5215484612480914  -0.019039887578292281    0.66288356404563997   -0.44155317241167852   0.041555068489964736    0.91403118409934048 -0.0042479289131663548, -8.4082820320129397   64.464839828491208  -8.3556382560729983  -13.986516170501709  -1.8549499320983887   1.6784371910095215 -0.12348812103271484,  10.293660650543638  -2.5518730608531861   4.0508823800409939  -1.0666033713008072   4.3077092767815834 -0.58058345105651665   -1.045996500025584, 0.54342883825302124 0.032107066363096237  0.22608742117881775, -0.70170199871063232 -0.013380014337599277  0.014588077552616596   0.71219551563262939,-0.00036342805833555758     0.57349675893783569   -0.083655163645744324,-0.00079266721149906516     0.85529929399490356  -0.0028824524488300085,   0.24539110064506531   0.015673140063881874   0.068033456802368164   0.015673140063881874    0.23998118937015533 -0.0080806473270058632   0.068033456802368164 -0.0080806473270058632    0.18443503975868225,  -0.54431399453136464   -0.11958028446912294    -0.4864336019236859    0.32870599474765783    0.43426649109523652   0.091649783050762323 2.5345320509018165e-05,0.3970816433429718
IIWA_7,1715793923.7622406,-0.42201333467291574   1.0474238932388948  0.13666444562399421  -1.4567903952191068  -1.9508909759134669  -1.7291430516034569  -0.9295807926889087,   0.53507486106976598  -0.019512674755683655    0.66671130050690841   -0.44487392063531067   0.064644643374409338    0.89620218173426969 -0.0045727970008137848,  -7.339603500366211   63.453964035034183    -9.12420555114746  -13.507592220306396  -1.8267779350280762    1.981483715057373 -0.13550318145751952,  9.9820017420011116  -2.4850319818204571   3.7930071427619043 -0.89350600111426681   4.3813675966190786  -0.3502701482098336  -1.0762665604860706,   0.543387770652771 0.035174798220396042  0.22578920423984528,  -0.7016487717628479 -0.013805626891553402  0.015460089780390263   0.71222144365310669,-0.0050019733607769012    0.58170402050018311  -0.078171044588088989,-0.00070146983489394188     0.85530102252960205   -0.002341265557333827,   0.24535802006721497   0.015236999839544296   0.068094007670879364   0.015236999839544296    0.24016809463500977 -0.0074918400496244431   0.068094007670879364 -0.0074918400496244431    0.18434008955955505,  -0.52834472801244203   -0.11025487075144724   -0.46246377686287587    0.31908015928294731    0.43344009062540323   0.094883102706333489 2.6062641822477417e-05,0.40204492211341858
IIWA_7,1715793923.7672172,-0.41899558709238899   1.0472818801609833  0.14001613370437282  -1.4590416918215128  -1.9498617707869963   -1.725063741212076 -0.92961434849819058,  0.54876979207688292 -0.021290662921007203   0.66743656362067127  -0.44595100060448745  0.092883919758353264   0.88013416104265518 -0.005000469971926315, -7.3059972572326659   62.765708175659178  -9.9033373451232904  -13.737370071411133  -2.0635987854003908   2.0679253997802736 -0.11914934921264649,   9.6813448079269264   -2.3782834174850858    3.4938200544564588  -0.74799829426351949    4.4059531941604346 -0.098690207525923501   -1.1023297844813325,  0.5433495044708252 0.038298845291137695  0.22554099559783936, -0.70151025056838989 -0.014233782887458801  0.016316207125782967   0.71233034133911133,-0.0086840428411960602    0.59051400423049927  -0.071765892207622528,-0.00070164183853194118     0.85551071166992188  -0.0023418394848704338,   0.24533295631408691   0.014794670976698399   0.068153113126754761   0.014794670976698399    0.24034485220909119 -0.0068967463448643684   0.068153113126754761 -0.0068967463448643684    0.18424618244171143,  -0.51225373803998053   -0.10096693353833786   -0.43828600599038481    0.30953582611648045    0.43256976234840039   0.098269275636830855 2.6830134558508689e-05,0.40740838646888733
IIWA_7,1715793923.7722158,-0.41589125329133847   1.0471082887318321  0.14332258143245974  -1.4613011376934455  -1.9485785000011748   -1.721043033850072 -0.92964466857612238,  0.56318918570352716 -0.023976187502853265   0.66620716002001357  -0.44713863536089876   0.12563796723954129   0.86493562331428397 -0.005213179094813062, -7.1446872901916505   63.377341800689699  -9.2210467910766596   -13.45476972579956  -1.9077724266052245   1.8129391174316407 -0.15819829559326171,  9.0745058500502243  -2.0607400929708426    2.823791522249377 -0.53275748987570548   4.3164058619398347  0.45830271107176479  -1.1332937977424815, 0.5432923436164856  0.0446748286485672 0.22523409128189087, -0.70101302862167358 -0.015093612484633923  0.017960375174880028   0.71276247501373291,-0.013371271081268787    0.6078183650970459 -0.055499143898487091,-0.00065705942688509822      0.8557097315788269  -0.0021409180480986834,   0.24530154466629028   0.013907404616475105   0.068267099559307098   0.013907404616475105    0.24066193401813507 -0.0057030045427381992   0.068267099559307098 -0.0057030045427381992    0.18407216668128967,  -0.48026754772045877  -0.082722042374250293   -0.39002902468610046    0.29086309639758667    0.43074941393239641    0.10536826651375009 2.8476153879353205e-05,0.4178977906703949
IIWA_7,1715793923.7771726,-0.41271633259393409   1.0469186983057603  0.14662531389998457  -1.4635266082225773  -1.9470319597367254  -1.7170026722262783 -0.92968337768818698,   0.57754817645899703  -0.026764567045154862    0.66507502671700391   -0.44672972945399109    0.16237198436961092    0.85356296360317208 -0.0057189077584346689, -7.1245235443115238   63.525209270477298  -8.0695164108276369  -13.367612609863281  -1.8074096870422363   1.8856969833374024 -0.13683818817138671,  9.0802023595218451  -2.0602359342680145   2.8275844648404727 -0.53417099058775008   4.3164664322299187  0.45840665872715514  -1.1332937977424815, 0.5432923436164856  0.0446748286485672 0.22523409128189087, -0.70101302862167358 -0.015093612484633923  0.017960375174880028   0.71276247501373291,-0.013371271081268787    0.6078183650970459 -0.055499143898487091,-0.00061983021441847086     0.85606598854064941  -0.0019812011159956455,   0.24530154466629028   0.013907404616475105   0.068267099559307098   0.013907404616475105    0.24066193401813507 -0.0057030045427381992   0.068267099559307098 -0.0057030045427381992    0.18407216668128967,  -0.48026754772045877  -0.082722042374250293   -0.39002902468610046    0.29086309639758667    0.43074941393239641    0.10536826651375009 2.8476153879353205e-05,0.4178977906703949
IIWA_7,1715793923.7822447,-0.40947579809771339   1.0467283288083438  0.14997268774461842  -1.4657296682877812  -1.9452182191631067  -1.7129730365234028 -0.92972334507355925,   0.59165992101602538   -0.02902643353278693    0.66595497515895719   -0.44550618617134796     0.2024472104404374    0.84403579899755821 -0.0061738216216382846, -7.8087466545104984   64.411069839477534  -7.2358013725280763  -14.431985874176025  -1.8743181800842286   1.5118951034545898 -0.11080555725097656,  8.5892879683595211  -1.6242732425984803   2.1997279938418108 -0.48839224350945293    4.043838642815027   0.9811699901382116  -1.1344463449547708, 0.54333758354187012 0.051162544637918472  0.22513538599014282,   -0.700339674949646 -0.015854926779866219  0.019378490746021271   0.71337044239044189,-0.012852939777076244   0.62296533584594727 -0.037674475461244583,-0.00057183008175343275     0.85606640577316284  -0.0017910927999764681,   0.24529673159122467   0.013007440604269505    0.06837724894285202   0.013007440604269505    0.24092157185077667 -0.0045118965208530426    0.06837724894285202 -0.0045118965208530426     0.1839262992143631, -0.44822522826315492  -0.06503704339611005  -0.34191928257598647   0.27273966858132326    0.4284090018460418   0.11201735765009602 3.006990123566311e-05,0.42715945839881897
IIWA_7,1715793923.7872322,-0.40621704770917266   1.0465772677254237  0.15334564778883727  -1.4679824030414907  -1.9431506047418219  -1.7088712557814838 -0.92976810611480509,   0.60367795235444954  -0.029263590143032248    0.66768238189592011   -0.44651433908546134    0.24466234520374114    0.83929986887480768 -0.0067294989471444015,  -7.1729165344238277    64.394938842773442   -7.3933884811401365   -14.662644100189208   -2.0098959159851075    1.4297921905517579 -0.094117973327636717,  8.3729644045987364  -1.3772625497631714    1.864865486165693 -0.51655815434069663    3.851215775250425   1.2284482571016095  -1.1260196889341425, 0.54341256618499756 0.054475024342536926  0.22516579926013947, -0.69991737604141235 -0.016199763864278793  0.019989972934126854   0.71376019716262817,-0.010765986517071724   0.63101428747177124 -0.028251470997929573,-0.00057202472817152739     0.85635781288146973  -0.0017917025834321976,   0.24530206620693207     0.0125436931848526   0.068433426320552826     0.0125436931848526    0.24103046953678131 -0.0039093182422220707   0.068433426320552826 -0.0039093182422220707     0.1838659942150116,  -0.43185700233561164    -0.0562985928729276   -0.31750893424931093    0.26380851926433024    0.42697107230882381    0.11519184325869958 3.0849230725493726e-05,0.43223157525062561
IIWA_7,1715793923.7922158,-0.40289681820681356   1.0464347153407731  0.15673544578793167  -1.4702461631491681  -1.9408302671684472  -1.7047187218466644 -0.92981538392083241,   0.61575154197792392  -0.029112967500447867    0.66973782548051175   -0.44776187557546393    0.28854337909798039    0.83754125249262223 -0.0072747113988080288, -6.2588267211914062   62.478038734436034  -8.4507187461853022  -14.454875621795654  -1.8003666877746582   1.6987960433959961 -0.15085575866699219,  8.1861239060013702  -1.2012263484778538   1.5589886634055157 -0.52041456720968937   3.6565133365410105   1.4382958852087728   -1.131349823368369, 0.54350298643112183 0.057818304747343063   0.2252008318901062, -0.69944655895233154 -0.016452578827738762  0.020550750195980072   0.71419990062713623,-0.0085447775200009346    0.63867092132568359  -0.020523602142930031,-0.00057753920555114746     0.85648012161254883  -0.0017388984560966492,   0.24532841145992279   0.012064596638083458   0.068483375012874603   0.012064596638083458    0.24112492799758911 -0.0033025364391505718   0.068483375012874603 -0.0033025364391505718    0.18379971385002136, -0.41504050256779834 -0.047643820161979988  -0.29274157817393842   0.25488458052969065   0.42523859196563762   0.11811648075088499 3.158084993515331e-05,0.43718549609184265
IIWA_7,1715793923.7972138,-0.39951337189719949   1.0462531543019251  0.16004327156254611  -1.4725020736385348   -1.938273792306864  -1.7003949932560893 -0.92990340796541049,   0.62793908596690184  -0.030552815554279602    0.66810329136898716   -0.44844592003503858    0.33309369774171105    0.84298214561710028 -0.0093407309021697575, -5.9738457794189452   61.863716609954835  -8.6919414710998542  -13.907282428741455  -2.1525166511535643    1.302966552734375 -0.11981685256958008,  8.0200379853814709  -1.0336094668938265   1.2620629108673489 -0.53403544977190953   3.4441997967163878   1.6339469514582614  -1.1389542036587064, 0.54361826181411743 0.061205897480249405  0.22526277601718903, -0.69893300533294678 -0.016649216413497925  0.021058822050690651   0.71468311548233032,-0.0058512045070528984    0.64655542373657227  -0.013265340588986874,-0.00060491496697068214     0.85658597946166992  -0.0017638560384511948,    0.2453671395778656   0.011573853902518749   0.068530194461345673   0.011573853902518749    0.24120511114597321 -0.0026907050050795078   0.068530194461345673 -0.0026907050050795078    0.18373551964759827,  -0.39789738110584949  -0.039057158355504384   -0.26765979499110415    0.24599323344531854    0.42328254432710821    0.12086376637476803 3.2277632122656996e-05,0.44237947463989258
IIWA_7,1715793923.8022408,-0.39605118920353866   1.0460435501853207  0.16326654867945542  -1.4747368319372811   -1.935494890241946  -1.6958321794289328 -0.93011259265757906,  0.64083857651995479 -0.032826417107600592   0.66341371777156222  -0.44814706797788323   0.37763104079009058   0.85689826957994064 -0.015839972408478752,  -4.5032365798950194    62.092239063262937   -8.7518069648742678    -13.80251781463623   -1.5723495864868164    1.5055538215637208 -0.072090362548828127,  7.9090554797442616 -0.88023706497674137   1.0438122749944672 -0.59153785933197678   3.2150534549372827   1.7644505005661635  -1.1378057146438278, 0.54378145933151245 0.064599484205245972  0.22532925009727478, -0.69845288991928101 -0.016772273927927017  0.021454161033034325   0.71513772010803223,-0.0018178059253841639    0.65309673547744751 -0.0073095681145787239,-0.00063836295157670975     0.85667592287063599  -0.0017934016650542617,   0.24541664123535156   0.011072731576859951   0.068574078381061554   0.011072731576859951    0.24126863479614258 -0.0020797306206077337   0.068574078381061554 -0.0020797306206077337    0.18367817997932434,  -0.38047333147517293  -0.030619843032653193   -0.24245364005803793    0.23715431027682143    0.42099833642428308    0.12305694886105556 3.2857988330192711e-05,0.44673532247543335
IIWA_7,1715793923.8072257,-0.39248150808150589   1.0458358636401488  0.16643296067859012   -1.476951336999055  -1.9324869456522287  -1.6910410060679471 -0.93043101347155599,   0.6554581060972744  -0.03456859549295617   0.65738745418263778  -0.44709785685326248    0.4224226162207651   0.87716555010338371 -0.025408810485860096,  -4.2585831298828127    62.225319786071779   -6.9998608970642087    -13.52872121810913   -1.8593518066406249     1.424452163696289 -0.083437919616699219,  7.8474425042203153 -0.74107206272015236  0.90393536272553066 -0.70139847127804744    2.974953136654487   1.8192092623309624  -1.1175338244173341, 0.54400140047073364 0.068006142973899841   0.2253815084695816,  -0.6980290412902832 -0.016842987388372421  0.021702459082007408   0.71554231643676758,0.0036355871707201004     0.658852219581604 -0.003151170676574111,-0.00068381096934899688     0.85674703121185303  -0.0018419065745547414,   0.24547693133354187   0.010558439418673515   0.068615011870861053   0.010558439418673515    0.24131570756435394 -0.0014671284006908536   0.068615011870861053 -0.0014671284006908536    0.18362784385681152,  -0.36266514124694282  -0.022297828743411685   -0.21699203403890976    0.22833103017738665    0.41835301557746618     0.1246082357120315 3.3308910296625527e-05,0.45062646269798279
IIWA_7,1715793923.8123324,-0.39248150808150589   1.0458358636401488  0.16643296067859012   -1.476951336999055  -1.9324869456522287  -1.6910410060679471 -0.93043101347155599,   0.6554581060972744  -0.03456859549295617   0.65738745418263778  -0.44709785685326248    0.4224226162207651   0.87716555010338371 -0.025408810485860096,  -4.2585831298828127    62.225319786071779   -6.9998608970642087    -13.52872121810913   -1.8593518066406249     1.424452163696289 -0.083437919616699219,  7.7982971895072914 -0.63151689514993681  0.81104431637862895 -0.83331002894334649   2.7325511024333142   1.8183622007412201  -1.0857228886826347,0.54427212476730347  0.0714530348777771  0.2254142165184021, -0.69764447212219238 -0.016864966601133347  0.021830732002854347   0.71591281890869141,  0.0099620707333087921     0.66506373882293701 -0.00063920888351276517,-0.00074792816303670406      0.8567996621131897  -0.0018995441496372223,    0.24554978311061859    0.010029316879808903    0.068652115762233734    0.010029316879808903     0.24134743213653564 -0.00084870512364432216    0.068652115762233734 -0.00084870512364432216     0.18358154594898224,  -0.34440590667106363   -0.01403696411639288   -0.19111040872399343    0.21949080452987602    0.41538088981596388    0.12563727018921611 3.3655617848182828e-05,0.45489510893821716
IIWA_7,1715793923.8172212,-0.38506231414414199   1.0454632141373155  0.17284122533386312  -1.4813049062474331  -1.9258562178180214  -1.6807824496350812  -0.9316834249817898,  0.68687514657692539 -0.035433582151000398    0.6515062716681661  -0.44279322335619048   0.50980487532660423     0.931647688275827 -0.062318456026745163, -5.3124749145507817   61.855651111602782  -6.5332621955871577   -13.34208173751831  -1.5397757148742675   1.1133955993652345 -0.02870264434814453,  7.8004586905576936 -0.62932064456208803  0.81148251163442442 -0.83537889070945426   2.7314771053337807   1.8186123089186945  -1.0857228886826347,0.54427212476730347  0.0714530348777771  0.2254142165184021, -0.69764447212219238 -0.016864966601133347  0.021830732002854347   0.71591281890869141,  0.0099620707333087921     0.66506373882293701 -0.00063920888351276517,-0.00083343847654759884     0.85683518648147583  -0.0019571804441511631,    0.24554978311061859    0.010029316879808903    0.068652115762233734    0.010029316879808903     0.24134743213653564 -0.00084870512364432216    0.068652115762233734 -0.00084870512364432216     0.18358154594898224,  -0.34440590667106363   -0.01403696411639288   -0.19111040872399343    0.21949080452987602    0.41538088981596388    0.12563727018921611 3.3655617848182828e-05,0.45489510893821716
IIWA_7,1715793923.8222244,-0.38125180998300828    1.045272904635592  0.17604904286967366  -1.4834467868500345  -1.9222552937752149  -1.6752404047593761 -0.93269681103296898,  0.70192028370688875 -0.035959245789740149   0.64951771876695441  -0.43990980278901054   0.55188086197354513   0.96699994564886516 -0.090390206868563222, -5.2492951774597172   60.520811134338381  -7.4057137298583982  -12.786565170288085  -1.7158506965637206   1.3216566467285156 -0.12115185928344727,  7.8022106419764459  -0.6267017293526389  0.81141917394059782 -0.83787679907374335   2.7300532855884834   1.8187889793512775  -1.0857228886826347,0.54427212476730347  0.0714530348777771  0.2254142165184021, -0.69764447212219238 -0.016864966601133347  0.021830732002854347   0.71591281890869141,  0.0099620707333087921     0.66506373882293701 -0.00063920888351276517,-0.00083343847654759884     0.85683518648147583  -0.0019571804441511631,    0.24554978311061859    0.010029316879808903    0.068652115762233734    0.010029316879808903     0.24134743213653564 -0.00084870512364432216    0.068652115762233734 -0.00084870512364432216     0.18358154594898224,  -0.34440590667106363   -0.01403696411639288   -0.19111040872399343    0.21949080452987602    0.41538088981596388    0.12563727018921611 3.3655617848182828e-05,0.45489510893821716
IIWA_7,1715793923.8288922,-0.38125180998300828    1.045272904635592  0.17604904286967366  -1.4834467868500345  -1.9222552937752149  -1.6752404047593761 -0.93269681103296898,  0.70192028370688875 -0.035959245789740149   0.64951771876695441  -0.43990980278901054   0.55188086197354513   0.96699994564886516 -0.090390206868563222, -5.2492951774597172   60.520811134338381  -7.4057137298583982  -12.786565170288085  -1.7158506965637206   1.3216566467285156 -0.12115185928344727,  7.8022106419764459  -0.6267017293526389  0.81141917394059782 -0.83787679907374335   2.7300532855884834   1.8187889793512775  -1.0857228886826347,0.54427212476730347  0.0714530348777771  0.2254142165184021, -0.69764447212219238 -0.016864966601133347  0.021830732002854347   0.71591281890869141,  0.0099620707333087921     0.66506373882293701 -0.00063920888351276517,-0.00083343847654759884     0.85683518648147583  -0.0019571804441511631,    0.24554978311061859    0.010029316879808903    0.068652115762233734    0.010029316879808903     0.24134743213653564 -0.00084870512364432216    0.068652115762233734 -0.00084870512364432216     0.18358154594898224,  -0.34440590667106363   -0.01403696411639288   -0.19111040872399343    0.21949080452987602    0.41538088981596388    0.12563727018921611 3.3655617848182828e-05,0.45489510893821716
IIWA_7,1715793923.8322194,-0.37737970693483625   1.0450280070162692  0.17918183906383342  -1.4855512168320451  -1.9184877410543255  -1.6694590948781769 -0.93396588051099916,  0.71642034889239248 -0.038563301404703376   0.64492602277995414  -0.43610504151163032   0.59220679841441037    1.0048523517670596  -0.12307494461605788,  -5.6135868530273436    60.366222415924071   -8.9807044410705572   -13.916086177825928   -1.7475441932678222    1.3363417205810546 -0.066416584014892574,  7.8022106419764459  -0.6267017293526389  0.81141917394059782 -0.83787679907374335   2.7300532855884834   1.8187889793512775  -1.0857228886826347,0.54427212476730347  0.0714530348777771  0.2254142165184021, -0.69764447212219238 -0.016864966601133347  0.021830732002854347   0.71591281890869141,  0.0099620707333087921     0.66506373882293701 -0.00063920888351276517,-0.00093951087910681963     0.85683488845825195  -0.0020119687542319298,    0.24554978311061859    0.010029316879808903    0.068652115762233734    0.010029316879808903     0.24134743213653564 -0.00084870512364432216    0.068652115762233734 -0.00084870512364432216     0.18358154594898224,  -0.34440590667106363   -0.01403696411639288   -0.19111040872399343    0.21949080452987602    0.41538088981596388    0.12563727018921611 3.3655617848182828e-05,0.45489510893821716
IIWA_7,1715793923.83722,-0.36943560391593805   1.0444918927027709  0.18514740640849195  -1.4898202374227179  -1.9104362593584587  -1.6570756754574147 -0.93722576939962765,  0.74481982644993094 -0.043918070348570849   0.62724343390775861  -0.43270664042986318   0.66952607156737198     1.089981431553285  -0.19714957411858128,   -4.8083812675476079     61.894634353637699    -7.4382876014709476    -13.678384952545166    -1.7017646980285643     1.6330469627380371 -0.0096787986755371095,  7.7050258216821739 -0.11910177206910225  0.53870114887303444  -1.7101174787683209   1.7470911079657161   1.4508350229811158  -0.6999880449614877, 0.54584378004074097 0.085737302899360657  0.22543948888778687, -0.69641923904418945 -0.017022935673594475  0.020745908841490746   0.71713322401046753, 0.040312405675649643   0.69531726837158203 0.0015937336720526218,-0.00093951087910681963     0.85683488845825195  -0.0020119687542319298,  0.24592795968055725 0.0077374507673084736  0.068773098289966583 0.0077374507673084736   0.24132718145847321 0.0017242419999092817  0.068773098289966583 0.0017242419999092817   0.18346787989139557, -0.26577637333957682  0.018814702158920227 -0.081547745767629465   0.18375376848922542   0.40031211525892729   0.12516097602421894 3.422315941747911e-05,0.47634696960449219
IIWA_7,1715793923.8421741,-0.36533885659449872   1.0442501109324951  0.18811122516954445   -1.491948276146271  -1.9061568364745443  -1.6504368941504401 -0.93922407899979388,  0.75972575401751807 -0.044805727089888045   0.62034749756830709  -0.43128686128601701    0.7067977726104766     1.137536397521612  -0.23765204330151407,   -4.117436908721924    62.897444648742677    -6.138854236602783   -13.136954383850098    -1.408599853515625   0.88878071975708006 -0.033041416168212892,    7.7864441671852944 -0.0029755728716168162    0.62437941578809708    -1.9989297769910861     1.5121392901396735       1.25095963207929    -0.5518484664945319,  0.5463482141494751 0.089339748024940491  0.22538381814956665, -0.69627881050109863 -0.017027618363499641  0.020031949505209923   0.71728974580764771,   0.048303082585334778     0.70041149854660034 -0.00052341300761327147,-0.00093951087910681963     0.85683488845825195  -0.0020119687542319298,  0.24605126678943634 0.0071311239153146744  0.068790704011917114 0.0071311239153146744   0.24128478765487671 0.0023741926997900009  0.068790704011917114 0.0023741926997900009   0.18345105648040771,  -0.24504578456507886   0.026726449170233479  -0.053281646456682097     0.1748194008133197    0.39565989184708883    0.12346248810235494 3.4069865151309386e-05,0.48019582033157349
IIWA_7,1715793923.8472123, -0.3611407226604787   1.0440589625818999  0.19111459167336711  -1.4940900968622626  -1.9017592012186617   -1.643662990870856 -0.94142713906499775,  0.77570596057481533 -0.043490515695718192   0.61641265820755198  -0.43070231766847605   0.74134362832368328    1.1809852492006558   -0.2782440372493663, -4.3688116073608398   61.347524715423582  -6.3272544670104978  -13.101739387512207  -1.5432972145080566   1.3156491165161133 0.041385208129882813,  7.8869875082425445 0.085815602724481271  0.76012422267792301  -2.2966979108095584   1.2901492070533791   1.0110567774658732 -0.38908184441226801,0.54689490795135498 0.09296407550573349 0.22528187930583954, -0.69620412588119507 -0.017019620165228844  0.019156139343976974   0.71738636493682861,  0.056333370506763458    0.70533353090286255 -0.0041159931570291519,-0.0016347394557669759    0.85681033134460449  -0.002283930080011487,  0.24618884921073914 0.0065112924203276634  0.068801470100879669 0.0065112924203276634   0.24122843146324158 0.0030286202672868967  0.068801470100879669 0.0030286202672868967    0.1834348738193512, -0.22386275565811076  0.034533637705891351 -0.024576666995734797   0.16588938685657695   0.39067360045308419   0.12117390935717509 3.381093094390053e-05,0.48400446772575378
IIWA_7,1715793923.8522134,-0.35685570307288511   1.0438528938478615  0.19410861063004839  -1.4962362318139988  -1.8972569675080426  -1.6366643832132284 -0.94379066786503929,  0.79196555196359575 -0.043035161918110125   0.61289088483329268  -0.43040725220422932   0.77316425108371012    1.2247325056656291  -0.31713638180115455, -4.9777567329406738   59.985799743652343  -7.7728300666809078  -12.006553001403809  -1.5027999687194824   1.4137721099853515 -0.13116440963745118,   8.0107681398558679   0.21509143252644447   0.98756391696200163    -2.848482662077529   0.89807542264645202   0.50406058775530371 -0.047014268638131407,0.54806077480316162 0.10040336102247238 0.22497549653053284,-0.69615477323532104 -0.01700235903263092 0.017047617584466934   0.7174878716468811, 0.070170506834983826   0.71948480606079102 -0.013167113065719604,-0.0016345280455425382    0.85669946670532227 -0.0022836346179246902,   0.2465069591999054 0.0052194632589817047  0.068799987435340881 0.0052194632589817047   0.24107667803764343 0.0043764268048107624  0.068799987435340881 0.0043764268048107624   0.18340100347995758,  -0.17970170713876854   0.050119720505392706   0.035110660161485896    0.14783626959857799    0.37986846816018272    0.11546771143056134 3.3112311115246484e-05,0.49465510249137878
IIWA_7,1715793923.8572149,-0.35251531640543055   1.0436035021147978   0.1970061565123257  -1.4983268799126541  -1.8926425616609308  -1.6294443072361566 -0.94634115066223434,  0.80718790826905928 -0.044403798857036443   0.60621454315772649  -0.42795172570959683   0.80310763475144065    1.2685890436153733  -0.35572841732872579, -6.0786972579956053   59.711572799682614  -9.8117783546447761  -11.998629627227784   -1.478149471282959   1.3773931770324708 -0.10880304718017578, 8.0324214010976682 0.26067554923711639  1.0907058971506012 -3.0744017679239151 0.74534667125424314 0.26578163046164271  0.1248275115878999,0.54865676164627075 0.10420756042003632 0.22478803992271423, -0.69618088006973267 -0.017004285007715225  0.015873618423938751   0.71748942136764526, 0.075449824333190918   0.72767329216003418 -0.017754986882209778,-0.0021728049032390118    0.85652780532836914 -0.0023977307137101889,  0.24668265879154205 0.0045568575151264668  0.068787433207035065 0.0045568575151264668   0.24098309874534607 0.0050661046989262104  0.068787433207035065 0.0050661046989262104   0.18338529765605927,  -0.15702798047190214   0.057834237199294591   0.065846325110641146    0.13880176708180869    0.37420748162464434    0.11222246668118885 3.2705058217175065e-05,0.5007174015045166
IIWA_7,1715793923.8622184,-0.34813634061729742   1.0433355947291152  0.19976192908129733  -1.5004564167832037  -1.8879848206847551  -1.6221294958781176 -0.94897947773509472,  0.82090935814057231 -0.046239334512933501   0.59520253728504668   -0.4275428553896623   0.82879574684817903    1.3074636892138594  -0.39011581677739587, -6.077353008270264  59.808358779907223 -9.3803946495056145 -11.467763557434083 -1.3637007331848143  1.6774359359741211   0.021360107421875,     8.1125723638493596     0.34166249975127366      1.2572703807358407     -3.3511243158688537     0.58370870997470248 -7.0368571088108567e-05     0.31315331601726687,0.54929685592651367 0.10800056904554367 0.22458088397979736, -0.69629180431365967 -0.017002338543534279  0.014549438841640949   0.71740990877151489,  0.08140108734369278    0.7337372899055481 -0.022267801687121391,-0.0028505187947303057    0.85642063617706299 -0.0024683396331965923,  0.24686142802238464  0.003888772102072835  0.068771377205848694  0.003888772102072835   0.24087730050086975 0.0057540577836334705  0.068771377205848694 0.0057540577836334705   0.18337889015674591,   -0.1341437545487878    0.06534609503017208   0.096745197122771742    0.12988974690575361    0.36828059367355337    0.10838584713557253 3.2192847498890842e-05,0.50542986392974854
IIWA_7,1715793923.8672371,-0.34370637187165809   1.0430579801493822  0.20246335307910959  -1.5025635430807427  -1.8832678297947318  -1.6147043696757091 -0.95167544899707446,  0.83392623633803131 -0.048096050799665419   0.58421898974052766  -0.42631933621328799   0.85171623307947564    1.3429759994674291  -0.41993150390110612,  -5.2708031730651852    59.773408287048341   -7.5412914657592776   -10.537207279205322    -1.149769630432129     1.970136157989502 -0.081101657867431634,    8.1114216664942393    0.34980768330824547     1.2521679740258933    -3.3652053785392417    0.57489308062400979 -0.0040928389141090538    0.31315331601726687,0.54929685592651367 0.10800056904554367 0.22458088397979736, -0.69629180431365967 -0.017002338543534279  0.014549438841640949   0.71740990877151489,  0.08140108734369278    0.7337372899055481 -0.022267801687121391,-0.0032379529438912868    0.85630035400390625  -0.002491792431101203,  0.24686142802238464  0.003888772102072835  0.068771377205848694  0.003888772102072835   0.24087730050086975 0.0057540577836334705  0.068771377205848694 0.0057540577836334705   0.18337889015674591,   -0.1341437545487878    0.06534609503017208   0.096745197122771742    0.12988974690575361    0.36828059367355337    0.10838584713557253 3.2192847498890842e-05,0.50542986392974854
IIWA_7,1715793923.8722122,-0.33918718058565978    1.042759333370415  0.20521319338303678  -1.5046394505648679  -1.8785006009984531   -1.607230168087227 -0.95440395745055151,  0.84790864051035764 -0.050422711798419617   0.57736880394950985  -0.42409176833563955   0.87206213831473167    1.3733488631132278  -0.44508554125996702, -4.6174978065490722   59.854063270568851  -6.9382346534729002  -11.292568950653076 -0.90238428115844727   1.3597043380737304 -0.19691349029541017, 8.2243606237922098 0.38494781634319758  1.4988722869528526 -3.6001523136016318 0.44283447912690332 -0.2710745489661448 0.48350150469462744,0.54991912841796875 0.11176614463329315 0.22432957589626312, -0.69646626710891724 -0.016953224316239357  0.013193922117352486   0.71726793050765991, 0.085430145263671875   0.73742407560348511 -0.027727499604225159,-0.0036925924941897392    0.85629844665527344 -0.0025162631645798683,  0.24705635011196136 0.0032253514509648085  0.068743571639060974 0.0032253514509648085   0.24076300859451294 0.0064351442269980907  0.068743571639060974 0.0064351442269980907   0.18336401879787445,   -0.1113881721295229   0.072593729588454892    0.12749835428227385    0.12112482702164584    0.36225458579153269    0.10420205887751166 3.1619890705769649e-05,0.50844806432723999
IIWA_7,1715793923.8772144,-0.33457373333882295   1.0424582297132763  0.20800389991690096  -1.5067736612089884  -1.8736825590353978  -1.5998444700725352 -0.95713330475290026,  0.86286480228175899 -0.052382315724285977   0.57352330451417499  -0.42464184043332964   0.89037138917399505    1.3941070110782543  -0.46524232510192365, -5.7224710807800294   60.770841583251951  -7.9999667930603025  -11.507380428314208  -1.4121213531494141   2.1013005676269532 -0.10746804046630859, 8.3383659109050754 0.41586561271598482  1.7573222689481103 -3.8089952366910711 0.32938067563127438 -0.5246223996771755 0.64474280377177706,0.55054557323455811 0.11553651839494705 0.22406032681465149, -0.69668519496917725 -0.016883049160242081  0.011799566447734833   0.71708124876022339, 0.088775895535945892   0.74051541090011597 -0.032868564128875732,-0.0036920395214110613     0.8561701774597168  -0.002515885978937149,  0.24725791811943054  0.002561050234362483  0.068708986043930054  0.002561050234362483   0.24063937366008759 0.0071166940033435822  0.068708986043930054 0.0071166940033435822     0.183351069688797, -0.088565787244476724   0.079661077101000899    0.15841493812551732    0.11249624921116919    0.35612554452146838   0.099755794016331834 3.1004157463598858e-05,0.51104140281677246
IIWA_7,1715793923.8822262,-0.32990342097421149   1.0421751024020178  0.21073348698385572  -1.5089284847369904  -1.8688323035303382  -1.5923771594802723 -0.95987781209421486,  0.87710433640986574 -0.053230945029767086   0.56800212628953006  -0.42590641346674385   0.90630733154157905    1.4139780325531199  -0.48197415373412272,   -6.494070423126221     60.78293983078003    -9.496604137420654   -11.164034214019775   -1.0168330192565918    1.7665476341247559 0.0046725234985351563,  8.3889921000334038  0.49467435799696169   1.9309382114432538   -3.996719474901361  0.22547577297863719 -0.72058481406197372  0.80136812781014932,0.55116289854049683 0.11936862021684647 0.22381618618965149, -0.69690424203872681 -0.016846844926476479  0.010405194014310837   0.71689075231552124, 0.090980544686317444    0.7454303503036499 -0.036000117659568787,-0.0041625541634857655    0.85602927207946777 -0.0025082137435674667,  0.24745851755142212 0.0018943129107356071  0.068670108914375305 0.0018943129107356071   0.24050626158714294 0.0078078852966427803  0.068670108914375305 0.0078078852966427803   0.18334729969501495, -0.065617244037419198   0.086640664161308223    0.18978611520914512    0.10398841568459716    0.35003070951233894   0.095386689232590527 3.0414330609573881e-05,0.51474738121032715
IIWA_7,1715793923.887218,-0.32520129049375462   1.0419058767473344  0.21338128159524344  -1.5111123700696165  -1.8639436026106475  -1.5849815145069239 -0.96258930282390343,  0.88976868834616729 -0.053353782211152001   0.56031348548713322  -0.42808054407844093   0.92059390202089275    1.4270082249764291  -0.49403895217484101,  -5.8797482986450191    60.803103576660156   -9.1101195526123053   -10.943060111999511   -1.4226858520507812    1.8569943389892578 -0.052732765197753904,  8.3336594798781611  0.56445402101665665   2.0096856356880322  -4.0724134408906973  0.16183669007293522 -0.81715557023871277  0.93501132391015873,0.55171799659729004 0.12327183037996292 0.22359766066074371, -0.69707506895065308 -0.016829196363687515   0.00909380242228508   0.71674293279647827, 0.090107589960098267   0.75216847658157349 -0.037516694515943527,-0.0046755606308579445    0.85587728023529053 -0.0024882785510271788,  0.24767006933689117  0.001232069218531251  0.068619988858699799  0.001232069218531251   0.24036450684070587 0.0085068158805370331  0.068619988858699799 0.0085068158805370331   0.18333913385868073, -0.042776506723463115   0.093498758045207353    0.22144981131688724    0.09561117327816504    0.34410521218397605    0.09139227583965237 2.9904980713979512e-05,0.51939743757247925
IIWA_7,1715793923.8922136, -0.3204292320878197   1.0416458190890456  0.21601984843270974  -1.5133097975209919  -1.8590366856895539  -1.5776344656086034 -0.96524069281355029,  0.90269728691433071 -0.053085332100471089   0.55379346188835865  -0.43036153331776922   0.93275179846045719    1.4354885359139631  -0.50128676132574757,   -5.774896820068359    60.075864475250242   -9.1849514198303215   -10.754659881591797   -1.4130017280578613    2.3719731788635254 -0.065081577301025387, 8.2569971195121443 0.54370749628056492  2.3040590571924611  -4.080934847748102 0.10861881153137698 -1.0125064616803585  1.1407999620210105,0.55273264646530151 0.13108693063259125  0.2230679839849472, -0.69748967885971069 -0.016659839078783989 0.0065671135671436787   0.71637105941772461, 0.085049264132976532   0.76198244094848633 -0.043271470814943314,-0.0052306512370705605    0.85571515560150146 -0.0024782391265034676,    0.24813807010650635 -7.7648212027270347e-05    0.068484097719192505 -7.7648212027270347e-05     0.24005626142024994   0.0099009713158011436    0.068484097719192505   0.0099009713158011436     0.18329860270023346, 0.0025546113224805822    0.10655961755112742    0.28490897328037335    0.07936252031015556    0.33224069329218509   0.083115534642352884 2.8846661059844791e-05,0.52608764171600342
IIWA_7,1715793923.8972154,-0.31559096079880261   1.0413767732032753  0.21862623750742166  -1.5155292161209424  -1.8541321656291219  -1.5703277436334813 -0.96781064988545606,  0.91568868109214829 -0.053230101111191641   0.54729033249916359  -0.43306597065223346   0.94238224118564862    1.4406597077360572  -0.50382769193682897, -6.4819721755981448   59.933374004364012  -9.4974845123291018  -10.300386428833008 -0.63034843444824218    1.488532485961914 -0.12816064453125001, 8.1796402268401458 0.50423055274922812  2.4325223290840086 -4.0112803286173273 0.10722794653659862 -1.0598660220437661  1.2123075774580037,0.55317127704620361 0.13502234220504761 0.22279722988605499,  -0.6976858377456665   -0.0165367741137743 0.0054128807969391346   0.71619248390197754, 0.08048846572637558  0.76654869318008423 -0.04559885710477829,-0.0057678231969475746    0.85536575317382812  -0.002464706776663661,    0.24838918447494507 -0.00072001846274361014    0.068399682641029358 -0.00072001846274361014     0.23989017307758331    0.010597941465675831    0.068399682641029358    0.010597941465675831     0.18327027559280396,  0.024875982346017622    0.11277042283008853    0.31667289287540257    0.07155041632955772    0.32646640306577268   0.079176440024752992 2.8360370940561097e-05,0.52906394004821777
IIWA_7,1715793923.9022145,-0.31071529877580462   1.0411147980826372  0.22120164753332605  -1.5177349726107576  -1.8491769283950221  -1.5631988675457278 -0.97027484622242643,  0.92757742579363844 -0.053063085714476536   0.54084866703550649  -0.43468303611439668   0.95211528231250853    1.4376828096989849  -0.50163000702827798, -6.5142341690063477   59.996553741455081  -9.6876454925537114  -9.7105352401733391  -1.3839493560791016   2.1533658294677736 -0.22628363800048829,  8.1799475814037059  0.50824528449607431   2.4305699294483007  -4.0251118034874809 0.099292572249422451  -1.0658314683196999   1.2123075774580037,0.55317127704620361 0.13502234220504761 0.22279722988605499,  -0.6976858377456665   -0.0165367741137743 0.0054128807969391346   0.71619248390197754, 0.08048846572637558  0.76654869318008423 -0.04559885710477829,-0.0068242610432207584    0.85517191886901855 -0.0023383223451673985,    0.24838918447494507 -0.00072001846274361014    0.068399682641029358 -0.00072001846274361014     0.23989017307758331    0.010597941465675831    0.068399682641029358    0.010597941465675831     0.18327027559280396,  0.024875982346017622    0.11277042283008853    0.31667289287540257    0.07155041632955772    0.32646640306577268   0.079176440024752992 2.8360370940561097e-05,0.52906394004821777
IIWA_7,1715793923.9072134,-0.30581201299040306   1.0408604329247868  0.22375932075979013  -1.5199152026785145  -1.8442316618778729  -1.5561264970379232 -0.97260733586888437,  0.93819337205097308 -0.052625074885596354   0.53498586268696835  -0.43495563160179401   0.95950288653597549     1.433041068071373  -0.49460359148093985,   -5.9415837860107423     60.199535449981688    -8.8847435760498037     -10.07765157699585   -0.60657831192016598     1.9647961311340332 -0.0013350067138671875, 7.9553171801948821 0.42169878658166926  2.6319258801344159 -3.7831490512363022 0.11973520687815686 -1.0573832437838715  1.2994436288070261,0.55390501022338867 0.14294342696666718  0.2222815603017807,  -0.6980438232421875 -0.016223598271608353 0.0033654798753559589   0.71586328744888306,0.068375103175640106  0.77483958005905151  -0.0480324886739254,-0.0073159406892955303    0.85516810417175293 -0.0022460781037807465,   0.24891605973243713 -0.0019727435428649187   0.068201810121536255 -0.0019727435428649187    0.23953498899936676    0.01198870874941349   0.068201810121536255    0.01198870874941349    0.18320567905902863,  0.068601826307634894    0.12449954678839248    0.38007905088122129   0.056656864832582698    0.31535581099806365   0.071855860193537069 2.7495661747423128e-05,0.53426140546798706
IIWA_7,1715793923.9122152,-0.30085108323404813   1.0406115804984621  0.22636175513658319  -1.5221122107054541  -1.8392440192900843   -1.549233650224314 -0.97478397077654844,  0.94899188789497557 -0.052054156961463642   0.53208606522129687  -0.43584482635901772   0.96710801274032487    1.4221467270014638  -0.48274826949131455,  -5.5517513656616213    59.578492076873779   -8.0026079177856442   -9.9262270927429199   -1.2677398681640626    1.8920382652282715 -0.025698879241943359, 7.8435020095884029  0.3762488767379375  2.7190167722976311 -3.6150916450857298 0.14208321110854805 -1.0088282135044133  1.3162602809076562,0.55421561002731323 0.14690837264060974 0.22204203903675079, -0.69820082187652588 -0.016019841656088829 0.0024690297432243824   0.71571844816207886, 0.061853397637605667   0.77791363000869751 -0.048282213509082794,-0.0073125311173498631    0.85476958751678467 -0.0022450315300375223,  0.24918785691261292 -0.002583035035058856  0.068090781569480896 -0.002583035035058856   0.23934565484523773  0.012680008076131344  0.068090781569480896  0.012680008076131344   0.18317367136478424,  0.090009854542216772    0.13000081310821088    0.41165728328174112   0.049618966459163971    0.30999176620927216   0.068444275961532242 2.7106673350374422e-05,0.53612822294235229
IIWA_7,1715793923.917217,-0.29582154371213271   1.0403353440743397  0.22900589459218496  -1.5243055635766076  -1.8342356678471219  -1.5424948606785354 -0.97681164172347168,  0.96037509119259756 -0.052692782534068699   0.53143443040110827  -0.43640997593335501   0.97402046791075636    1.4072689634323179  -0.46730545346998142, -5.7668313217163085   59.054234683990479  -9.7034922409057618  -10.735291633605957  -1.2122762489318848   1.9280834465026855 -0.19157346343994142,  7.6723796342430006  0.34900551672513186   2.7216022849329589  -3.4097856141850476  0.15841022371599545 -0.89603020666647992   1.3097547129667697,0.55446302890777588 0.15091952681541443  0.2218465656042099, -0.69828999042510986 -0.015797434374690056  0.001706746406853199   0.71563857793807983, 0.054010879248380661   0.78219610452651978 -0.046741675585508347, -0.008183525875210762    0.85454970598220825 -0.0020292447879910469,   0.24946710467338562 -0.0031826002523303032   0.067969895899295807 -0.0031826002523303032    0.23914654552936554   0.013373788446187973   0.067969895899295807   0.013373788446187973    0.18314151465892792,   0.11111952670717073    0.13530182688281656    0.44331479823167541   0.042833963770583239    0.30484708334643784   0.065495928983416718 2.6799755303841266e-05,0.53873056173324585
IIWA_7,1715793923.9221675,-0.29074550534645183   1.0400425095690309  0.23160587219988965  -1.5265349889127415  -1.8292303845184517  -1.5358333692564168 -0.97866805801894619,  0.97134160758131327 -0.053867606239607541   0.52914664862907446  -0.43830499419204028    0.9794277074754143    1.3922748276305976  -0.44810101459496537,  -6.1042380027770999    60.504680137634274    -10.38666316986084   -10.949222736358642  -0.91558990478515623    1.8786881980895995 -0.097789241790771489,  7.4301990529108313  0.36023192896516354   2.6357849320026707  -3.1704585495396937  0.17749056880425773 -0.71942999660027218   1.2911205456849824,0.55465495586395264 0.15497870743274689 0.22170616686344147, -0.69832903146743774 -0.015579750761389732 0.0010616048239171505   0.71560651063919067, 0.045418251305818558   0.78752630949020386 -0.043317399919033051,-0.0085721882060170174    0.85432273149490356 -0.0019146110862493515,    0.2497476190328598 -0.0037712925113737583   0.067841961979866028 -0.0037712925113737583    0.23893772065639496    0.01407032273709774   0.067841961979866028    0.01407032273709774    0.18311549723148346,   0.13192932407513069    0.14039440535995595    0.47506139190200969    0.03632518105511906    0.29994098880870013   0.062979486546765884 2.6569586530911238e-05,0.54201561212539673
IIWA_7,1715793923.9271894,-0.28564268239448826   1.0397879646422676  0.23417582927179542   -1.528783768859449  -1.8241984480922413  -1.5293324066739118 -0.98037958515206791,  0.98118620414359348 -0.053275882062215833   0.52611560177949035  -0.44059519322193097   0.98481962302874582    1.3738583654046777   -0.4269418970008414,  -5.1081489562988285    60.350091419219972   -9.7246212387084956   -10.889357242584229   -1.5899570846557618     2.218113655090332 -0.026032630920410155,  7.1992377336378048  0.32470697849087382   2.5898978971605304  -2.9073240468711865  0.20370457619266191 -0.55550783242625501   1.2481185737500777,0.55478847026824951  0.1590459942817688 0.22156810760498047,  -0.69836777448654175  -0.015305607579648495 0.00053683907026425004    0.71557521820068359, 0.036143656820058823   0.79207074642181396 -0.040523048490285873,-0.0088915573433041573    0.85408532619476318 -0.0018158457241952419,   0.25003814697265625 -0.0043474375270307064   0.067703269422054291 -0.0043474375270307064    0.23872153460979462   0.014764632098376751   0.067703269422054291   0.014764632098376751    0.18308486044406891,   0.15238072077661258    0.14522971206165636    0.50672153840292111   0.030070189571240746    0.29519009125333895    0.06061887494990259 2.6362857674655515e-05,0.54485046863555908
IIWA_7,1715793923.9322124,-0.28046867302557282   1.0395398311825115   0.2367489023018314  -1.5310472294249937  -1.8191825226184568  -1.5229156332112861  -0.9819128468643018, 0.99190933807149217 -0.05254604404001912  0.52381540262503168 -0.44301457719933346  0.98849271737437627   1.3557576308287702 -0.40288398609002879,  -5.2613934249877934    60.159207958221437   -9.6057706260681144   -11.338348445892334  -0.86276741027832027    1.9394310035705566 -0.082770416259765625,  6.9624948797027448  0.24136895095531138   2.5513207724796443  -2.5855934931639228  0.24408478162431135 -0.37104554227666475   1.1817863905854988,0.55486005544662476 0.16311506927013397 0.22143177688121796,  -0.69836699962615967  -0.014974609948694706 0.00013706095342058688    0.71558314561843872, 0.026203034445643425   0.79573345184326172 -0.038256507366895676,-0.0091472147032618523      0.853840172290802 -0.0017445263219997287,  0.25034302473068237 -0.004909029696136713  0.067551910877227783 -0.004909029696136713   0.23849716782569885  0.015454624779522419  0.067551910877227783  0.015454624779522419   0.18304581940174103,   0.17240603594981252    0.14979572603213143    0.53820982967689446   0.024100367699730896    0.29060148367143768   0.058534052826075822 2.6200450697899669e-05,0.54717600345611572
IIWA_7,1715793923.9372406,-0.27524582792610658    1.039305240059671  0.23933192218144064   -1.533325969802724   -1.814138122796058   -1.516566930098399 -0.98327940803452063,   1.0024412744358435 -0.051420480145636167   0.52237311728439484   -0.4455612768686763   0.99257016679545274     1.338554229178498  -0.37696963568077613, -5.5194893722534184   60.222387695312499  -9.8188213539123534  -10.946581611633301 -0.75184017181396479   1.8092678489685059 -0.17488587951660156,  6.6825852885109835  0.12614829482836898   2.4945916170432203  -2.2175671089461604  0.30487761878889608 -0.17536476627772157   1.0954922603290205,0.55486768484115601 0.16722181439399719 0.22130212187767029,   -0.69835186004638672   -0.014609739184379578 -0.00012334357597865164     0.71560549736022949,   0.0156005984172225   0.80012995004653931 -0.036202218383550644,-0.0093218507245182991    0.85358673334121704  -0.001664348877966404, 0.25065714120864868 -0.00545918894931674 0.067389406263828278 -0.00545918894931674  0.23826384544372559 0.016147725284099579 0.067389406263828278 0.016147725284099579  0.18300455808639526,   0.19211805269847559     0.1541406698972736    0.56980588511024166   0.018395417029637429    0.28623100821167924   0.056745087905873959 2.6088128102230712e-05,0.5501023530960083
IIWA_7,1715793923.9422374,-0.26998181705457053   1.0390814945218854   0.2418960070930781  -1.5355751092872576   -1.809065919355076  -1.5102908514446842 -0.98450539427813144,  1.0125134544101169 -0.05008620562793259  0.52046189029301404 -0.44641460087628693  0.99694427107564332   1.3218865294913913 -0.35061515828905332, -5.4321131401062015   59.910521759033202  -9.4508246421813968  -10.653416767120362  -1.6647889518737793   1.8953757820129395 -0.13283316802978515,   6.3899991630577704 -0.011715448777388615     2.428492104689012   -1.8255324803336896   0.36740441100805549  0.022607273709863596   0.99091838723745684,0.55482339859008789 0.17135658860206604 0.22118011116981506,   -0.69831568002700806   -0.014189381152391434 -0.00026848164270631969     0.71564924716949463,0.0049587013199925423   0.80472183227539062 -0.034279670566320419,-0.0094069978222250938    0.85332405567169189 -0.0015756769571453333,   0.25098180770874023 -0.0060006114654242992   0.067215800285339355 -0.0060006114654242992    0.23802055418491364   0.016842847689986229   0.067215800285339355   0.016842847689986229    0.18296095728874207,   0.21161618912124425    0.15826072450142448    0.60153575472465803   0.012935300715000153    0.28198220878294933   0.055157045931508719 2.6006786946197735e-05,0.55327773094177246
IIWA_7,1715793923.9472468,-0.26467538202857388   1.0388552323284015  0.24447477251446945  -1.5377897341222513  -1.8039925655675841  -1.5040437745999007 -0.98560314921810288,  1.0222681645679594 -0.04911945224170098  0.51952012909006529 -0.44571667410077692   1.0004895683601887   1.3073922973844547 -0.32440232423010029,  -4.5516295700073242    60.300354179382325    -8.387331752777099   -10.928974113464355  -0.56960256576538082    1.5536140632629394 -0.028368892669677733,   6.385198139660309 -0.01361222673124507    2.426109003221447  -1.8282453526317926  0.36561992609826133 0.019514523024657837  0.99091838723745684,0.55482339859008789 0.17135658860206604 0.22118011116981506,   -0.69831568002700806   -0.014189381152391434 -0.00026848164270631969     0.71564924716949463,0.0049587013199925423   0.80472183227539062 -0.034279670566320419,-0.009398522786796093   0.85305124521255493 -0.001483180676586926,   0.25098180770874023 -0.0060006114654242992   0.067215800285339355 -0.0060006114654242992    0.23802055418491364   0.016842847689986229   0.067215800285339355   0.016842847689986229    0.18296095728874207,   0.21161618912124425    0.15826072450142448    0.60153575472465803   0.012935300715000153    0.28198220878294933   0.055157045931508719 2.6006786946197735e-05,0.55327773094177246
IIWA_7,1715793923.9522321,-0.25931016442245314   1.0386350222822649  0.24712813985307575   -1.539982667459886  -1.7988633172617312  -1.4978026300201617 -0.98655937050029163,   1.0324232358991972 -0.048103963638824507   0.52175079681630421  -0.44429067278600981    1.0055615869222683    1.2955596210971243   -0.2977707106716303, -4.0367819252014163   59.725015296936036  -8.7456443405151365  -11.337468070983887   -1.478149471282959   2.0011750640869139 -0.16720959091186524,   6.385198139660309 -0.01361222673124507    2.426109003221447  -1.8282453526317926  0.36561992609826133 0.019514523024657837  0.99091838723745684,0.55482339859008789 0.17135658860206604 0.22118011116981506,   -0.69831568002700806   -0.014189381152391434 -0.00026848164270631969     0.71564924716949463,0.0049587013199925423   0.80472183227539062 -0.034279670566320419,-0.0093174008652567863    0.85305231809616089 -0.0013907996471971273,   0.25098180770874023 -0.0060006114654242992   0.067215800285339355 -0.0060006114654242992    0.23802055418491364   0.016842847689986229   0.067215800285339355   0.016842847689986229    0.18296095728874207,   0.21161618912124425    0.15826072450142448    0.60153575472465803   0.012935300715000153    0.28198220878294933   0.055157045931508719 2.6006786946197735e-05,0.55327773094177246
IIWA_7,1715793923.9572363,-0.25388095104681574   1.0383889261671615  0.24978564176759693  -1.5421407268283212  -1.7937352194769212  -1.4915420109475457 -0.98744176904569325,   1.0431071237448537 -0.048327015515195616   0.52370071403389096  -0.44175491296621433    1.0095731809302166    1.2868724597823391  -0.27351251035336899, -4.9562487373352049   59.516656589508059  -9.6938081169128409  -11.199249210357666  -1.2281229972839356    1.690786003112793 -0.20792729568481444,   6.385198139660309 -0.01361222673124507    2.426109003221447  -1.8282453526317926  0.36561992609826133 0.019514523024657837  0.99091838723745684,0.55482339859008789 0.17135658860206604 0.22118011116981506,   -0.69831568002700806   -0.014189381152391434 -0.00026848164270631969     0.71564924716949463,0.0049587013199925423   0.80472183227539062 -0.034279670566320419,-0.0093174008652567863    0.85305231809616089 -0.0013907996471971273,   0.25098180770874023 -0.0060006114654242992   0.067215800285339355 -0.0060006114654242992    0.23802055418491364   0.016842847689986229   0.067215800285339355   0.016842847689986229    0.18296095728874207,   0.21161618912124425    0.15826072450142448    0.60153575472465803   0.012935300715000153    0.28198220878294933   0.055157045931508719 2.6006786946197735e-05,0.55327773094177246
IIWA_7,1715793923.9622614,-0.24842165724876938    1.038128089546611  0.25242019380236824  -1.5442711624343526  -1.7885804687691038  -1.4852751002902256 -0.98821600986459812,   1.0528574509177373 -0.049095077234178171   0.52434265261796509   -0.4386213546142288    1.0138485730568672    1.2801743941186754     -0.24977964103889,  -4.2612716293334962    60.851496566772461   -9.5916846275329597   -11.394692440032959  -0.81610754013061526    1.7962515335083007 -0.077430389404296876, 6.1074343743318984 -0.1536610231910695   2.370480845857335 -1.4448184727208799 0.41836364186543107 0.21093041707716054 0.87950931847514346,0.55474555492401123 0.17549961805343628 0.22106778621673584,   -0.69826871156692505   -0.013726775534451008 -0.00033127202186733484     0.71570402383804321,-0.0049432301893830299    0.80868881940841675  -0.032378103584051132,-0.0093174008652567863    0.85305231809616089 -0.0013907996471971273,   0.25131234526634216 -0.0065317838452756405   0.067034110426902771 -0.0065317838452756405    0.23776833713054657   0.017535997554659843   0.067034110426902771   0.017535997554659843    0.18291887640953064,   0.23084836617659477    0.16211595505399856    0.63325661162583202  0.0077742234871891469    0.27783348487719906   0.053693851162606165 2.5942984649418577e-05,0.55613082647323608
IIWA_7,1715793923.9672234,-0.24289441287420441   1.0379050630844771  0.25506673014044839  -1.5463869773081571  -1.7833928334401852  -1.4789780492148035 -0.98888634752430715,   1.063375735716789 -0.04819712027269861  0.52533557561757815 -0.43552967864356396   1.0185842716022393   1.2760215583118248 -0.22663721921947322,  -3.8324559669494631    60.565171375274659   -9.6568323707580568   -11.756526527404786   -1.4561400985717774    2.0609166145324709 -0.067751590728759761, 6.1074343743318984 -0.1536610231910695   2.370480845857335 -1.4448184727208799 0.41836364186543107 0.21093041707716054 0.87950931847514346,0.55474555492401123 0.17549961805343628 0.22106778621673584,   -0.69826871156692505   -0.013726775534451008 -0.00033127202186733484     0.71570402383804321,-0.0049432301893830299    0.80868881940841675  -0.032378103584051132,-0.0093143079429864883    0.85276925563812256 -0.0013903379440307617,   0.25131234526634216 -0.0065317838452756405   0.067034110426902771 -0.0065317838452756405    0.23776833713054657   0.017535997554659843   0.067034110426902771   0.017535997554659843    0.18291887640953064,   0.23084836617659477    0.16211595505399856    0.63325661162583202  0.0077742234871891469    0.27783348487719906   0.053693851162606165 2.5942984649418577e-05,0.55613082647323608
IIWA_7,1715793923.9722233,-0.23730203423003501   1.0376890473917824  0.25771674186540156   -1.548504889522307  -1.7782025136203441  -1.4726443863676624 -0.98943576430103164,   1.0743957343402069 -0.047198323925946618   0.52626892949218895  -0.43314023148084796    1.0224802100754347    1.2741637605351037  -0.20328644644455807, -4.9710354843139646   60.432090652465817  -9.6559519958496089  -11.708105907440185 -0.85044216156005858    1.545937774658203  -0.1171468391418457,  4.9849967435722728 -0.59094795647151654   2.0282752730726856 -0.05920962620613477  0.56602260911452995  0.91177010621544197  0.41594841929953152,0.55413275957107544 0.19237624108791351 0.22079065442085266,  -0.69805330038070679  -0.011636148206889629 8.0253739724867046e-05    0.71595120429992676,-0.038752485066652298   0.82765048742294312 -0.022408628836274147,-0.0091857826337218285    0.85277074575424194 -0.0013020636979490519,   0.25266644358634949 -0.0086022354662418365   0.066235147416591644 -0.0086022354662418365    0.23665212094783783    0.02034313976764679   0.066235147416591644    0.02034313976764679    0.18281407654285431,   0.30693565073658391    0.17526038228954377    0.76274184729996364  -0.010176290319741099    0.26205331259099296   0.048880794821570817 2.5858194696581904e-05,0.57037335634231567
IIWA_7,1715793923.9772162,-0.23168892281968118   1.0374866938092231  0.26036184005217805  -1.5505757635859525  -1.7729597506707377  -1.4662936459101228 -0.98989206361700544,   1.0840410438863191 -0.045852802443127977   0.52681907106481107  -0.42934714773049754    1.0276946860446019    1.2733606267296664  -0.18088112979459831, -4.3526806106567379   60.534253631591795  -10.269573307037353  -11.649120788574219  -1.3355287361145018   1.6804397010803223 -0.13350067138671876,  4.7022598576783672 -0.74229181865525151   1.9673810492224435  0.29034861591263023  0.60412561944458232    1.044436766698871   0.2878594523373999,0.55390411615371704 0.19666038453578949 0.22072228789329529, -0.69802004098892212 -0.011024858802556992 0.0003335383371450007   0.71599322557449341,-0.046344630420207977   0.83250570297241211 -0.021190578117966652, -0.009172290563583374    0.85151827335357666 -0.0013001513434574008,   0.25302118062973022 -0.0091060688719153404   0.066013477742671967 -0.0091060688719153404    0.23634685575962067   0.021052408963441849   0.066013477742671967   0.021052408963441849    0.18279539048671722,   0.32575913229226927     0.1779234988923406     0.7957723298028796  -0.013974417750972634    0.25823310713235514   0.047748752307619213 2.5848889251278706e-05,0.57418525218963623
IIWA_7,1715793923.9822452,-0.22606993924905899   1.0372903921558452  0.26296846889149594  -1.5525548983444579  -1.7677100849439398  -1.4597383947521516 -0.99036747788803003,   1.0919921779339425 -0.044534308089619071   0.52572041042456452  -0.42264310852461479    1.0321423779076002    1.2808985477025803  -0.16372147467666262, -3.3713783111572266   60.828644321441651  -8.3186625099182123  -13.356167736053466  -1.2237211227416993    1.475516170501709 -0.00534002685546875,  4.406647093268564 -0.9363641633570623  1.9242928446254308  0.6758493416050716 0.66195242872100535  1.1638720910850879 0.14806634126603418,0.55363035202026367 0.20097702741622925 0.22064147889614105,  -0.69800537824630737  -0.010371644049882889 0.00067023467272520065    0.71601712703704834,-0.054320089519023895   0.83764052391052246 -0.020736729726195335,-0.0082617821171879768    0.85118532180786133 -0.0010480531491339207,   0.25338554382324219 -0.0096032898873090744   0.065780706703662872 -0.0096032898873090744    0.23603120446205139   0.021766465157270432   0.065780706703662872   0.021766465157270432    0.18277637660503387,   0.34447176567109494    0.18032937443202002    0.82911875567770466  -0.017492448485256773       0.25449677487277   0.046654292984449341 2.5847588069893845e-05,0.57827562093734741
IIWA_7,1715793923.9872158,-0.22040319845228068   1.0371034982634677  0.26566641750243519  -1.5545405645613566  -1.7624256170027912  -1.4530510174792319  -0.9908860352800839,  1.1002633742182866  -0.0431032021667941  0.52849427277722161 -0.41754113549563837   1.0370926199720227   1.2922139290788515 -0.15171947542348468,  -1.9881453437805177    61.144543006896974   -7.9136900520324707   -12.536538696289062   -1.3337679862976075    1.2525700492858887 -0.058072792053222654, 3.9475450693809666 -1.3302742533158951  1.9535361629323535   1.334467115638436  0.7307160811034763    1.27955901959573 -0.1143311017392511,0.55308729410171509 0.20958845317363739  0.2204434871673584, -0.69807374477386475 -0.008929746225476265 0.0013375631533563137   0.71596896648406982,-0.065627120435237885   0.84408116340637207 -0.021603886038064957, -0.0079377284273505211     0.85083425045013428 -0.00098204496316611767,  0.25412359833717346 -0.010589932091534138  0.065297588706016541 -0.010589932091534138   0.23537285625934601  0.023192364722490311  0.065297588706016541  0.023192364722490311   0.18275496363639832,  0.38200103139462982   0.18431081757874779   0.89646793221653809 -0.023673125610024215   0.24676195929007605  0.043790118065878403 2.572862634053763e-05,0.58377432823181152
IIWA_7,1715793923.992218,-0.21465838056958053   1.0369197201110543  0.26841793561318894  -1.5564293383884984  -1.7571205361995779  -1.4462108413208725 -0.99145738320969057,   1.1100034146826352 -0.041833687829972821   0.53285614265192716  -0.40958386148218312     1.041877328106152    1.3073781895974577  -0.14422949752305453,  -2.5271894836425783    60.418648155212402   -9.0502540588378899   -12.599925689697265   -1.0485265159606934    1.5849867210388184 -0.076762886047363282,  3.7382190588342441  -1.5235655746186836   1.9780481986800562   1.6302259275079662  0.77077778807118014   1.2904819415469213 -0.22700547705483254,0.55279558897018433 0.21393962204456329 0.22032113373279572,  -0.69816327095031738 -0.0081922486424446106  0.0016430747928097844    0.71588987112045288,-0.070647411048412323   0.84818577766418457 -0.022785510867834091, -0.0075603877194225788     0.85047256946563721 -0.00090644805459305644,  0.25450235605239868 -0.011087381280958652  0.065042421221733093 -0.011087381280958652   0.23502503335475922  0.023917719721794128  0.065042421221733093  0.023917719721794128   0.18275268375873566,   0.40113421854037767    0.18597283461563308    0.93108440253164559  -0.026425162509724487    0.24276457520144845   0.042054716583805885 2.5630924049835357e-05,0.5871620774269104
IIWA_7,1715793923.9972119,-0.20888180434856185   1.0367295304916337    0.271157289760804  -1.5582288296795883  -1.7517733667814526  -1.4391570464613801 -0.99209278679542401,   1.1190657805868556 -0.041074535040799144   0.53585908002614402  -0.39964674082934315    1.0473886392099336     1.328054346057663  -0.14079974144778123,  -2.6548932075500487    61.160674003601073   -9.1083588027954097    -12.50220407485962   -1.0696555137634278    1.5532803115844727 -0.083771671295166009,  3.7382190588342423  -1.5235655746186869   1.9780481986800571   1.6302259275079707  0.77077778807118236   1.2904819415469215 -0.22700547705483254,0.55279558897018433 0.21393962204456329 0.22032113373279572,  -0.69816327095031738 -0.0081922486424446106  0.0016430747928097844    0.71588987112045288,-0.070647411048412323   0.84818577766418457 -0.022785510867834091, -0.0071757622063159943       0.849712073802948 -0.00083301728591322899,  0.25450235605239868 -0.011087381280958652  0.065042421221733093 -0.011087381280958652   0.23502503335475922  0.023917719721794128  0.065042421221733093  0.023917719721794128   0.18275268375873566,   0.40113421854037767    0.18597283461563308    0.93108440253164559  -0.026425162509724487    0.24276457520144845   0.042054716583805885 2.5630924049835357e-05,0.5871620774269104
IIWA_7,1715793924.0022144,-0.20306514096895106   1.0365479694527857  0.27392043263704063  -1.5599228597778758   -1.746376055450181  -1.4319117436043831 -0.99280878434094355,    1.127919159653916 -0.040122069586560623   0.53921297907038057  -0.38747859659497463    1.0538033646188079    1.3522555911260097  -0.14127969497900666,  -1.7475246429443358    61.278967979431151   -9.3319740295410156   -12.371908588409424    -1.564426212310791    1.6050118217468261 -0.041718959808349609,  3.5156769632855394  -1.6760500500057558   1.9806350511897151   1.8789855645405458  0.80617410473298445   1.2848196433693526 -0.31627951919614389,0.55250513553619385 0.21834209561347961 0.22020062804222107, -0.69829028844833374 -0.007489670068025589 0.0019111556466668844   0.71577292680740356,-0.074733518064022064   0.85350495576858521 -0.023655738681554794, -0.0064735393971204758     0.84971791505813599 -0.00065149430884048343,  0.25488027930259705 -0.011587807908654213  0.064781948924064636 -0.011587807908654213   0.23466353118419647  0.024652667343616486  0.064781948924064636  0.024652667343616486   0.18276506662368774,    0.4205364165734693    0.18737686358161199     0.9664099567263662  -0.028851140133845377    0.23873131517682111   0.040180627808972247 2.5521754487556336e-05,0.59135401248931885
IIWA_7,1715793924.0072176,-0.19719790416535293   1.0363596972957145  0.27668890836680676  -1.5615119081034896  -1.7409569805612688  -1.4244636077446979 -0.99361706038925923,   1.1370247998670582 -0.039628541952095649   0.54210941244694966  -0.37354481030053155     1.059805687251536     1.379729907288215  -0.14535479791583261,  -3.2611498336791991    61.241328987121584   -9.7263819885253913   -13.405468730926513   -1.1365640068054199    1.4841937141418458 -0.052732765197753904,  3.2506918482973126  -1.9194739910967309   2.1368898768822855   2.1751535209698698  0.81851199198910751   1.1217686613721589 -0.43546547448905709,0.55200111865997314 0.22716887295246124 0.21990346908569336,  -0.69873976707458496 -0.0060682343319058418  0.0022024982608854771     0.7153468132019043,-0.077933080494403839    0.8619886040687561 -0.027007060125470161, -0.0064704488031566143     0.84931224584579468 -0.00065118336351588368,  0.25563392043113708 -0.012602565810084343  0.064249806106090546 -0.012602565810084343   0.23390968143939972  0.026133865118026733  0.064249806106090546  0.026133865118026733   0.18282428383827209,   0.46032500954051869     0.1893271152777487     1.0387042610275898  -0.032814428609917456    0.23008858399009569   0.035121759763612204 2.5107196321982883e-05,0.59804099798202515
IIWA_7,1715793924.0122154,-0.19133294425284711   1.0361897610223496   0.2794510325161757  -1.5630557758543384  -1.7354870928546455  -1.4167948423053576 -0.99452270824746059,   1.1442182363938795 -0.038500284496273456   0.54417249593231731  -0.36059055827437742    1.0666400580661595    1.4105345434041865   -0.1525097526607202, -3.2624940834045408   62.445776741027835  -9.5503070068359381  -13.392263107299804  -1.3540166091918946   1.5996717948913575 -0.11647933578491211,  3.2370480857016157  -1.9333845408562871    2.135169147868174   2.1997072575761982  0.83114379519871884   1.1261348799715054 -0.43546547448905709,0.55200111865997314 0.22716887295246124 0.21990346908569336,  -0.69873976707458496 -0.0060682343319058418  0.0022024982608854771     0.7153468132019043,-0.077933080494403839    0.8619886040687561 -0.027007060125470161, -0.0061110318638384342     0.84846895933151245 -0.00056498136837035418,  0.25563392043113708 -0.012602565810084343  0.064249806106090546 -0.012602565810084343   0.23390968143939972  0.026133865118026733  0.064249806106090546  0.026133865118026733   0.18282428383827209,   0.46032500954051869     0.1893271152777487     1.0387042610275898  -0.032814428609917456    0.23008858399009569   0.035121759763612204 2.5107196321982883e-05,0.59804099798202515
IIWA_7,1715793924.0172133,-0.18546876341168617   1.0360482872511767  0.28223886285651562  -1.5645094623336537  -1.7299980300881954  -1.4089718398292737 -0.99558337210466707,   1.1499418227615414 -0.036459178443935022    0.5468512103594505  -0.34661990579211471    1.0728745571109322     1.441347733766706  -0.16443435641683574, -2.3779777641296387   61.731980136871336  -8.8653753280639656  -14.847522830963134   -1.660387077331543   1.4521535530090333 -0.03637893295288086,   3.152536732146364  -2.0154858982291581   2.2516831754057463   2.2681354557149858  0.82167470689123667  0.99465497285091486 -0.46392826478407173,0.55178165435791016 0.23160932958126068 0.21973460912704468,  -0.69905710220336914 -0.0053832852281630039   0.002225302392616868     0.7150421142578125,-0.077928222715854645   0.86603373289108276 -0.028989806771278381, -0.0055223973467946053     0.84847301244735718 -0.00038057297933846712,  0.25600802898406982 -0.013116532005369663  0.063978433609008789 -0.013116532005369663   0.23351649940013885  0.026882102712988853  0.063978433609008789  0.026882102712988853   0.18287366628646851,   0.48071737898780498    0.18985449971520296      1.075762110937184  -0.034300254514896267    0.22553787685275495   0.032025470318330918 2.4821276589648278e-05,0.60117846727371216
IIWA_7,1715793924.0222163,-0.17957396295046052   1.0359060345177422  0.28509464377337429  -1.5659578158503566  -1.7244869164829097  -1.4010332496509841 -0.99678832593087763,   1.1557454766582591 -0.034857452092527587   0.55171220496190743  -0.33523006530180843    1.0787441899001724    1.4706217941449478  -0.17974563818189071, -2.1938155517578126   61.891945854187014  -8.3441933822631835  -13.527840843200684 -0.86804965972900394   1.6534058151245117 -0.01168130874633789,  3.1084940539299413    -2.13733610683009   2.4268203140968581   2.3393958114700779  0.81907050046226049  0.81594937192598216 -0.48691806492651346,0.55157762765884399  0.2360384464263916 0.21952401101589203,  -0.69944131374359131 -0.0046632364392280579  0.0021670653950423002     0.7146715521812439,-0.077348217368125916   0.86878371238708496 -0.032270513474941254,  -0.005519526544958353     0.84803181886672974 -0.00038037510239519179,  0.25638848543167114 -0.013635103590786457  0.063699401915073395 -0.013635103590786457   0.23311443626880646  0.027633216232061386  0.063699401915073395  0.027633216232061386   0.18292583525180817,   0.50145245420818441    0.19009962325622354      1.113355900407953  -0.035540585158422289    0.22073075182582613   0.028396215850712281 2.4454750224833788e-05,0.6034349799156189
IIWA_7,1715793924.0272157,-0.17364686484417749   1.0357649801710052  0.28801933388884321  -1.5672545089817074  -1.7189172240428734  -1.3929112407490238 -0.99812043244724979,   1.1616803055779286 -0.033528135543504367   0.55835736858828278   -0.3200517774954757    1.0857830495215923     1.501377791394368  -0.19708077120039924, -2.3927645111083984    61.56932592010498  -9.9790495872497562  -12.996094398498535  -1.2193192481994628   1.4815237007141113 0.050396503448486327,  3.1140368057408669  -2.2474524314971367   2.6323198251760829   2.3865871886292216  0.82142100282507347  0.62132748094607249 -0.48996198038954697,0.55138707160949707 0.24046610295772552 0.21929340064525604,  -0.69986885786056519 -0.0039686914533376694  0.0020167788024991751    0.71425747871398926,-0.076380334794521332   0.87090820074081421 -0.035700276494026184, -0.0052708885632455349     0.84758228063583374 -0.00028551436844281852,  0.25677061080932617 -0.014156371355056763  0.063414610922336578 -0.014156371355056763   0.23270227015018463  0.028387287631630898  0.063414610922336578  0.028387287631630898   0.18298666179180145,   0.52247302408758856     0.1900590836827476     1.1514756940247395  -0.036472123783326538    0.21576493704955624   0.024427943252192108 2.4045188062871148e-05,0.60526061058044434
IIWA_7,1715793924.0322123,-0.16771701042667325    1.035618113441527   0.2909351557682166  -1.5684435838023831  -1.7133205910495692  -1.3846985113778743 -0.99960186246218863,   1.1665384211625125 -0.032697177613930206   0.56331877004556197  -0.30360441482341105    1.0924917593494401     1.529611407961478  -0.21692181755787276,-2.4976159896850585  61.893290103912356 -9.4094470214843753   -13.8447758102417 -1.3813082313537597  1.6373857345581055    -0.0854404296875,  3.0659109381269136   -2.332256020757884   2.7787783355350872   2.4462199300175453  0.83639826576184251  0.45091311735850748 -0.48432734505805214,0.55116397142410278  0.2449302077293396 0.21906094253063202,  -0.70031541585922241 -0.0033112666569650173  0.0018280863296240568    0.71382349729537964, -0.07701294869184494   0.87401968240737915 -0.038527645170688629,  -0.005045425146818161     0.84712117910385132 -0.00017480221868027002, 0.25716039538383484 -0.01467772014439106  0.06311875581741333 -0.01467772014439106  0.23227663338184357 0.029149601235985756  0.06311875581741333 0.029149601235985756  0.18305271863937378,   0.54370558103844502    0.18973432301550019     1.1902851991862917  -0.037100954631164029    0.21075749562093904   0.020350595543838779 2.3635543300315476e-05,0.60786658525466919
IIWA_7,1715793924.0372145,-0.16176270820058863   1.0354850885910969  0.29390862172762644  -1.5695745350138106   -1.707678801501594  -1.3763507197025593  -1.0012239272903454,   1.1714028259733946 -0.031478736108348039   0.56959365441284304  -0.28812158031582796    1.0996649893985613     1.557600793381781  -0.23842004717256798, -1.7300493965148926   62.064009819030758  -10.469418411254882  -13.290139617919921  -1.2774239921569823   1.6797721977233886 -0.10246176528930664,  3.0393679059368162  -2.3422243770148676   2.8993008073268234   2.4303240351485118   0.8261431872547611  0.27530762081429005 -0.45369526976618713,0.55097895860671997 0.24942329525947571 0.21884630620479584,  -0.70079571008682251 -0.0026970389299094677   0.001525650848634541    0.71335524320602417,-0.076072432100772858   0.87767064571380615 -0.040053963661193848, -0.0048414054326713085     0.84664469957351685 -5.9615318605210632e-05,   0.2575431764125824 -0.015207692980766296  0.062821701169013977 -0.015207692980766296   0.23183703422546387   0.02991793304681778  0.062821701169013977   0.02991793304681778   0.18314068019390106,   0.56547991030342359    0.18909926193089177     1.2299018993955357  -0.037360364584237971    0.20555101168540091   0.015942485219966329 2.3183369890489303e-05,0.61072778701782227
IIWA_7,1715793924.0422163,-0.15578150139683528    1.035362549896979  0.29687399830411937  -1.5705892993296835  -1.7020111259282849  -1.3679472614052501  -1.0029758412332752,   1.1763705329288501 -0.030084536651395839   0.57428998658999153  -0.27108783688757776    1.1064390144512155     1.582218966597791  -0.26081259545524793,  -3.2046913452148438    61.737357135772704   -10.781071128845214   -14.064869537353516   -1.4490970993041992    1.6851122245788575 -0.047726490020751952,  3.0549998097886872  -2.3101888982942409   3.0426177013570381   2.3687867478080675  0.80264458391884075 0.098018009575074255 -0.40285011114083252,0.55081361532211304 0.25390169024467468 0.21863597631454468,  -0.70131087303161621 -0.0021250385325402021  0.0011228510411456227    0.71285152435302734,-0.074549555778503418   0.88000035285949707 -0.041093006730079651,-0.0046122632920742035    0.84615272283554077 5.1232262194389477e-05,   0.2579214870929718 -0.015737023204565048  0.062522992491722107 -0.015737023204565048   0.23138986527919769  0.030683524906635284  0.062522992491722107  0.030683524906635284   0.18324093520641327,   0.5874303322057628   0.18810990468320909    1.2698173542986524 -0.037233827500315897   0.20021531430902684  0.011231574854164705 2.269337162630336e-05,0.61264002323150635
IIWA_7,1715793924.0472136,-0.14981353716969836   1.0352422282073435   0.2998459662256156  -1.5715533702301832  -1.6963292610026899  -1.3594946078395644  -1.0048783369480794,   1.1798149954285566 -0.028880496906536438   0.57831070613184254  -0.25543310553004855    1.1124258085847711    1.6038813159056609  -0.28474990495636493, -2.7745314331054689    63.07488561248779   -10.68599063873291  -13.431879978179932  -1.0793396377563476   1.9721386680603028 0.037046436309814454,   3.0509377006121641   -2.2746344805036482    3.1651210227875199    2.3177019894957018   0.78958216595806108 -0.074207310765993045   -0.3454326066695409,0.55064213275909424 0.25840634107589722 0.21842363476753235,  -0.70184862613677979 -0.0015802502166479826 0.00065504584927111864    0.71232402324676514,-0.073657549917697906   0.88288772106170654 -0.042000439018011093,-0.0044291075319051743    0.84565186500549316 0.00014893595653120428,  0.25830399990081787 -0.016268927603960037  0.062215737998485565 -0.016268927603960037   0.23092959821224213  0.031455114483833313  0.062215737998485565  0.031455114483833313   0.18335016071796417,   0.60971247118324357    0.18680044205421353     1.3104446206355647  -0.036763304583686818    0.19475345249997389  0.0062950364991820607 2.2182009118409951e-05,0.61498498916625977
IIWA_7,1715793924.0522153,-0.14382891486568192    1.035162473205512   0.3028607778350913  -1.5723923858899496  -1.6905938027753529  -1.3509972531192427  -1.0069032514746983,   1.1832368885035032 -0.026294597598486694   0.58324102928450205  -0.23790711081469512    1.1193589759612972    1.6229992415373991  -0.30879650502984812,  -2.5056814880371094    62.033092075347902   -9.3504619026184077   -13.487343597412108   -1.1541715049743653    1.7972527885437011 -0.013016315460205078,  3.0585403628544938  -2.2099978855245461   3.2936256325949618   2.2434024133293957   0.7710896373669559 -0.23756608448738192 -0.27408251698762148,0.55048060417175293 0.26290985941886902 0.21821649372577667,  -0.70240896940231323 -0.0010828408412635326 0.00011217857536394149    0.71177273988723755, -0.07257523387670517   0.88514953851699829 -0.042504910379648209,-0.0042713331058621407    0.84513598680496216 0.00024113537801895291,  0.25868356227874756 -0.016797939315438271  0.061905458569526672 -0.016797939315438271   0.23046107590198517  0.032224517315626144  0.061905458569526672  0.032224517315626144   0.18347087502479553,   0.63210442089012275    0.18510085790524045     1.3513800001865306  -0.035848003159699715     0.1892197470700907  0.0011634610874722284 2.1651495707430968e-05,0.61688482761383057
IIWA_7,1715793924.0572147,-0.13782326025334818   1.0350710935472807  0.30597973225928576  -1.5731561405525423  -1.6848316916250086  -1.3425523891761748  -1.0090449523083869,  1.1868156952961522 -0.02469086440804379  0.59135100039538024 -0.22087587515546445   1.1259716267828099   1.6361939509526342 -0.33270523737142199, -2.4599769973754881   61.770963378906252  -10.131354446411132  -13.177451629638671  -1.0555695152282714   1.7758926811218261 -0.16120206069946288,  3.0786873438050599  -2.1377839705581243   3.4301648648257568   2.1733574454997515   0.7600436990221241 -0.39272016331642134 -0.19474390061562721,0.55030995607376099 0.26739925146102905 0.21800978481769562,   -0.70298773050308228 -0.00062093138694763184  -0.0004962387029081583     0.71120148897171021, -0.07208552211523056   0.88637340068817139 -0.042889580130577087,-0.0041136099025607109    0.84461104869842529 0.00033058648114092648,  0.25906467437744141 -0.017323154956102371  0.061589129269123077 -0.017323154956102371   0.22998486459255219  0.032991699874401093  0.061589129269123077  0.032991699874401093   0.18359744548797607,   0.65457420175718539    0.18305289320874607     1.3925989369436564  -0.034566996164997477    0.18360817489693204 -0.0041637317949039243 2.1103672587230449e-05,0.6181064248085022
IIWA_7,1715793924.0621703,-0.13180124721535089   1.0349910987808433    0.309133081450717  -1.5737951394074516  -1.6790274916852195  -1.3340537761825455  -1.0113054167981042,   1.1903330777568135 -0.022952482183930461   0.59921476797355355  -0.20226065432074625    1.1329452990178117    1.6488996805072798  -0.35658276948582895,  -3.0742991218566895     62.36243325805664   -10.582106399536134   -12.906296157836914   -1.2466108703613281    1.7007985534667969 -0.059407798767089841,  3.1004243599490864  -2.0367039274035164   3.5407714160289636   2.0798118471243847  0.73829345043174421 -0.53544612209542719 -0.10793254968467951,0.55014979839324951 0.27190178632736206 0.21781603991985321,  -0.70356285572052002 -0.0001949883735505864 -0.0011705061187967658    0.71063202619552612,-0.071315675973892212   0.88788068294525146 -0.042657878249883652,-0.0039707007817924023    0.84407722949981689 0.00041489378781989217,  0.25944522023200989 -0.017848119139671326  0.061267483979463577 -0.017848119139671326   0.22949673235416412  0.033759176731109619  0.061267483979463577  0.033759176731109619   0.18373696506023407,   0.67728602773353686    0.18063778786459039     1.4343185977461204  -0.032859983713606766    0.17789171594095876 -0.0096159721314492685 2.0548450052615408e-05,0.61949950456619263
IIWA_7,1715793924.0672174,-0.12578348841740533   1.0349370499699828   0.3123329293768306  -1.5743417398772619  -1.6731918452756327  -1.3256657774663352  -1.0136576204838788,   1.1929768141232731 -0.020523938181562892   0.60736573142338712   -0.1836725422490072    1.1397820955977207    1.6546396930542366   -0.3793543630196472,   -2.5917134704589846     61.691652645111084    -10.418356666564941    -13.492625846862794    -1.1638556289672852     2.0145251312255859 -0.0083437919616699222,   3.0502674314509806   -1.8541460943664216     3.532026136753498    1.9870337049671576   0.71945100887399849  -0.60230111206308867 -0.012429352175261567,0.54996001720428467 0.27644515037536621 0.21768583357334137,  -0.70409411191940308 0.00014828945859335363 -0.0018706523114815354    0.71010416746139526,-0.071962118148803711   0.89072251319885254 -0.039890609681606293,-0.0038249385543167591    0.84353023767471313 0.00049558468163013458,  0.25982382893562317 -0.018369045108556747  0.060939356684684753 -0.018369045108556747   0.22899231314659119  0.034528724849224091  0.060939356684684753  0.034528724849224091   0.18389430642127991,   0.70013124003942551    0.17785856219099117     1.4765891306440793  -0.030698479047686078    0.17224422898287628  -0.014841630360251656 2.0048731563804267e-05,0.62182968854904175
IIWA_7,1715793924.0722163,-0.11975224749640351   1.0348837801213844  0.31558023487788445  -1.5748162553037217   -1.667335394366829  -1.3173015074830536  -1.0160856244735661,   1.1956310881386916 -0.018549944489187762   0.61578480518086343  -0.16591865085759858     1.146083712830325    1.6582825537746513  -0.40060365000321152,  -2.9855786399841309    61.697029644012453   -12.208158855438231   -12.879004535675049   -1.4534989738464354    2.1350094871520997 -0.017688838958740235,  3.0187868085565293   -1.641566625368944   3.5220551051650246   1.8592940738229771  0.68972643491688024 -0.66986822785382938 0.093781891397248074,0.54978322982788086 0.28099840879440308 0.21757860481739044,  -0.70462971925735474 0.00044753836118616164 -0.0026447053533047438    0.70957016944885254,-0.072003424167633057   0.89340108633041382 -0.036723949015140533,-0.0036930728238075972    0.84296458959579468 0.00056858238531276584,  0.26019862294197083 -0.018890105187892914  0.060607928782701492 -0.018890105187892914   0.22847656905651093  0.035297255963087082  0.060607928782701492  0.035297255963087082   0.18406732380390167,   0.72324876144858052     0.1746883702482549     1.5193487604019396  -0.028089611738835174    0.16649348055608471  -0.020220594623587829 1.9537729656349256e-05,0.62402057647705078
IIWA_7,1715793924.0772178,-0.11372166576444355    1.034843692853709  0.31879002976265441  -1.5751913015799504  -1.6614616859914477  -1.3090023118827663  -1.0185691753120272,   1.1977281397893518 -0.016443446298364143   0.62101963953548944  -0.14773677173522451    1.1518153052795104    1.6585938670312155   -0.4198249535410124,  -3.3915420570373533    61.906732601165771   -11.480969181060791   -13.011060771942139  -0.55727731704711914    1.7879077415466309 -0.008677543640136719,  2.9667463476390421  -1.3972881619980091   3.4618715686347206    1.738397576004628  0.65824152044964956 -0.68909819490077695  0.19980238569756381,0.54958641529083252 0.28555682301521301 0.21751509606838226,  -0.70511776208877563 0.00069562834687530994 -0.0034362452570348978    0.70908159017562866,-0.072862185537815094   0.89576262235641479 -0.032408334314823151,-0.0035357533488422632    0.84238642454147339 0.00060987810138612986,  0.26057299971580505 -0.019402673467993736  0.060270354151725769 -0.019402673467993736   0.22794897854328156   0.03606066107749939  0.060270354151725769   0.03606066107749939   0.18425239622592926,    0.7463191367280686    0.17112919791273384     1.5623114009262196  -0.025017385096859357    0.16078841961952861  -0.025410880101439659 1.9071205947795988e-05,0.62602943181991577
IIWA_7,1715793924.0822158,-0.10770618396667338    1.034832607394965  0.32204380672640853  -1.5754642422770297  -1.6555349595748454  -1.3007929381252699  -1.0210950904183389,   1.1988017837422884 -0.013598175388453896   0.62696679017855628  -0.12910704527135536    1.1585213008877004    1.6552500439248292  -0.43689656708527902, -2.2354872932434082   61.398606204986571  -11.169316463470459  -12.558548069000244  -0.9050254058837891   1.7909115066528321 -0.33441918182373048,  2.8884673349100503  -1.1401052664137443   3.3703977093917747   1.6312230934277174  0.63461693861444524 -0.68450106832017377  0.30517034314385738,0.54936778545379639 0.29013127088546753 0.21748623251914978,  -0.70558708906173706 0.00090095418272539973 -0.0042468956671655178    0.70860987901687622,-0.074470303952693939   0.89829576015472412 -0.027539249509572983,-0.0033924535382539034    0.84179496765136719 0.00064060353906825185,  0.26094734668731689 -0.019909808412194252  0.059926152229309082 -0.019909808412194252    0.2274089902639389  0.036822527647018433  0.059926152229309082  0.036822527647018433   0.18444973230361938,  0.76946976442648918   0.16717049768466552    1.6056755106834686   -0.0214836329224255   0.15509845832450964 -0.030539726290079727 1.862914711381336e-05,0.62821692228317261
IIWA_7,1715793924.0872481,-0.10166865135188427   1.0348193049317387  0.32531052672464617  -1.5756362158950472  -1.6495454356881578  -1.2926687721054373  -1.0236792487980357,   1.2005427315853949 -0.011410638839814457   0.63224223207235031  -0.11016458093778279    1.1663979961776647    1.6491666759331662  -0.45288358885609653, -4.3123531188964845   59.925308506011966  -14.437268123626708  -13.234675998687743  0.39088645935058591   2.9790674819946288 -0.58273043060302732,  2.8410235225335088 -0.88907179157918381   3.3163888299752124   1.5200376283341481  0.60532216606425648 -0.67942361617077129  0.40945201563232919,0.54914671182632446 0.29468059539794922 0.21747368574142456,   -0.7060503363609314  0.0010827075457200408 -0.0050858329050242901    0.70814257860183716,-0.075833879411220551   0.89933037757873535 -0.022969933226704597,-0.0032333666458725929    0.84118956327438354 0.00065011443803086877,  0.26131880283355713 -0.020407529547810555  0.059579253196716309 -0.020407529547810555    0.2268640547990799  0.037574701011180878  0.059579253196716309  0.037574701011180878   0.18465504050254822,   0.79250140009889947     0.1627776969472805      1.648997578405087  -0.017468442030654785    0.14939958288895383  -0.035713521199909337 1.8188320183298856e-05,0.62938237190246582
IIWA_7,1715793924.0922165,-0.095709675243145886    1.0347755026216676   0.32833186968343203   -1.5757130348167445   -1.6433288826884962   -1.2844868421232654   -1.0262914503645721,   1.1987932296178514  -0.01088060347469403    0.6266475040093149 -0.091204421618118564    1.1817805169285966    1.6466105400334103  -0.46679493374633363, -10.412558372497559   59.341904125213624  -21.636974124908448  -9.9887337112426753  0.21393110275268554  0.24063496017456054 -0.17221586608886719,  2.7992182694233856  -0.6136289409347323   3.2298596442843222   1.3975611201562472  0.56186546514073976 -0.64862132436822428  0.50838089348530735,0.54891949892044067 0.29922860860824585 0.21750415861606598,  -0.70646768808364868  0.0012476242845878005 -0.0059397001750767231    0.70771926641464233,-0.077173478901386261   0.90012401342391968 -0.017561517655849457,-0.0030588805675506592    0.84057879447937012 0.00064283580286428332, 0.26168879866600037 -0.02089921198785305 0.059227053076028824 -0.02089921198785305  0.22630757093429565 0.038320589810609818 0.059227053076028824 0.038320589810609818  0.18487349152565002,    0.8155936868075031    0.15799708308161797     1.6925554379962904  -0.013012096164999321    0.14367241990775881  -0.040781982371562719 1.7774136829018516e-05,0.63039642572402954
IIWA_7,1715793924.0972135,-0.090047248900278473    1.0346641691595135   0.33077407487182731   -1.5755429187744665   -1.6370298780660424   -1.2767521035654488   -1.0288446894729886,   1.1855316374089777 -0.013157821265918584   0.59900621074326288  -0.06615889560337436    1.1973845984410296     1.626677974339392  -0.47556551133372404,-12.488079948425293  54.772799308776854 -25.473647975921629 -11.916754760742187 -0.5977745628356933  1.7879077415466309  0.1271593894958496,  2.7455486588499234 -0.30027513257682342   3.1132234417004696   1.2581985729084275  0.50560823869514093 -0.58903210782455462  0.60968455512201059,0.54868525266647339 0.30378374457359314 0.21758458018302917,  -0.70684903860092163  0.0013783127069473267 -0.0068184197880327702    0.70733022689819336,-0.078545086085796356   0.90106207132339478 -0.011205241084098816,-0.0028867521323263645     0.8399549126625061 0.00062852702103555202,  0.26205500960350037 -0.021383989602327347   0.05887136235833168 -0.021383989602327347   0.22574074566364288  0.039059504866600037   0.05887136235833168  0.039059504866600037   0.18510624766349792,   0.83870998421442522    0.15276546639153565       1.73630368104849 -0.0080497699270765111    0.13793979589493688  -0.045755721465923216 1.7386121875517802e-05,0.63153839111328125
IIWA_7,1715793924.1022143,-0.084675979146810312    1.0343876331932582   0.33264954623574278   -1.5753327753511233   -1.6307009609436702   -1.2691274400873953    -1.031267959693412,   1.1632761000659086 -0.021587695662947673   0.55422382315122909 -0.044521379548969675    1.2110643636477101    1.6063289185936522  -0.47738321788391663, -11.228517955780029   57.671001716613766  -21.389588775634767  -11.067192974090576 -0.32661909103393555  0.36045181274414062  0.51664759826660156,   2.9743208163745605 -0.025222992619610828    3.2716483446803633   0.99878953095426126   0.35134854619324091  -0.64442278974928668   0.70353852488196456,0.54856222867965698 0.30819094181060791 0.21763989329338074,  -0.70728641748428345  0.0016569122672080994 -0.0078506991267204285    0.70688152313232422, -0.074988126754760742    0.89591473340988159 -0.0071716583333909512,-0.0027121768798679113    0.83931940793991089 0.00059732975205406547,  0.26240822672843933 -0.021870072931051254  0.058526001870632172 -0.021870072931051254   0.22519068419933319  0.039771191775798798  0.058526001870632172  0.039771191775798798     0.185336634516716,  0.86197309050195514   0.14711803994504891    1.7792946094514761 -0.002870629532303326   0.13159969967091456 -0.051769545900803848 1.681863892599722e-05,0.62817978858947754
IIWA_7,1715793924.1072183,-0.079511736967638288    1.0340970756881247   0.33434022072037706   -1.5750215450754983   -1.6243126980888745   -1.2618868111130523   -1.0335087101438127,   1.1371905672196079 -0.028892456735698745   0.51100603790635457 -0.023167892614177225    1.2243820051099989    1.5746882938486406  -0.47153659232316253, -8.8639826889038087   57.750312450408934  -14.660002975463867  -12.709972553253174 -0.97985727310180659  0.34476548385620115  0.61810810852050779,   3.736765337860986  0.33263874065786903   3.8546589601090253  0.46056650031823682 0.015349919188900413 -0.78591103218900582  0.81119888516507577,0.54864996671676636 0.31219875812530518 0.21770191192626953,  -0.70775020122528076   0.002059923717752099 -0.0090940510854125023    0.70640122890472412,   -0.0630178302526474    0.87597429752349854 -0.0036960451398044825,-0.0025347673799842596    0.83870279788970947 0.00054828572319820523,  0.26270952820777893 -0.022335460409522057  0.058226987719535828 -0.022335460409522057   0.22469927370548248  0.040403991937637329  0.058226987719535828  0.040403991937637329   0.18556179106235504,   0.88417428137699261    0.14118302332022381      1.818595683847235  0.0023822281178809135    0.12479598504189227  -0.058736093137667922 1.6057739138375382e-05,0.61402952671051025
IIWA_7,1715793924.1122191,-0.074442290056043692    1.0337778758028029   0.33617117058948642   -1.5747007872656529   -1.6179677700140762   -1.2550426202610809   -1.0355688582865401,    1.1125303302394702  -0.035881960801431322    0.48204282508945834 -0.0057040016975250692     1.2333027270799293     1.5335182691577689   -0.45963519956762483,-5.3097864151000973  59.398362613677982 -9.3469404029846181 -12.989931774139404 -1.9826042938232422 0.67417839050292971 0.48093616867065431,  6.1383543747834128  0.97207458329525398    5.838687069386908 -0.86436685151407311 -0.88826411252616544  -1.3020928653655686   0.9760306513905882,0.54924881458282471 0.31925129890441895 0.21776381134986877, -0.70888787508010864 0.0033760450314730406 -0.011948057450354099   0.70521193742752075,  -0.028543140739202499     0.81202220916748047 -0.00080172403249889612,-0.0024426216259598732    0.83815163373947144 0.00051862467080354691,  0.26320409774780273 -0.023232830688357353  0.057727191597223282 -0.023232830688357353   0.22386462986469269  0.041505366563796997  0.057727191597223282  0.041505366563796997   0.18597263097763062,   0.92658035765236235    0.12887498276903386     1.8892328797477376   0.012578891124270797    0.10984744742525976  -0.075801164677535837 1.3947859756058278e-05,0.56871539354324341
IIWA_7,1715793924.1172154,-0.069383329191678153    1.0335012199542446   0.33829016130803108     -1.57435246579818   -1.6116620544261155   -1.2485400996449694   -1.0375038911928416,   1.0923826987661978 -0.039771802583476804   0.47039388881335292 0.0093696573408950847    1.2388708051823702    1.4869154399706777  -0.44510947590615912,  -3.859340961456299    61.35290171432495  -6.8915747833251952  -13.109662761688233 -0.41289583206176755  0.51064006805419926  0.34776924896240236,  6.1168828850816421  0.97208975179099333    5.823379877225884 -0.85865846906498966 -0.88597938445892321  -1.2995354741150211   0.9760306513905882,0.54924881458282471 0.31925129890441895 0.21776381134986877, -0.70888787508010864 0.0033760450314730406 -0.011948057450354099   0.70521193742752075,  -0.028543140739202499     0.81202220916748047 -0.00080172403249889612,-0.0024965514894574881    0.83721476793289185 0.00050247058970853686,  0.26320409774780273 -0.023232830688357353  0.057727191597223282 -0.023232830688357353   0.22386462986469269  0.041505366563796997  0.057727191597223282  0.041505366563796997   0.18597263097763062,   0.92658035765236235    0.12887498276903386     1.8892328797477376   0.012578891124270797    0.10984744742525976  -0.075801164677535837 1.3947859756058278e-05,0.56871539354324341
IIWA_7,1715793924.1221938,-0.064213694163283624    1.0333088132212587   0.34077994395366951   -1.5740394378334255   -1.6053972767574909   -1.2423694821840572   -1.0392831291378759,   1.0806915601487392 -0.039513711386218564   0.47590641687621948  0.020016844462896859    1.2416877508908826    1.4363570504130296  -0.42725709852630001, -4.446778091430664  57.567494487762453 -13.044515018463134 -11.635034790039063  -1.418283977508545  1.9547835807800293  0.0106800537109375, 7.0265670407830836  1.4005151462114116  6.4120699970384702 -1.3923761403509289 -1.3001352926077978 -1.3396307383827208  1.0137827778856443,0.54952043294906616 0.32268065214157104 0.21795354783535004, -0.70927107334136963 0.0040667671710252762 -0.013237991370260715    0.7047998309135437,-0.017177170142531395   0.78592312335968018 0.0065236417576670647,-0.0029327347874641418    0.83721339702606201  0.0005224726046435535,   0.2634318470954895 -0.023660065606236458   0.05748385563492775 -0.023660065606236458   0.22344723343849182  0.042025528848171234   0.05748385563492775  0.042025528848171234   0.18619607388973236,   0.94715377058296468     0.1225400974149693     1.9233916237162418   0.017903598450885738    0.10263677195965215  -0.083450267794660249 1.3034816781498648e-05,0.55055475234985352
IIWA_7,1715793924.1272175,-0.059012899989919404    1.0330448606425779    0.3431615689818942   -1.5736337118323562   -1.5992554095381148   -1.2363455515746273    -1.040926525925566,  1.0725850150535603  -0.0421690722562039  0.47599013462996353 0.032242515613087525   1.2390248894877476   1.3900428647076177 -0.40754155032864398,  -6.7481336212158203      57.9358189125061    -16.13639169692993   -11.517944927215575  -0.43842670440673825    2.2768539505004881 -0.029036396026611327, 7.5390130689300552  1.8825102302699226   6.562272509494667 -1.7632093935883535 -1.6258981030649244 -1.1966726221977417  1.0260146908541765,0.54968208074569702 0.32621276378631592 0.21827857196331024, -0.70947307348251343 0.0046902773901820183 -0.014347987249493599   0.70457082986831665,-0.012475274503231049   0.76920533180236816  0.017855936661362648,-0.0029327347874641418    0.83721339702606201  0.0005224726046435535,   0.2636660635471344 -0.024074437096714973  0.057224158197641373 -0.024074437096714973   0.22299864888191223  0.042551338672637939  0.057224158197641373  0.042551338672637939   0.18644280731678009,   0.96762730935040508    0.11601390785642707     1.9582486627225393   0.023599500571513943   0.095878202795773859  -0.089840019518838687 1.2341689448192028e-05,0.53923672437667847
IIWA_7,1715793924.1322167,-0.053835595003043905    1.0328078726372589     0.345413404891039   -1.5731951492067398   -1.5931828589426464   -1.2303732730026626   -1.0424712925209798,   1.0651602115178682 -0.043214778017723783   0.47086554406976266  0.043336517515129167    1.2341219354089343     1.350925434644682  -0.38782390407946737,  -5.044969219207764   59.335182876586913  -16.518474407196045  -10.575063400268554 -0.59601381301879885   2.7090623741149904  -0.1488532485961914,  7.5741464612981462   2.3380839184001587   6.2654412408990634  -1.8735912075847041  -1.8202033354262188 -0.86236835347433705  0.99639532950948173,0.54964864253997803 0.32994821667671204  0.2187265008687973, -0.70947510004043579 0.0052303834818303585 -0.015169617719948292   0.70454782247543335,-0.016693379729986191   0.76397699117660522  0.031870517879724503,-0.0029327347874641418    0.83721339702606201  0.0005224726046435535,  0.26392641663551331 -0.024468172341585159  0.056931085884571075 -0.024468172341585159   0.22250330448150635  0.043097265064716339  0.056931085884571075  0.043097265064716339   0.18670818209648132,   0.98783859561191178    0.10913031681614171     1.9944676666456829    0.02991050350154012   0.089803137849564507  -0.094567082179253248 1.1934679911007606e-05,0.53630673885345459
IIWA_7,1715793924.1372552,-0.048599207784828367    1.0326247536738875   0.34765535372813733   -1.5727233302048911   -1.5872540231211103   -1.2243923058544322   -1.0439412175436555,   1.0615836579429161 -0.041896580949035839   0.46637038873974329  0.053541974086050229    1.2244509811885931     1.319979033644965  -0.36905612417060324, -4.0327491760253906   58.365978824615482  -12.979367275238037  -11.659685287475586  -1.5494598388671874     3.00710262298584 -0.21994235610961915, -62.304865808141017    1.745317126367335  -42.868818135404354   0.9741318938785396  -1.2757719776975314 0.099972909938785604  0.97799703301391205,0.54960012435913086 0.33365398645401001 0.21921426057815552, -0.70948761701583862 0.0057192957028746605 -0.015945516526699066    0.7045142650604248,-0.020585061982274055   0.75866144895553589   0.04473765566945076,-0.0029327347874641418    0.83721339702606201  0.0005224726046435535,   0.2641715407371521 -0.024848204106092453  0.056646838784217834 -0.024848204106092453    0.2220129519701004  0.043628830462694168  0.056646838784217834  0.043628830462694168   0.18698379397392273,    1.0076196583694852    0.10185746490698477     2.0300918811031465   0.036712640952174525   0.083992842633939802  -0.099081124901090334 1.1555623125047987e-05,0.53345650434494019
IIWA_7,1715793924.142221,-0.04333064291294151   1.0324738722507971  0.35004668595041238  -1.5722492941985602  -1.5814858719098235  -1.2184360262793881  -1.0453215605972297,   1.0600095212298073 -0.039552521682844177   0.46874959988279685  0.061795019522075834    1.2102868334023473    1.2942344099177352  -0.35045862147944867, -4.4548435897827146   59.555639831542969  -10.347046298980713  -11.119135093688964 -0.69813730239868166   1.8282916946411132 -0.32741039657592774,-61.943584834792951  2.1579617676305749  -42.73753703749373 0.70689615369178505 -1.3850523483350063  0.3664906385128327 0.94829361931749667,0.54954403638839722 0.33729356527328491 0.21965642273426056, -0.70953702926635742 0.0062539526261389256 -0.016678208485245705   0.70444297790527344,-0.023877333849668503   0.75177788734436035  0.053206216543912888,-0.0029327347874641418    0.83721339702606201  0.0005224726046435535,  0.26441583037376404 -0.025215853005647659  0.056362628936767578 -0.025215853005647659   0.22153253853321075  0.044148664921522141  0.056362628936767578  0.044148664921522141   0.18725019693374634,    1.0269697814146994    0.09429789749493267      2.065133444768108   0.043802986178675951    0.07822470073381993   -0.10375708840459907 1.1146723544186443e-05,0.52943271398544312
IIWA_7,1715793924.1472163,-0.03906306047357231   1.0323786576678671  0.35154998712254032  -1.5715549282637897  -1.5758045822447502  -1.2124569167068973  -1.0466373086879384,   1.0187109145586137 -0.035450600663477251   0.43513172679135492  0.077210653008478985    1.1954810533248104    1.2745519108338208  -0.33299682081190568,  12.176214012145996   59.492460094451907   3.1543832969665528  -14.034056415557862  -1.5054410934448241   1.2672551231384277 -0.14017570495605469,-61.799449221870319  2.4127008205432197  -42.66003997712221 0.57887913552291581 -1.4109953589904263  0.5834816492411562 0.91222520061776724,0.54942357540130615 0.34095877408981323 0.22005608677864075, -0.70961833000183105 0.0067635052837431431 -0.017316544428467751   0.70434099435806274,-0.029078816995024681   0.74730449914932251  0.058289032429456711,-0.0029327347874641418    0.83721339702606201  0.0005224726046435535, 0.26466920971870422 -0.02557026594877243 0.056068155914545059 -0.02557026594877243  0.22104652225971222 0.044671829789876938 0.056068155914545059 0.044671829789876938  0.18751278519630432,     1.045989632372013   0.086353449919585046     2.1003855906354119   0.051395962208822255    0.07271260069963148   -0.10826682530939991 1.0768674840733183e-05,0.52703988552093506
IIWA_7,1715793924.1522198,-0.035109824158875119    1.0323270056304019   0.35267242963569811   -1.5709220413337546   -1.5703000839609282   -1.2066855536752712   -1.0478523892417182, 0.97309818423477856 -0.03042656202938801  0.39300308195939576  0.08708399960818955   1.1765647740127259   1.2504960499320992 -0.31500067880071797,  36.989719692230224    57.89011442184448   18.562704944610594  -14.802623710632323  -1.6797553253173827  0.28736019515991212 0.023362617492675781,  -59.028578599096832    2.5889840500696004   -40.557615032322403 -0.067109039043741991   -1.6741295924794639   0.45507479382228311   0.84308173044528523,0.54952758550643921 0.34753751754760742 0.22061648964881897, -0.71001315116882324 0.0081673357635736465 -0.018859740346670151    0.7038884162902832,-0.020887797698378563   0.71032845973968506  0.055918760597705841,-0.0029327347874641418    0.83721339702606201  0.0005224726046435535,  0.26511499285697937 -0.026281433179974556  0.055535722523927689 -0.026281433179974556   0.22017380595207214  0.045628160238265991  0.055535722523927689  0.045628160238265991   0.18800050020217896,     1.083626372285984    0.07111231111345262     2.1665376993169616   0.065461006814260259   0.060574314224126624   -0.11994047041863354 9.5619911988364947e-06,0.50141793489456177
IIWA_7,1715793924.1571722,-0.030610886218932383    1.0322565982847949   0.35428706426998002    -1.570328582482353    -1.564986182787274    -1.201151777951396   -1.0489493652194279, 0.95843606498553235 -0.02715754344779191  0.37898785093879295 0.093405553742615929   1.1538078661563516   1.2217478689006851 -0.29587958214896426,   43.522773357391358    55.557841148376468     17.70433940887451   -14.356273632049561   -1.9333032989501953   0.25398502731323241 -0.040717704772949219,  -59.028578599096832    2.5889840500695995   -40.557615032322396 -0.067109039043744212   -1.6741295924794648   0.45507479382228178   0.84308173044528523,0.54952758550643921 0.34753751754760742 0.22061648964881897, -0.71001315116882324 0.0081673357635736465 -0.018859740346670151    0.7038884162902832,-0.020887797698378563   0.71032845973968506  0.055918760597705841,-0.0029327347874641418    0.83721339702606201  0.0005224726046435535,  0.26511499285697937 -0.026281433179974556  0.055535722523927689 -0.026281433179974556   0.22017380595207214  0.045628160238265991  0.055535722523927689  0.045628160238265991   0.18800050020217896,     1.083626372285984    0.07111231111345262     2.1665376993169616   0.065461006814260259   0.060574314224126624   -0.11994047041863354 9.5619911988364947e-06,0.50141793489456177
IIWA_7,1715793924.1621776,-0.025634376890092625    1.0320878603981274   0.35599565521388449   -1.5697635862422266   -1.5598816699857121   -1.1957639700033513   -1.0499648485018696,  0.96580922514201628 -0.028475550224933192   0.37153391850721296  0.097324292599148862    1.1272268049875565    1.1929106130423368  -0.27732299701683583,  31.001087165832519   52.103119354248044   4.9309798622131344  -14.697859096527099  -1.7052861976623535   1.3263291702270508 -0.16487332916259764,   -55.688305733260037     2.3657092005661293    -37.892925422105293   -0.60457827747087023      -1.97762126912632 -0.0031689182609221378    0.79834890825218641, 0.5499235987663269 0.35005965828895569 0.22062176465988159, -0.71043407917022705 0.0092617729678750038 -0.019911797717213631   0.70342099666595459,-0.0043431348167359829    0.66855859756469727   0.044597223401069641,-0.0029327347874641418    0.83721339702606201  0.0005224726046435535,   0.2652813196182251 -0.026629406958818436  0.055333778262138367 -0.026629406958818436   0.21986338496208191  0.046011012047529221  0.055333778262138367  0.046011012047529221   0.18817524611949921,    1.1010827730606465   0.064439231691970633     2.1938448149043666   0.070954461044436812   0.053458306763509711   -0.12838813803295324 8.5130622551332635e-06,0.4715273380279541
IIWA_7,1715793924.1672158,-0.020714792674720525     1.031763986739235   0.35703498711155773    -1.569214049583199   -1.5549575915911493   -1.1902759739385067   -1.0509255040111891,   0.9694307487284971 -0.035735386535643163   0.33880041071270023  0.099840900440421973    1.0987445797725561    1.1738483330276543  -0.26028461798625124,    19.67443898010254    54.221656921386717    -2.999437313079834   -13.878230056762694   -1.2853473663330077    1.8092678489685059 -0.051731510162353514,  -54.811410042962713    2.3332710883834218   -37.132029084724678  -0.66005185815402345   -1.9937322914719466 0.0019084251519181361   0.74668332860129905,0.54994738101959229 0.35307151079177856 0.22080786526203156, -0.71067589521408081  0.010002554394304752 -0.020546132698655128   0.70314830541610718,-0.0063908323645591736    0.65473777055740356   0.042836345732212067,-0.0029327347874641418    0.83721339702606201  0.0005224726046435535,  0.26549065113067627 -0.026942817494273186  0.055081259459257126 -0.026942817494273186   0.21947009861469269  0.046445712447166443  0.055081259459257126  0.046445712447166443   0.18838755786418915,    1.1180402815460511   0.056672168559757097      2.224086490818955   0.078172920396468726   0.047832449554974232   -0.13415344310185873 7.9101498684508442e-06,0.46199783682823181
IIWA_7,1715793924.1722245,-0.016130107581291929    1.0314109913891083   0.35734004557569832   -1.5686812908833538   -1.5502001420492024   -1.1847415390255898   -1.0518140743680751,   0.9589320027199415 -0.042708123233581433   0.28324266713578355   0.10118306834614352     1.069293645495921    1.1604560629388012  -0.24377050866443872,   19.483555519104005    57.102384082794188    1.7255348205566405   -13.276933994293213   -1.3284857368469238     1.653072063446045 -0.037713939666748048, -55.290981811501126   2.3712972194588451  -37.301109289765556 -0.43442784670891627   -1.831749957151096  0.23988874979245045  0.70872803607174062,0.54970860481262207 0.35638189315795898 0.22107452154159546, -0.71088844537734985  0.010453047230839729 -0.020915258675813675   0.70291602611541748,-0.018804660066962242   0.65564233064651489  0.044703420251607895,-0.0029327347874641418    0.83721339702606201  0.0005224726046435535,  0.26572242379188538 -0.027221187949180603  0.054804228246212006 -0.027221187949180603   0.21903860569000244  0.046906433999538422  0.054804228246212006  0.046906433999538422    0.1886141300201416,    1.1340462540676555   0.047800528209407389     2.2554850762404044   0.086965018189388843   0.043376350433277366   -0.13834417692315526 7.5585795400456846e-06,0.46315789222717285
IIWA_7,1715793924.1771855,-0.011738308640978272    1.0311142619634075   0.35747972165774156   -1.5681197700301006   -1.5456225516537334   -1.1793736249948576   -1.0526124634534273,  0.94281755978849957 -0.046035675614897291    0.2321811769903564   0.10340728880704393    1.0385385322154974    1.1430814115803254  -0.22695197034564041,  25.033962635040282   59.172528659820557   9.2192860412597657  -13.440683727264403  -1.4631830978393554  0.67784965896606442 -0.12816064453125001, -54.797285023142933   2.2166648443290722  -36.492356766936844 -0.32709496894393564  -1.7465082329016988  0.22106042714206808  0.69634478328944027,0.54958009719848633 0.35940158367156982 0.22116784751415253, -0.7113645076751709 0.010964629240334034 -0.02142668329179287   0.7024109959602356,-0.02399773895740509  0.64476943016052246 0.039256975054740906,-0.0029327347874641418    0.83721339702606201  0.0005224726046435535,  0.26592239737510681 -0.027487009763717651  0.054566621780395508 -0.027487009763717651   0.21868182718753815  0.047328490763902664  0.054566621780395508  0.047328490763902664   0.18879808485507965,    1.1488612330072812   0.038704578357418029     2.2838529680582198   0.095824201333805092   0.038739411482247021   -0.14408343697436266 6.9408843117457764e-06,0.45561042428016663
IIWA_7,1715793924.1822305,-0.0073091787442106267     1.0308975273041441    0.35777824877257197    -1.5675588483701961     -1.541252719667368    -1.1741848151248022    -1.0533517703074398,  0.93141924370150553 -0.045497926862454546   0.19768602618550177   0.10516269744181563     1.005624105227015    1.1220175240664778  -0.21113385043701102,   26.910535251617432    59.030038188934327    9.8170606040954596   -14.714586219787597   -1.2474912452697753   0.22127736282348634 -0.049729000091552733, -52.889909678241416   1.7838584054242281  -34.432866715792947 -0.36705244028345257  -1.7852909150961396 -0.13221265409794736  0.68466307308718877,0.54965990781784058 0.36195343732833862 0.22101080417633057, -0.71210217475891113  0.011690754443407059 -0.022135436534881592   0.70162945985794067,-0.01923312246799469  0.61737889051437378 0.024851100519299507,-0.0029327347874641418    0.83721339702606201  0.0005224726046435535,  0.26608568429946899 -0.027745826169848442  0.054376609623432159 -0.027745826169848442   0.21842367947101593  0.047695957124233246  0.054376609623432159  0.047695957124233246    0.1889205276966095,    1.1624252225583831   0.029964883177413526     2.3081485925917633    0.10397568836673088   0.033521372597711263   -0.15192070909453292 5.9629119419923882e-06,0.43586421012878418
IIWA_7,1715793924.1872208,-0.0028524851898154712     1.0307061391889427    0.35804393904468923    -1.5670586867484582    -1.5370442433703497    -1.1692311357934093    -1.0540408631662075, 0.92340313713701072 -0.04405386609801816  0.16877643183309177  0.10413662282297002  0.97283833606234238   1.0957611925088984 -0.19647079470031786,    22.58608388519287    57.230087806701661    3.8005784797668456   -14.647677726745606   -1.4623027229309082    1.4191121368408204 -0.014685073852539062,  -50.85348911967705   1.3448706406172573  -32.336712047168248 -0.41740531946876291  -1.8411302148947208  -0.4986182881043677  0.66457621072894446,0.54977875947952271 0.36433544754981995 0.22079052031040192, -0.71286696195602417  0.012458769604563713 -0.022837072610855103   0.70081663131713867,-0.013545528054237366   0.58868885040283203  0.010815629735589027,-0.0029327347874641418    0.83721339702606201  0.0005224726046435535,  0.26623767614364624 -0.027993479743599892  0.054199930280447006 -0.027993479743599892   0.21819363534450531  0.048041399568319321  0.054199930280447006  0.048041399568319321   0.18902567028999329,    1.1752789906571692   0.021411331537102285     2.3308839498747957    0.11191090499362844   0.028344003423441677   -0.15995406881774699 4.9362798293373089e-06,0.41538092494010925
IIWA_7,1715793924.1922193,0.0014488928234416484      1.03043817191665   0.35789617347064606   -1.5665893245156979   -1.5330120790126374    -1.164278894504237   -1.0546871724417719,  0.91077763023989333 -0.045961783770123492   0.12911052250474669   0.10208378756878739   0.93955724315836853    1.0746986055740093  -0.18302900678283096,   19.632767238616943    55.567250896453857   -1.0899041366577149   -14.154667778015137   -1.0802200126647949    1.4751824188232421 -0.055402778625488279, -49.601998394585152  0.96687383361929391  -30.921450059741037 -0.30949540964620242   -1.797129877262631 -0.71173436302413551  0.63529213970693565,0.54977226257324219 0.36679977178573608 0.22058917582035065, -0.71356737613677979  0.013118593022227287 -0.023376286029815674   0.70007365942001343,-0.013966561295092106   0.56903707981109619 0.0003626052348408848,-0.0029327347874641418    0.83721339702606201  0.0005224726046435535,  0.26640564203262329 -0.028221819549798965  0.054006654769182205 -0.028221819549798965   0.21794301271438599  0.048395834863185883  0.054006654769182205  0.048395834863185883    0.1891341507434845,    1.1875944866597266   0.012626769891888046     2.3540331551288318    0.12030476542879143   0.023734041888268109   -0.16703387906602529 4.0535850232004123e-06,0.40159747004508972
IIWA_7,1715793924.1972175,0.0055209526807777024     1.030079124528259   0.35725987114943103   -1.5661104349668833   -1.5291438588420854   -1.1594719619109364   -1.0552858443734832,  0.89150449848535696 -0.051131322551738287  0.077836325155196076    0.1008226120076134   0.90637460134877468    1.0520361881912343  -0.17037008269471512,  18.677005683898926   56.051180797576905 -0.40233133316040037  -14.005884418487549 -0.98690027236938471   1.6670896339416503 -0.10179426193237305, -48.756190400025758  0.60051723740094043  -29.826527908305092 -0.08355894661385968   -1.697402714126119 -0.83119514146186102  0.59710393531586736,0.54966282844543457 0.36926800012588501 0.22037620842456818, -0.71424013376235962  0.013706935569643974 -0.023786131292581558   0.69936209917068481, -0.018326206132769585    0.55347496271133423 -0.0084678204730153084,-0.0029327347874641418    0.83721339702606201  0.0005224726046435535, 0.26658362150192261 -0.02842475101351738 0.053806185722351074 -0.02842475101351738  0.21769316494464874 0.048746708780527115 0.053806185722351074 0.048746708780527115  0.18923036754131317,    1.1988820541439793  0.0036114566848155505     2.3765522945495832    0.12906521001809779   0.019621573223993494   -0.17346473261969919 3.2593847620887573e-06,0.39088848233222961
IIWA_7,1715793924.2022185,0.0093983886915623028    1.0296623731732217   0.35637471629280809   -1.5656123105807149   -1.5254140804567298   -1.1548106976604167   -1.0558192622623701,  0.86830103921966972 -0.057575112242881449  0.026862865859239332   0.10058306505282527   0.87429081649324369    1.0280795205737761  -0.15763278171124989,   21.451537117004396    57.781230194091798    2.6719378471374511   -13.821005687713622   -1.6612674522399902    1.3667131233215333 -0.095786731719970708,-47.323322543237033 0.16569880966173778 -28.207335241184381 0.05042213190195019 -1.6587016857898715 -1.0913314533119911 0.57399468847873369,0.54964065551757812 0.37149038910865784 0.22004614770412445,   -0.715065598487854  0.014346173964440823 -0.024292254820466042   0.69848781824111938,-0.018008686602115631   0.53118538856506348 -0.020189661532640457,-0.0029327347874641418    0.83721339702606201  0.0005224726046435535,  0.26673734188079834 -0.028620705008506775  0.053635627031326294 -0.028620705008506775   0.21749930083751678  0.049068257212638855  0.053635627031326294  0.049068257212638855   0.18929460644721985,    1.2093020310066649 -0.0052598276312210146     2.3966825313994633    0.13755113082503101   0.015378260182608017   -0.18087995636939525 2.2800312748927354e-06,0.37548166513442993
IIWA_7,1715793924.2071848,0.013192893855775299   1.0292375323261844  0.35540519243830998  -1.5651133474547576  -1.5218678044181324  -1.1504072739546201  -1.0562903620794839,  0.84642103794425572 -0.063053723675797604 -0.017290661492532975   0.10042497708055298   0.84128369473848952    0.9986005646908851  -0.14495021805355177,  23.673581912994386   58.910399963378907    5.382612190246582  -14.677610473632813  -1.1603341293334961   1.3520280494689942 0.034042671203613283, -45.181535196185955 -0.25635504184800328  -26.027229572149594 0.021344610195909098  -1.7220694297529371  -1.4649597270665986  0.57071499339625376,0.54975515604019165  0.3733983039855957  0.2196243554353714,-0.71601569652557373 0.015040809288620949 -0.02493562363088131  0.69747650623321533,-0.011886739172041416   0.50078278779983521 -0.033174935728311539,-0.0029327347874641418    0.83721339702606201  0.0005224726046435535, 0.26685339212417603 -0.02880970761179924   0.0535077303647995 -0.02880970761179924  0.21737362444400787 0.049346320331096649   0.0535077303647995 0.049346320331096649  0.18932826817035675,    1.2186999838466051   -0.01379233722875739     2.4136021355296577    0.14552268967005233   0.010961373619444714   -0.18925001835690125 1.1105738551009381e-06,0.35446703433990479
IIWA_7,1715793924.2122219,0.016970681165581911   1.0288180844374526  0.35441493592671042  -1.5646409891461703  -1.5184776110801457  -1.1462791279417712  -1.0567255693096134,  0.82824832274766913 -0.067220894489911198 -0.053442789658008909  0.099234314007933311   0.80863468931026106   0.96400629226666146  -0.13336846364801996,   25.125371616363527    60.550384628295902    4.6985608863830564   -13.972430171966552   -1.5098429679870604    1.1738046531677246 -0.040717704772949219,  -42.82118630783836 -0.59527026016400464   -23.74315726869008  -0.1107504753976828  -1.8432677442789815   -1.853604970086784  0.57608879094431653,0.54995536804199219 0.37510296702384949 0.21917489171028137, -0.71701347827911377  0.015762418508529663 -0.025651354342699051   0.69640880823135376,-0.0032641754951328039    0.46833387017250061  -0.044598177075386047,-0.0029327347874641418    0.83721339702606201  0.0005224726046435535,  0.26694265007972717 -0.028995513916015625  0.053407855331897736 -0.028995513916015625   0.21728746592998505   0.04959561675786972  0.053407855331897736   0.04959561675786972   0.18934899568557739,     1.2275380981972006   -0.022017514570649155      2.4285334082847498     0.15309524346829306   0.0064770467851360536     -0.1980432657555653 -1.5711965062337185e-07,0.33222374320030212
IIWA_7,1715793924.2172427,0.02075901440922754  1.0284260205465185 0.35330945114164808 -1.5641497558653039 -1.5152776312289573 -1.1424734175455942 -1.0571455563960008,  0.81413198794396058 -0.069459271229290825 -0.086973623128900668  0.099036782441003501   0.77490694549574335    0.9234334496604113  -0.12349425437391451,  25.119994617462158   60.730514091491699   3.5118155097961425  -15.477871265411377  -1.7220133209228516   1.8202816543579101 -0.10913679885864258, -40.770312290419668 -0.85204948107143574  -21.757644105910376 -0.20778193265618591  -1.9394572157578154  -2.1523200004375682  0.58201052558995925,0.55013436079025269 0.37673118710517883 0.21873581409454346, -0.71798741817474365  0.016423342749476433 -0.026320295408368111   0.69536435604095459,0.0029742384795099497   0.43933501839637756 -0.053262069821357727,-0.0029327347874641418    0.83721339702606201  0.0005224726046435535,  0.26702338457107544 -0.029165826737880707  0.053317844867706299 -0.029165826737880707   0.21721482276916504  0.049829408526420593  0.053317844867706299  0.049829408526420593   0.18936379253864288,     1.2355792822669187   -0.030151458169314083      2.4422563204540282     0.16064829569817363   0.0023263918977889375    -0.20641068425852893 -1.3862759828953131e-06,0.3125511109828949
IIWA_7,1715793924.2222161,0.024542973530518437   1.0280411471939366  0.35201239847247145  -1.5637419925195821  -1.5122858894033511  -1.1390071602717116  -1.0575438520941123, 0.80266395520680445 -0.07096235108671152 -0.12146100527018548   0.0955399597816744  0.73959522942084444  0.87739705068363349 -0.11472723142358963,   24.796030433654785    60.768153083801266    2.5794984817504885   -15.452340393066406   -1.5019195938110352    1.5195713920593261 -0.042386463165283203,-39.194809241377811 -1.0438399297461909 -20.180664307070423 -0.2228785752630171 -1.9859222326455743 -2.3369722835600872  0.5849901955946375,0.55024552345275879 0.37834450602531433 0.21831916272640228, -0.71891218423843384  0.016998087987303734 -0.026901721954345703   0.69437211751937866,0.0053704818710684776   0.41556167602539062 -0.059258218854665756,-0.0029327347874641418    0.83721339702606201  0.0005224726046435535,   0.2671053409576416 -0.029316386207938194  0.053228240460157394 -0.029316386207938194   0.21714434027671814  0.050054926425218582  0.053228240460157394  0.050054926425218582   0.18937398493289948,    1.2427680160111976   -0.03832914616364036     2.4551889742339128     0.1683595348866973 -0.0013777276040016773   -0.21407860902744602  -2.52842635717343e-06,0.29650411009788513
IIWA_7,1715793924.2272162,0.028306859074666756   1.0276514201897879  0.35052797249078843  -1.5633672458945693  -1.5094960577375911  -1.1359201437365822  -1.0578896569058869,  0.79268658593137631 -0.072358961035314501  -0.15654584348346934  0.091421832825851548   0.70326945016707432   0.82539830195207997  -0.10561397760985559,   23.500173698425293    60.093339721679691    2.4993843650817871   -15.066736183166503   -1.5019195938110352    1.9507785606384278 -0.052399013519287108, -37.945855564837636  -1.2065442375293063  -18.851678287668186 -0.17694319070915163  -1.9914323273831203  -2.4455523492031128  0.59451289493972115,0.55030220746994019 0.37992268800735474  0.2179008424282074, -0.71980464458465576  0.017460046336054802 -0.027411365881562233   0.69341552257537842,0.0052366810850799084   0.39517521858215332  -0.06407485157251358,-0.0029327347874641418    0.83721339702606201  0.0005224726046435535,  0.26718538999557495 -0.029442537575960159   0.05314432829618454 -0.029442537575960159   0.21708425879478455    0.0502665676176548   0.05314432829618454    0.0502665676176548   0.18937487900257111,     1.2488099307264022   -0.046596601407600247      2.4668355658326035     0.17629473288405251  -0.0045704365607690534    -0.22104645415677027 -3.5914320406504885e-06,0.28280410170555115
IIWA_7,1715793924.2322414,0.031991289159116504   1.0272265794518336  0.34887594701344266  -1.5630187445491004  -1.5069091907596113  -1.1332570093173158  -1.0581833902557605,  0.78152647212309101 -0.074880798346425442  -0.19131769388060649  0.087077520079438531    0.6660902392528526   0.76684401833232263 -0.096240516082828187,   19.787355957031249    59.644360313415525    2.1102586555480958   -14.786776962280273   -1.3584184837341309      1.58064794921875 -0.058072792053222654,  -36.892476745422705   -1.4274155610439485   -17.613522396656347 -0.010016033886915609   -1.9439754783200502   -2.5129824074228373   0.59965961144507274,0.55028051137924194 0.38142824172973633  0.2174423485994339, -0.72069329023361206  0.017833439633250237 -0.027825109660625458   0.69246584177017212, 0.002138171810656786   0.37597262859344482 -0.069506615400314331,-0.0029327347874641418    0.83721339702606201  0.0005224726046435535,  0.26726830005645752 -0.029536822810769081   0.05306519940495491 -0.029536822810769081   0.21704477071762085  0.050461947917938232   0.05306519940495491  0.050461947917938232   0.18935070931911469,     1.2532668574456451   -0.054907694377881455      2.4767054321461757     0.18436453327463909  -0.0072092780269983336    -0.22741527580993903 -4.5991548347501521e-06,0.27008935809135437
IIWA_7,1715793924.237237,0.035490503048932281   1.0267527831010257   0.3470436189887226  -1.5626765350065019  -1.5045135921454296  -1.1310277037544019  -1.0584308645264746,  0.76518973329110396 -0.078856492709456716  -0.22634727609328734   0.08335039776748876   0.62869613596955032   0.70264743718241407 -0.086891383694828281,   17.008791774749756    60.137699962615969    1.4675849723815917   -14.159069652557372   -1.2466108703613281    1.7264974327087401 -0.085106678009033196,-35.955125189043954 -1.6316127531713149 -16.456597994052061 0.19494543974890793 -1.8804355799438843 -2.5315076654565307 0.60503437851507624,0.55020570755004883  0.3828551173210144 0.21697413921356201, -0.72155922651290894  0.018114076927304268 -0.028158847242593765   0.69154268503189087,-0.0023207906633615494    0.35748881101608276  -0.074194237589836121,-0.0029327347874641418    0.83721339702606201  0.0005224726046435535,  0.26734673976898193 -0.029602490365505219  0.052996281534433365 -0.029602490365505219   0.21702536940574646  0.050636954605579376  0.052996281534433365  0.050636954605579376   0.18930965662002563,     1.2562789078511827    -0.06321105541484684      2.4847251725192976     0.19251688835986158  -0.0093152368583204748    -0.23312214751669558 -5.5428186485073638e-06,0.2579212486743927
IIWA_7,1715793924.2422254,0.038733973625287174   1.0262538797525953  0.34501516907953755  -1.5623044848061005   -1.502307152664645  -1.1292888526191756  -1.0586456817233887,  0.74189060968707887 -0.083041328104781001   -0.2622158172420318  0.081562326230048221   0.59121448800702359   0.63167199515498396 -0.078105794832425607,  14.734321239471436   60.633728111267089   1.3874708557128905  -14.840479831695557  -1.2844669914245606   1.7982540435791015 -0.03537767791748047,-35.021932213824996 -1.7528532685051688 -15.348186168176536 0.37148774241071469  -1.828955871664057 -2.4948932052274926 0.61616659062252899,0.55009883642196655 0.38417944312095642 0.21653047204017639,  -0.7223818302154541  0.018299086019396782 -0.028436709195375443   0.69066703319549561,-0.0070139397867023945    0.33863762021064758  -0.076906345784664154,-0.0029327347874641418    0.83721339702606201  0.0005224726046435535,  0.26741382479667664 -0.029642971232533455  0.052942655980587006 -0.029642971232533455   0.21702645719051361  0.050786819308996201  0.052942655980587006  0.050786819308996201   0.18925820291042328,     1.2579847339875272   -0.071356950775758321      2.4907842209618281     0.20057674499884826    -0.01092586436612919      -0.238129168691259 -6.4117857689893754e-06,0.24535900354385376
IIWA_7,1715793924.2472169,0.041694916083732374   1.0257434716300682  0.34280455893815565  -1.5619484334935365  -1.5002802845255443  -1.1279910808743472  -1.0588108843365731,  0.71195018608747107 -0.086849387384909493  -0.29819705944890174  0.079491913486598523   0.55404631596964649   0.55724846591712196  -0.06909274039331742,   15.241103385925292    61.640571155548095   0.92527402877807619    -14.70402172088623   -1.3601792335510254    1.4154408683776856 -0.038047691345214844,-33.847725697581836 -1.7611233954613001 -14.139822382697465 0.44028344225228228 -1.8310076406004394 -2.4386386950437413 0.63725138986314844,0.55001544952392578 0.38533875346183777 0.21612432599067688, -0.72315686941146851  0.018420571461319923 -0.028714276850223541   0.68984079360961914,-0.0096422163769602776    0.31700131297111511  -0.077508300542831421,-0.0029327347874641418    0.83721339702606201  0.0005224726046435535,  0.26745918393135071 -0.029665514826774597  0.052913032472133636 -0.029665514826774597   0.21705524623394012  0.050903715193271637  0.052913032472133636  0.050903715193271637   0.18919964134693146,     1.2586081355552281   -0.079082696808896458      2.4945971496608266     0.20820943584176632   -0.012212409301604055    -0.24264233325244078 -7.2327592803844709e-06,0.23062145709991455
IIWA_7,1715793924.2522237,0.044419529616817402   1.0252443886218081  0.34040483779083092   -1.561583813377927    -1.49843039957938  -1.1271701615518468  -1.0589315055683415,  0.67854469019337804 -0.089442830238330426  -0.33454649345211057  0.078178335413661204   0.51723245062229073   0.47863554563371324 -0.060099041585388729,   17.565311161041262    61.280312229156493    1.2369267463684082   -15.526291885375976   -1.3232034873962402    1.9841537284851074 -0.072090362548828127,  -32.3145731344691 -1.6546554243730016 -12.755709403273647 0.36922738156358942 -1.9046909640468002 -2.3810596880758692 0.67043271351591538,0.54999339580535889 0.38628974556922913    0.21575927734375, -0.72386854887008667   0.01849278062582016 -0.029022146016359329   0.68907910585403442,-0.009088100865483284   0.29141649603843689 -0.076272942125797272,-0.0029327347874641418    0.83721339702606201  0.0005224726046435535,  0.26747676730155945 -0.029672088101506233  0.052912894636392593 -0.029672088101506233   0.21711662411689758  0.050980664789676666  0.052912894636392593  0.050980664789676666   0.18913531303405762,     1.2581764524419725   -0.086197858781389414      2.4958511931147953     0.21519230676325662   -0.013248215145367226    -0.24669430936707926 -8.0047408701489076e-06,0.21286508440971375
IIWA_7,1715793924.2572198,0.04702501995604761  1.0247280483433197 0.33788161910913045 -1.5612628759082519 -1.4967509783232642 -1.1267456203560255 -1.0590046692251698,  0.64705536572391087 -0.092207875330202679  -0.36856594202970716   0.07538016711793287   0.48096281074246278   0.39989008433982054  -0.05100577954144303,   21.905893524169922    61.424146949768065    1.4904747200012207   -15.440895519256591   -1.5943589591979981    1.7098098487854003 -0.089779201507568365,-30.461621703231959  -1.509984570009878 -11.190939348519052 0.22318440881845364 -2.0286843150708176 -2.3460764721269234 0.70296292833405172,0.55002820491790771 0.38702213764190674 0.21541126072406769, -0.72452986240386963  0.018556741997599602 -0.029346134513616562   0.68836832046508789,-0.0061808526515960693    0.26224276423454285  -0.074546314775943756,-0.0029327347874641418    0.83721339702606201  0.0005224726046435535,  0.26747143268585205 -0.029663292691111565  0.052938476204872131 -0.029663292691111565   0.21721139550209045  0.051020298153162003  0.052938476204872131  0.051020298153162003   0.18905940651893616,     1.2567078566840806   -0.092624430567234128       2.494647976039488     0.22141399186814681   -0.014098040090004815    -0.25042118158857818 -8.7470848342263707e-06,0.19259195029735565
IIWA_7,1715793924.2622242,0.049639438527066392   1.0241956490722173  0.33532118946236206  -1.5609757937899913  -1.4952741383060919  -1.1266970842766906   -1.059033131727362,  0.62222103541987994 -0.095062271108257324   -0.3972699394945014  0.071787418424768781   0.44384384928086218    0.3218535106452553 -0.041943123720843994,   23.051194290161131    60.602810367584226    1.2369267463684082   -15.977043838500977   -1.6251720809936523    2.0458977890014647 -0.073759120941162104, -28.438445124872921  -1.3373270096751497  -9.5359448571907031 0.032475091881038004  -2.1846406193679071  -2.3137667672751223  0.73603656692475095,0.55010837316513062 0.38755956292152405 0.21507975459098816, -0.72513073682785034  0.018592232838273048 -0.029670441523194313   0.68772041797637939,-0.0018865407910197973    0.23114746809005737  -0.072447396814823151,-0.0029327347874641418    0.83721339702606201  0.0005224726046435535,  0.26744547486305237 -0.029635455459356308  0.052987921983003616 -0.029635455459356308   0.21733675897121429  0.051023248583078384  0.052987921983003616  0.051023248583078384   0.18897250294685364,     1.2540821589821505     -0.0984460001101084      2.4910024832767164     0.22699357569955225   -0.014681086733858706    -0.25367200069137397 -9.4341627843164133e-06,0.17105092108249664
IIWA_7,1715793924.2672155,0.052250022173386236   1.0236352667190516  0.33273834935166574  -1.5607541454834681   -1.494010713310129  -1.1269156765116937  -1.0590234844199216,  0.60220017418869776 -0.098465111013233436  -0.42112955602345381  0.066295867000741387   0.40561207926320497   0.24873911911608065 -0.033168606679056654,   20.952820468902587    60.532909381866453   0.37415933609008789   -16.060679454803466   -1.5406560897827148    1.9641286277770995 -0.095786731719970708, -26.603115325588128  -1.1578764149788614  -8.0245700615171245 -0.11353358227136859  -2.3183669713709474   -2.242215519725403  0.76614447661725615,0.55016791820526123 0.38799050450325012 0.21477200090885162, -0.72567999362945557   0.01856590062379837 -0.029942968860268593   0.68712973594665527,0.00082220864715054631    0.20203389227390289  -0.069775506854057312,-0.0029327347874641418    0.83721339702606201  0.0005224726046435535,  0.26741033792495728 -0.029585868120193481  0.053049951791763306 -0.029585868120193481   0.21747918426990509  0.051002472639083862  0.053049951791763306  0.051002472639083862   0.18887637555599213,    1.2503455923438267    -0.1039367124899826      2.485634406653503    0.23226446258384215  -0.014863187622893292   -0.25628787945830567 -1.004004523963431e-05,0.15089958906173706
IIWA_7,1715793924.2722178,0.054773899935045479   1.0230551703265693  0.33006436912917803   -1.560577198440664  -1.4929488151997088  -1.1273607705957034  -1.0590205483397874,  0.58271524981732803  -0.10197594450987649  -0.44386285371827167  0.060114575312758392   0.36696558782737337   0.18118753193247561 -0.026417442137880106,   17.982028575897218    60.501991638183597  -0.15846748352050782   -16.169845943450927   -1.5556224632263183    1.8643368759155274 -0.089779201507568365, -25.295024100502509 -0.95838807152843142  -6.9027073545638666 -0.16184913719092645  -2.3826689770056384  -2.0763930582310341   0.7975206020937714,0.55014020204544067 0.38841930031776428 0.21450941264629364, -0.72616457939147949  0.018404951319098473 -0.030106082558631897   0.68661481142044067,-0.000457440793979913   0.17868447303771973 -0.065804086625576019,-0.0029327347874641418    0.83721339702606201  0.0005224726046435535,  0.26737615466117859 -0.029510041698813438  0.053113941103219986 -0.029510041698813438   0.21762089431285858  0.050969924777746201  0.053113941103219986  0.050969924777746201   0.18877854943275452,     1.2455172941407966    -0.10940324334463014      2.4792783525713347     0.23764510679402662   -0.014412782197936735    -0.25788750582567133 -1.0502441583071231e-05,0.13440446555614471
IIWA_7,1715793924.2772195,0.057111123350767116   1.0224593147017724  0.32747979121596216  -1.5604588542090709  -1.4921057969109188  -1.1280390777560261  -1.0590167134150885,  0.55966113648272797  -0.10541498059977779  -0.45847339950325211  0.052825429513929538    0.3272932018134973   0.11781773913307295 -0.020980556722347731,    14.1092451171875   60.695563598632809   -1.282706241607666    -15.7278977394104  -1.6031627082824706   1.9654636344909668 -0.11647933578491211, -24.391728697790334 -0.77937512551907717   -6.061742667323526  -0.1141267644921453  -2.3796419025495847  -1.8618001826669208  0.82944359367923881,0.55002617835998535 0.38884249329566956 0.21427176892757416, -0.72661644220352173  0.018127361312508583 -0.030170848593115807   0.68614113330841064,-0.0048956908285617828     0.1597871333360672  -0.061613131314516068,-0.0029327347874641418    0.83721339702606201  0.0005224726046435535,  0.26734495162963867 -0.029412198811769485  0.053178112953901291 -0.029412198811769485   0.21776242554187775  0.050929993391036987  0.053178112953901291  0.050929993391036987   0.18867641687393188,     1.2397734121449844    -0.11482356078040823      2.4721755436409865     0.24308550938823004   -0.013414186547322515    -0.25870563816621228 -1.0860616406205281e-05,0.12090518325567245
IIWA_7,1715793924.2821863,0.059169893337883993   1.0218627998879335  0.32491378895105832  -1.5603674145551467  -1.4914924922260253  -1.1288601169608294   -1.059014676070436,  0.53007970867085752  -0.10819257703337956  -0.46941881019875503  0.045917929768112396   0.28636674884653834  0.061412623114323786 -0.016702951591776625,   13.123910068511963    60.996675537109375   -1.6665497016906738   -15.326446781158447   -1.1620948791503907    1.7064723320007325 -0.091114208221435553,  -23.532262071265663  -0.63244262515246463   -5.2296584401828845 -0.047462318155522154    -2.354883988203377   -1.6693574565812841   0.86991405606005179,0.54988700151443481 0.38918668031692505 0.21403215825557709, -0.72706341743469238  0.017768966034054756 -0.030209384858608246   0.68567520380020142,-0.0094012180343270302    0.14150784909725189   -0.05831504613161087,-0.0029327347874641418    0.83721339702606201  0.0005224726046435535,  0.26730823516845703 -0.029298461973667145  0.053251110017299652 -0.029298461973667145   0.21791698038578033  0.050875335931777954  0.053251110017299652  0.050875335931777954   0.18856558203697205,     1.2332265289867195    -0.11998837533777618      2.4639102571661908     0.24829633628442593    -0.01207596712582415    -0.25913508777897221 -1.1176991776551404e-05,0.10819157958030701
IIWA_7,1715793924.287185,0.060956681359096355   1.0212802467263629  0.32238451823109349   -1.560288678280183  -1.4910890551806366   -1.129898550123021  -1.0590132379191324,  0.49553528778518052  -0.10985618808952891  -0.47670587695759759  0.039883794813037381   0.24523088089277867 0.0075927720037973004  -0.01330483522127726,   12.588898677825927     60.57189262390137   -2.3197878837585448   -15.469067516326904   -1.4270877265930175    2.2327987289428712 -0.056737785339355466,  -22.744431890208968  -0.44322016137471865   -4.5279812461429909 0.0074920415882616586   -2.3142888451892909   -1.4598144504974662   0.91402798622653381,0.54971390962600708 0.38946792483329773 0.21383918821811676, -0.72745507955551147  0.017336104065179825 -0.030205234885215759   0.68527090549468994,-0.014332991093397141    0.1243719682097435 -0.053826067596673965,-0.0029327347874641418    0.83721339702606201  0.0005224726046435535,  0.26726841926574707 -0.029174782335758209  0.053326867520809174 -0.029174782335758209   0.21806932985782623  0.050810821354389191  0.053326867520809174  0.050810821354389191   0.18845845758914948,     1.2263034033708209    -0.12470546700438234      2.4551489539339499     0.25309650569571573   -0.010426912526284582    -0.25898429220205799 -1.1398303634280182e-05,0.096131101250648499
IIWA_7,1715793924.2921846,0.062487845949150828   1.0206935589888773  0.31989533488788691  -1.5602401420917651  -1.4909023889010102     -1.1311123124078  -1.0590096426499565,  0.45767481383032332  -0.11135245997104724  -0.48093203529434131  0.033848483387147341   0.20365135589927813  -0.04247627378812157 -0.010500057409984741,   13.804100429534913    60.866283313751218   -2.3180271339416505   -14.980459442138672   -1.4323699760437012    2.0522390708923339 -0.091447959899902342,  -21.699484110162093   -0.2611349606312301   -3.6805964934322155 0.0019821184159120584    -2.292883949985006   -1.3205344210093743   0.96512092696251806,0.54957735538482666 0.38960659503936768 0.21365189552307129, -0.72783702611923218  0.016883127391338348 -0.030226649716496468   0.68487560749053955,-0.016779357567429543   0.10495777428150177 -0.050015535205602646,-0.0029327347874641418    0.83721339702606201  0.0005224726046435535,  0.26721668243408203 -0.029049457982182503  0.053414750844240189 -0.029049457982182503    0.2182338684797287   0.05073016881942749  0.053414750844240189   0.05073016881942749   0.18834996223449707,     1.2191935359435746    -0.12874961630515713      2.4455430947298851      0.2571896069625268  -0.0087104181902830646     -0.2587592467380162 -1.1613792594289407e-05,0.082846939563751221
IIWA_7,1715793924.29725,0.063827202890485019   1.0201164586722222   0.3174789555545996  -1.5601886099366029  -1.4909096753015716  -1.1325276493128766  -1.0590060473807803,   0.41971412871762631   -0.11216598064303911   -0.48140080156696552   0.029140072916205143    0.16262962869696823   -0.09059449523356404 -0.0082562351609418438,  15.618837558746337   60.391763160705565  -2.3673281288146972   -15.22256254196167  -1.1119135093688965   2.0922892723083497 -0.11347557067871093,  -20.493883202632222 -0.058319243032633805    -2.772894920780864 -0.057465912829305126   -2.2905981057562186   -1.2105049430441128    1.0204943238017301,0.54946988821029663 0.38961485028266907 0.21348807215690613,-0.72817844152450562 0.016402339562773705   -0.030257573351264  0.68452292680740356,-0.017549909651279449  0.084216803312301636 -0.046046383678913116,-0.0029327347874641418    0.83721339702606201  0.0005224726046435535,  0.26715385913848877 -0.028919573873281479  0.053513307124376297 -0.028919573873281479   0.21840699017047882  0.050632111728191376  0.053513307124376297  0.050632111728191376    0.1882428377866745,     1.2118176349575904    -0.13213553442703585      2.4350743065983949     0.26060916394321509  -0.0068718355548114118    -0.25826549119667419 -1.1783665598841253e-05,0.068799100816249847
IIWA_7,1715793924.3022163,0.065046717562312562   1.0195442118980509  0.31517438910359508  -1.5601596081276718  -1.4910480212681918   -1.134055518175888  -1.0590017930316455,   0.38455188984720279   -0.11262265548128475    -0.4773032992937532   0.024472130690206585    0.12456986429276609   -0.13359035070730613 -0.0064348141633631568,  16.167291446685791   60.489893390655517  -2.6622537231445311  -15.133644676208496  -1.4130017280578613   2.3856569976806639 -0.13617068481445313, -19.194505676140025  0.15345526886490668   -1.833763342748437 -0.14647233810212509  -2.2941287722872521  -1.1256598210803657   1.0801870582325253,0.54938310384750366 0.38950210809707642 0.21334484219551086,  -0.7284930944442749  0.015891062095761299 -0.030295275151729584   0.68419843912124634,-0.017331022769212723  0.062782660126686096 -0.042069531977176666,-0.0029327347874641418    0.83721339702606201  0.0005224726046435535,  0.26708114147186279 -0.028785789385437965  0.053621456027030945 -0.028785789385437965   0.21858787536621094  0.050519153475761414  0.053621456027030945  0.050519153475761414   0.18813660740852356,     1.2042150612483482    -0.13490727838672001      2.4238703535770512     0.26340318956741271  -0.0049085446631735863    -0.25755519978343244 -1.1919087938849771e-05,0.054657049477100372
IIWA_7,1715793924.3072207,0.06616616399964316  1.0189934768523257 0.31299703522936229 -1.5601485227780107 -1.4912797481093802  -1.135706764581889 -1.0589966997245559,  0.35241936937098617  -0.11212752621403684  -0.46893679440431418  0.020021118538609255  0.090386817786675289  -0.17292213680588514 -0.004944119047104803,   14.876811710357666    60.610875865936279    -2.588302230834961   -15.384551525115967   -1.1295210075378417    1.9888262519836426 -0.094451725006103521, -17.980875561019392  0.39943326712118843  -1.0014418930374331 -0.25596808181235925  -2.2936948542403854  -1.0253042353291399   1.1451163288883777, 0.5492979884147644 0.38931721448898315 0.21324075758457184, -0.72875839471817017   0.01532264705747366 -0.030319409444928169   0.68392777442932129,-0.017098097130656242  0.042755920439958572 -0.037353295832872391,-0.0029327347874641418    0.83721339702606201  0.0005224726046435535,  0.26700139045715332 -0.028646316379308701  0.053735390305519104 -0.028646316379308701   0.21876835823059082   0.05039488896727562  0.053735390305519104   0.05039488896727562   0.18803685903549194,     1.1964026990192167    -0.13722081885969573      2.4122012013627625     0.26577624243451226  -0.0027389629355667466    -0.25641744631954566 -1.1978853464711392e-05,0.04178692027926445
IIWA_7,1715793924.3122253,0.06716558850763725  1.0184576620809602 0.31097733378305281 -1.5601491818579696 -1.4916250855874311 -1.1374782726818324 -1.0589895690728137,   0.32191247581655252   -0.11113461182584705   -0.45593749337583034   0.015990531632534152   0.058495955107305125   -0.20919803344244489 -0.0036700691679965591,  13.418300758361816   60.592056369781496  -3.7970569801330565  -15.470828266143799  -1.0159526443481446   2.2715139236450197 -0.13750569152832032, -17.002450556395623  0.65125988672158353 -0.36509535339179777 -0.34669277123947778  -2.2742285466326058 -0.90289266881424401   1.2079579275934771, 0.5491899847984314 0.38911262154579163 0.21317180991172791, -0.72898149490356445  0.014711604453623295 -0.030311685055494308   0.68370366096496582,-0.017851419746875763   0.02594616636633873 -0.032215222716331482,-0.0029327347874641418    0.83721339702606201  0.0005224726046435535,  0.26692181825637817 -0.028503157198429108  0.053847566246986389 -0.028503157198429108   0.21894122660160065  0.050268363207578659  0.053847566246986389  0.050268363207578659   0.18794365227222443,     1.1885430673759245    -0.13926316540224803      2.4005833999876103     0.26791463629205481 -0.00040074650708987747      -0.254908358474637 -1.1967616231345346e-05,0.031743139028549194
IIWA_7,1715793924.3172257,0.067997053982142619   1.0179331126463349  0.30903253379609114  -1.5601507997781863  -1.4921068514388529  -1.1393684845511949  -1.0589860936859408,   0.29078859963345677   -0.10988966684569049   -0.44254199417913131   0.012727708497359725   0.027526130028972529   -0.24296690152845377 -0.0027970398594791227,  10.784915546417237   60.670022853851322  -3.8287504768371581  -15.798327732086181  -1.1629752540588378   2.2534913330078123 -0.10813554382324218, -16.264272054777688  0.90595324558431978 0.069567766971307066 -0.41623946081390767  -2.2400566192579232 -0.75193227924155837   1.2649281996463944,0.54905307292938232 0.38890525698661804 0.21314007043838501, -0.72914910316467285  0.014067023992538452 -0.030261261388659477   0.68354076147079468,-0.019630918279290199  0.012389045208692551 -0.026661407202482224,-0.0029327347874641418    0.83721339702606201  0.0005224726046435535,  0.26684501767158508 -0.028355740010738373  0.053955111652612686 -0.028355740010738373      0.21910360455513  0.050141241401433945  0.053955111652612686  0.050141241401433945   0.18785734474658966,     1.1806420155400232    -0.14108667696444144      2.3891230239581063     0.26987218713969696   0.0020994143623553896    -0.25297761565479249 -1.1870207039521574e-05,0.024902364239096642
