RosTime,PositionForIiwa7,OrientationForIiwa7,PositionForIiwa14,OrientationForIiwa14
1715863845.4637096,0.57425189018249512 0.26620686054229736 0.32056096196174622,  0.4970109760761261 -0.50389611721038818 -0.49727350473403931  0.50178468227386475,0.57425189018249512 0.26620686054229736 0.32056096196174622,  0.4970109760761261 -0.50389611721038818 -0.49727350473403931  0.50178468227386475
1715863845.4686365,0.57425141334533691 0.26619863510131836 0.32055431604385376, 0.49697911739349365 -0.50388532876968384 -0.49727809429168701  0.50182247161865234,0.57425141334533691 0.26619863510131836 0.32055431604385376, 0.49697911739349365 -0.50388532876968384 -0.49727809429168701  0.50182247161865234
1715863845.4737139,0.57424813508987427 0.26619625091552734 0.32057026028633118, 0.49702271819114685 -0.50384914875030518 -0.49731960892677307  0.50177454948425293,0.57424813508987427 0.26619625091552734 0.32057026028633118, 0.49702271819114685 -0.50384914875030518 -0.49731960892677307  0.50177454948425293
1715863845.4787171,0.57429236173629761 0.26614901423454285 0.32058840990066528,  0.4969840943813324 -0.50383710861206055 -0.49738094210624695  0.50176405906677246,0.57429236173629761 0.26614901423454285 0.32058840990066528,  0.4969840943813324 -0.50383710861206055 -0.49738094210624695  0.50176405906677246
1715863845.4836738, 0.5742611289024353 0.26617076992988586 0.32063624262809753, 0.49698257446289062 -0.50385087728500366 -0.49734506011009216  0.50178730487823486, 0.5742611289024353 0.26617076992988586 0.32063624262809753, 0.49698257446289062 -0.50385087728500366 -0.49734506011009216  0.50178730487823486
1715863845.4887197,0.57423239946365356  0.2662365734577179 0.32060521841049194, 0.49694779515266418 -0.50395148992538452 -0.49724492430686951  0.50181996822357178,0.57423239946365356  0.2662365734577179 0.32060521841049194, 0.49694779515266418 -0.50395148992538452 -0.49724492430686951  0.50181996822357178
1715863845.493715,0.57425069808959961 0.26622176170349121 0.32058620452880859, 0.49708229303359985 -0.50369763374328613 -0.49733805656433105  0.50184935331344604,0.57425069808959961 0.26622176170349121 0.32058620452880859, 0.49708229303359985 -0.50369763374328613 -0.49733805656433105  0.50184935331344604
1715863845.4986033,0.57421821355819702 0.26631447672843933 0.32060295343399048, 0.49712643027305603 -0.50367099046707153 -0.49729147553443909  0.50187855958938599,0.57421821355819702 0.26631447672843933 0.32060295343399048, 0.49712643027305603 -0.50367099046707153 -0.49729147553443909  0.50187855958938599
1715863845.5037119,0.57418107986450195  0.2665027379989624  0.3205750584602356, 0.49714723229408264 -0.50376415252685547 -0.49705314636230469  0.50200045108795166,0.57418107986450195  0.2665027379989624  0.3205750584602356, 0.49714723229408264 -0.50376415252685547 -0.49705314636230469  0.50200045108795166
1715863845.5087187, 0.5742451548576355 0.26657935976982117 0.32056447863578796, 0.49724218249320984 -0.50376641750335693  -0.4970477819442749  0.50190949440002441, 0.5742451548576355 0.26657935976982117 0.32056447863578796, 0.49724218249320984 -0.50376641750335693  -0.4970477819442749  0.50190949440002441
1715863845.5136025, 0.5742652416229248 0.26662325859069824 0.32056176662445068, 0.49724578857421875 -0.50376951694488525 -0.49703133106231689  0.50191909074783325, 0.5742652416229248 0.26662325859069824 0.32056176662445068, 0.49724578857421875 -0.50376951694488525 -0.49703133106231689  0.50191909074783325
1715863845.5186031,0.57438129186630249 0.26662307977676392 0.32055589556694031, 0.49724391102790833 -0.50377410650253296  -0.4970402717590332  0.50190746784210205,0.57438129186630249 0.26662307977676392 0.32055589556694031, 0.49724391102790833 -0.50377410650253296  -0.4970402717590332  0.50190746784210205
1715863845.523628,0.57451117038726807 0.26662158966064453  0.3205592930316925, 0.49721035361289978 -0.50376373529434204 -0.49708884954452515   0.5019029974937439,0.57451117038726807 0.26662158966064453  0.3205592930316925, 0.49721035361289978 -0.50376373529434204 -0.49708884954452515   0.5019029974937439
1715863845.5286348,0.57464426755905151 0.26664641499519348 0.32055246829986572, 0.49716049432754517 -0.50378543138504028 -0.49712070822715759  0.50189906358718872,0.57464426755905151 0.26664641499519348 0.32055246829986572, 0.49716049432754517 -0.50378543138504028 -0.49712070822715759  0.50189906358718872
1715863845.5337327,0.57471781969070435 0.26672297716140747 0.32057362794876099, 0.49718067049980164 -0.50372600555419922  -0.4971223771572113  0.50193709135055542,0.57471781969070435 0.26672297716140747 0.32057362794876099, 0.49718067049980164 -0.50372600555419922  -0.4971223771572113  0.50193709135055542
1715863845.5387213,0.57476407289505005 0.26675513386726379 0.32058209180831909, 0.49718979001045227 -0.50373667478561401 -0.49707752466201782  0.50196176767349243,0.57476407289505005 0.26675513386726379 0.32058209180831909, 0.49718979001045227 -0.50373667478561401 -0.49707752466201782  0.50196176767349243
1715863845.5436006,0.57491117715835571 0.26683211326599121 0.32058277726173401, 0.49719300866127014 -0.50371092557907104 -0.49703249335289001  0.50202900171279907,0.57491117715835571 0.26683211326599121 0.32058277726173401, 0.49719300866127014 -0.50371092557907104 -0.49703249335289001  0.50202900171279907
1715863845.5486431,0.57496738433837891  0.2668355405330658 0.32057800889015198, 0.49721518158912659 -0.50364255905151367 -0.49705690145492554  0.50205147266387939,0.57496738433837891  0.2668355405330658 0.32057800889015198, 0.49721518158912659 -0.50364255905151367 -0.49705690145492554  0.50205147266387939
1715863845.5537162,0.57507836818695068 0.26684528589248657 0.32054987549781799, 0.49722173810005188 -0.50361770391464233 -0.49704861640930176  0.50207805633544922,0.57507836818695068 0.26684528589248657 0.32054987549781799, 0.49722173810005188 -0.50361770391464233 -0.49704861640930176  0.50207805633544922
1715863845.5585988,0.57537382841110229 0.26671913266181946 0.32027354836463928, 0.49725484848022461 -0.50321513414382935 -0.49736893177032471  0.50213176012039185,0.57537382841110229 0.26671913266181946 0.32027354836463928, 0.49725484848022461 -0.50321513414382935 -0.49736893177032471  0.50213176012039185
1715863845.5636036,0.57547706365585327 0.26675894856452942 0.32026189565658569,  0.4972514808177948 -0.50331592559814453 -0.49728929996490479   0.5021129846572876,0.57547706365585327 0.26675894856452942 0.32026189565658569,  0.4972514808177948 -0.50331592559814453 -0.49728929996490479   0.5021129846572876
1715863845.5686498,0.57556188106536865 0.26672247052192688 0.32030493021011353,   0.497243732213974  -0.5033113956451416 -0.49729403853416443   0.5021204948425293,0.57556188106536865 0.26672247052192688 0.32030493021011353,   0.497243732213974  -0.5033113956451416 -0.49729403853416443   0.5021204948425293
1715863845.5737178,0.57561391592025757 0.26672595739364624 0.32027289271354675, 0.49726301431655884 -0.50331276655197144 -0.49728158116340637  0.50211232900619507,0.57561391592025757 0.26672595739364624 0.32027289271354675, 0.49726301431655884 -0.50331276655197144 -0.49728158116340637  0.50211232900619507
1715863845.5786276,0.57571309804916382 0.26668331027030945 0.32026034593582153, 0.49730056524276733  -0.5032457709312439 -0.49728235602378845  0.50214153528213501,0.57571309804916382 0.26668331027030945 0.32026034593582153, 0.49730056524276733  -0.5032457709312439 -0.49728235602378845  0.50214153528213501
1715863845.5837202, 0.5758017897605896 0.26662108302116394   0.320280522108078, 0.49733603000640869 -0.50326210260391235 -0.49726352095603943  0.50210869312286377, 0.5758017897605896 0.26662108302116394   0.320280522108078, 0.49733603000640869 -0.50326210260391235 -0.49726352095603943  0.50210869312286377
1715863845.5886002,0.57583963871002197  0.2665972113609314 0.32026231288909912, 0.49732434749603271 -0.50324553251266479 -0.49728792905807495  0.50211268663406372,0.57583963871002197  0.2665972113609314 0.32026231288909912, 0.49732434749603271 -0.50324553251266479 -0.49728792905807495  0.50211268663406372
1715863845.5937312, 0.5758892297744751 0.26660165190696716 0.32021728157997131, 0.49733945727348328 -0.50321012735366821 -0.49727734923362732  0.50214368104934692, 0.5758892297744751 0.26660165190696716 0.32021728157997131, 0.49733945727348328 -0.50321012735366821 -0.49727734923362732  0.50214368104934692
1715863845.5986011,0.57592856884002686 0.26654466986656189 0.32024076581001282, 0.49735680222511292  -0.5031815767288208 -0.49731627106666565  0.50211650133132935,0.57592856884002686 0.26654466986656189 0.32024076581001282, 0.49735680222511292  -0.5031815767288208 -0.49731627106666565  0.50211650133132935
1715863845.6036,0.57593244314193726 0.26654049754142761 0.32027295231819153, 0.49736380577087402 -0.50316280126571655 -0.49727421998977661  0.50217008590698242,0.57593244314193726 0.26654049754142761 0.32027295231819153, 0.49736380577087402 -0.50316280126571655 -0.49727421998977661  0.50217008590698242
1715863845.6086667, 0.5759550929069519 0.26655623316764832 0.32023864984512329, 0.49735239148139954 -0.50315874814987183 -0.49729326367378235  0.50216662883758545, 0.5759550929069519 0.26655623316764832 0.32023864984512329, 0.49735239148139954 -0.50315874814987183 -0.49729326367378235  0.50216662883758545
1715863845.6137204,0.57593733072280884 0.26655292510986328 0.32026845216751099,  0.4973568320274353 -0.50315064191818237 -0.49725553393363953  0.50220763683319092,0.57593733072280884 0.26655292510986328 0.32026845216751099,  0.4973568320274353 -0.50315064191818237 -0.49725553393363953  0.50220763683319092
1715863845.618664,0.57593876123428345 0.26656889915466309 0.32026052474975586, 0.49736896157264709 -0.50315254926681519 -0.49723455309867859  0.50221449136734009,0.57593876123428345 0.26656889915466309 0.32026052474975586, 0.49736896157264709 -0.50315254926681519 -0.49723455309867859  0.50221449136734009
1715863845.6236503,0.57594627141952515 0.26657029986381531 0.32025957107543945, 0.49734213948249817 -0.50318741798400879 -0.49722850322723389  0.50221216678619385,0.57594627141952515 0.26657029986381531 0.32025957107543945, 0.49734213948249817 -0.50318741798400879 -0.49722850322723389  0.50221216678619385
1715863845.6286283, 0.5759434700012207 0.26659524440765381 0.32023990154266357, 0.49734249711036682 -0.50318688154220581 -0.49722093343734741  0.50221985578536987, 0.5759434700012207 0.26659524440765381 0.32023990154266357, 0.49734249711036682 -0.50318688154220581 -0.49722093343734741  0.50221985578536987
1715863845.6337206,0.57594269514083862 0.26659616827964783 0.32025247812271118, 0.49735400080680847 -0.50320369005203247 -0.49720624089241028  0.50220614671707153,0.57594269514083862 0.26659616827964783 0.32025247812271118, 0.49735400080680847 -0.50320369005203247 -0.49720624089241028  0.50220614671707153
1715863845.6386023, 0.5759660005569458 0.26661303639411926 0.32022500038146973, 0.49736493825912476 -0.50320267677307129 -0.49721315503120422  0.50218945741653442, 0.5759660005569458 0.26661303639411926 0.32022500038146973, 0.49736493825912476 -0.50320267677307129 -0.49721315503120422  0.50218945741653442
1715863845.6437194, 0.5759614109992981 0.26662164926528931 0.32025408744812012, 0.49740871787071228 -0.50321519374847412 -0.49717384576797485  0.50217247009277344, 0.5759614109992981 0.26662164926528931 0.32025408744812012, 0.49740871787071228 -0.50321519374847412 -0.49717384576797485  0.50217247009277344
1715863845.6487219,0.57597929239273071 0.26661479473114014  0.3202577531337738, 0.49735817313194275 -0.50322717428207397 -0.49719443917274475  0.50219017267227173,0.57597929239273071 0.26661479473114014  0.3202577531337738, 0.49735817313194275 -0.50322717428207397 -0.49719443917274475  0.50219017267227173
1715863845.6535945,0.57599258422851562 0.26662400364875793 0.32025766372680664,  0.4973854124546051 -0.50318753719329834 -0.49720609188079834  0.50219136476516724,0.57599258422851562 0.26662400364875793 0.32025766372680664,  0.4973854124546051 -0.50318753719329834 -0.49720609188079834  0.50219136476516724
1715863845.6586256,0.57600802183151245 0.26661774516105652 0.32025441527366638, 0.49742779135704041 -0.50317484140396118 -0.49721750617027283   0.5021507740020752,0.57600802183151245 0.26661774516105652 0.32025441527366638, 0.49742779135704041 -0.50317484140396118 -0.49721750617027283   0.5021507740020752
1715863845.6637189,0.57602107524871826 0.26662001013755798 0.32024890184402466,  0.4974081814289093 -0.50314569473266602 -0.49722066521644592  0.50219631195068359,0.57602107524871826 0.26662001013755798 0.32024890184402466,  0.4974081814289093 -0.50314569473266602 -0.49722066521644592  0.50219631195068359
1715863845.6687243,0.57616519927978516 0.26640591025352478 0.32011479139328003, 0.49737411737442017 -0.50305235385894775 -0.49740108847618103  0.50214487314224243,0.57616519927978516 0.26640591025352478 0.32011479139328003, 0.49737411737442017 -0.50305235385894775 -0.49740108847618103  0.50214487314224243
1715863845.6736262,0.57635122537612915 0.26611039042472839 0.31989467144012451, 0.49729406833648682 -0.50293874740600586 -0.49764999747276306  0.50209134817123413,0.57635122537612915 0.26611039042472839 0.31989467144012451, 0.49729406833648682 -0.50293874740600586 -0.49764999747276306  0.50209134817123413
1715863845.678642,0.57629752159118652 0.26617628335952759 0.31999224424362183,  0.4972730278968811  -0.5030597448348999 -0.49752399325370789  0.50211578607559204,0.57629752159118652 0.26617628335952759 0.31999224424362183,  0.4972730278968811  -0.5030597448348999 -0.49752399325370789  0.50211578607559204
1715863845.683661,0.57629317045211792 0.26617687940597534 0.32004579901695251, 0.49729081988334656 -0.50307589769363403 -0.49749526381492615  0.50211048126220703,0.57629317045211792 0.26617687940597534 0.32004579901695251, 0.49729081988334656 -0.50307589769363403 -0.49749526381492615  0.50211048126220703
1715863845.688602,0.57628297805786133 0.26620972156524658 0.32002952694892883, 0.49732294678688049  -0.5030633807182312 -0.49748414754867554  0.50210219621658325,0.57628297805786133 0.26620972156524658 0.32002952694892883, 0.49732294678688049  -0.5030633807182312 -0.49748414754867554  0.50210219621658325
1715863845.6936755,0.57632631063461304 0.26618796586990356 0.32000479102134705, 0.49731636047363281  -0.5030331015586853 -0.49750673770904541  0.50211668014526367,0.57632631063461304 0.26618796586990356 0.32000479102134705, 0.49731636047363281  -0.5030331015586853 -0.49750673770904541  0.50211668014526367
1715863845.6986392,0.57634282112121582 0.26620730757713318 0.32002642750740051,  0.4973376989364624 -0.50301647186279297 -0.49750494956970215  0.50211399793624878,0.57634282112121582 0.26620730757713318 0.32002642750740051,  0.4973376989364624 -0.50301647186279297 -0.49750494956970215  0.50211399793624878
1715863845.7036233,0.57639646530151367 0.26620668172836304 0.31998491287231445, 0.49729189276695251 -0.50300830602645874 -0.49753791093826294  0.50213491916656494,0.57639646530151367 0.26620668172836304 0.31998491287231445, 0.49729189276695251 -0.50300830602645874 -0.49753791093826294  0.50213491916656494
1715863845.7085803,0.57640337944030762 0.26620697975158691 0.32004046440124512, 0.49735870957374573 -0.50298804044723511 -0.49751713871955872   0.5021095871925354,0.57640337944030762 0.26620697975158691 0.32004046440124512, 0.49735870957374573 -0.50298804044723511 -0.49751713871955872   0.5021095871925354
1715863845.713604,0.57643324136734009  0.2662072479724884 0.32001003623008728, 0.49732151627540588 -0.50296401977539062 -0.49755573272705078  0.50213229656219482,0.57643324136734009  0.2662072479724884 0.32001003623008728, 0.49732151627540588 -0.50296401977539062 -0.49755573272705078  0.50213229656219482
1715863845.7186077,0.57645714282989502 0.26624640822410583  0.3200191855430603, 0.49735665321350098 -0.50298869609832764 -0.49749487638473511  0.50213301181793213,0.57645714282989502 0.26624640822410583  0.3200191855430603, 0.49735665321350098 -0.50298869609832764 -0.49749487638473511  0.50213301181793213
1715863845.7237215,0.57648384571075439 0.26620510220527649   0.320028156042099, 0.49733307957649231 -0.50296300649642944 -0.49753320217132568  0.50214415788650513,0.57648384571075439 0.26620510220527649   0.320028156042099, 0.49733307957649231 -0.50296300649642944 -0.49753320217132568  0.50214415788650513
1715863845.7286134,0.57652765512466431 0.26622310280799866 0.31996938586235046, 0.49731522798538208  -0.5029645562171936 -0.49751770496368408  0.50217562913894653,0.57652765512466431 0.26622310280799866 0.31996938586235046, 0.49731522798538208  -0.5029645562171936 -0.49751770496368408  0.50217562913894653
1715863845.7336297,0.57649916410446167 0.26622301340103149 0.32004037499427795,  0.4973456859588623  -0.5029594898223877 -0.49751365184783936  0.50215452909469604,0.57649916410446167 0.26622301340103149 0.32004037499427795,  0.4973456859588623  -0.5029594898223877 -0.49751365184783936  0.50215452909469604
1715863845.7386196,0.57652229070663452 0.26622024178504944 0.32001760601997375, 0.49734023213386536  -0.5029749870300293 -0.49750405550003052  0.50215393304824829,0.57652229070663452 0.26622024178504944 0.32001760601997375, 0.49734023213386536  -0.5029749870300293 -0.49750405550003052  0.50215393304824829
1715863845.7436514,0.57651299238204956 0.26621600985527039 0.32003438472747803, 0.49737229943275452 -0.50298219919204712 -0.49749058485031128   0.5021282434463501,0.57651299238204956 0.26621600985527039 0.32003438472747803, 0.49737229943275452 -0.50298219919204712 -0.49749058485031128   0.5021282434463501
1715863845.7486339,0.57651615142822266 0.26620972156524658 0.32004505395889282, 0.49737021327018738 -0.50296974182128906 -0.49751013517379761  0.50212341547012329,0.57651615142822266 0.26620972156524658 0.32004505395889282, 0.49737021327018738 -0.50296974182128906 -0.49751013517379761  0.50212341547012329
1715863845.7536364,0.57649910449981689 0.26625359058380127 0.32000488042831421, 0.49735191464424133 -0.50297558307647705 -0.49747812747955322   0.5021674633026123,0.57649910449981689 0.26625359058380127 0.32000488042831421, 0.49735191464424133 -0.50297558307647705 -0.49747812747955322   0.5021674633026123
1715863845.7587209,0.57648158073425293 0.26624628901481628 0.32003366947174072, 0.49737879633903503 -0.50298851728439331 -0.49743351340293884  0.50217205286026001,0.57648158073425293 0.26624628901481628 0.32003366947174072, 0.49737879633903503 -0.50298851728439331 -0.49743351340293884  0.50217205286026001
1715863845.7635994,0.57649397850036621 0.26625099778175354  0.3200172483921051, 0.49737304449081421 -0.50296694040298462 -0.49745109677314758  0.50218194723129272,0.57649397850036621 0.26625099778175354  0.3200172483921051, 0.49737304449081421 -0.50296694040298462 -0.49745109677314758  0.50218194723129272
1715863845.7687073,0.57647943496704102 0.26625093817710876 0.32006388902664185, 0.49738416075706482 -0.50300651788711548 -0.49746003746986389  0.50212240219116211,0.57647943496704102 0.26625093817710876 0.32006388902664185, 0.49738416075706482 -0.50300651788711548 -0.49746003746986389  0.50212240219116211
1715863845.7737219,0.57649290561676025 0.26624396443367004 0.32005506753921509, 0.49737125635147095 -0.50297582149505615 -0.49748334288597107  0.50214284658432007,0.57649290561676025 0.26624396443367004 0.32005506753921509, 0.49737125635147095 -0.50297582149505615 -0.49748334288597107  0.50214284658432007
1715863845.7785997,0.57652342319488525 0.26624152064323425 0.32003489136695862, 0.49736067652702332 -0.50296735763549805 -0.49750491976737976  0.50214046239852905,0.57652342319488525 0.26624152064323425 0.32003489136695862, 0.49736067652702332 -0.50296735763549805 -0.49750491976737976  0.50214046239852905
1715863845.7835994,0.57651019096374512 0.26622352004051208 0.32010030746459961,  0.4973696768283844 -0.50296616554260254 -0.49750852584838867   0.5021291971206665,0.57651019096374512 0.26622352004051208 0.32010030746459961,  0.4973696768283844 -0.50296616554260254 -0.49750852584838867   0.5021291971206665
1715863845.7885995,0.57651370763778687 0.26626995205879211 0.32005167007446289, 0.49736857414245605 -0.50296187400817871 -0.49749195575714111  0.50215095281600952,0.57651370763778687 0.26626995205879211 0.32005167007446289, 0.49736857414245605 -0.50296187400817871 -0.49749195575714111  0.50215095281600952
1715863845.7937188,0.57651025056838989 0.26627817749977112 0.32007977366447449,   0.497374027967453 -0.50293827056884766 -0.49748221039772034  0.50217890739440918,0.57651025056838989 0.26627817749977112 0.32007977366447449,   0.497374027967453 -0.50293827056884766 -0.49748221039772034  0.50217890739440918
1715863845.7986412,0.57652932405471802 0.26626405119895935 0.32003596425056458, 0.49735429883003235 -0.50292307138442993 -0.49751320481300354  0.50218290090560913,0.57652932405471802 0.26626405119895935 0.32003596425056458, 0.49735429883003235 -0.50292307138442993 -0.49751320481300354  0.50218290090560913
1715863845.8036678,0.57650423049926758 0.26625826954841614 0.32008275389671326, 0.49738693237304688 -0.50293886661529541 -0.49747875332832336  0.50216889381408691,0.57650423049926758 0.26625826954841614 0.32008275389671326, 0.49738693237304688 -0.50293886661529541 -0.49747875332832336  0.50216889381408691
1715863845.8086741,0.57651412487030029 0.26623338460922241 0.32006770372390747,0.49740582704544067 -0.5029146671295166 -0.4975089430809021 0.50214451551437378,0.57651412487030029 0.26623338460922241 0.32006770372390747,0.49740582704544067 -0.5029146671295166 -0.4975089430809021 0.50214451551437378
1715863845.8136311,0.57652002573013306 0.26622459292411804 0.32004630565643311, 0.49741983413696289   -0.502899169921875 -0.49750992655754089  0.50214517116546631,0.57652002573013306 0.26622459292411804 0.32004630565643311, 0.49741983413696289   -0.502899169921875 -0.49750992655754089  0.50214517116546631
1715863845.8186321,0.57648873329162598  0.2662220299243927 0.32008659839630127, 0.49747377634048462 -0.50288879871368408 -0.49752712249755859  0.50208514928817749,0.57648873329162598  0.2662220299243927 0.32008659839630127, 0.49747377634048462 -0.50288879871368408 -0.49752712249755859  0.50208514928817749
1715863845.8236153,0.57650363445281982 0.26621398329734802 0.32004863023757935, 0.49745866656303406 -0.50287973880767822 -0.49752941727638245  0.50210684537887573,0.57650363445281982 0.26621398329734802 0.32004863023757935, 0.49745866656303406 -0.50287973880767822 -0.49752941727638245  0.50210684537887573
1715863845.8286328,0.57647860050201416 0.26618391275405884 0.32012411952018738, 0.49748852849006653 -0.50290483236312866 -0.49751725792884827  0.50206422805786133,0.57647860050201416 0.26618391275405884 0.32012411952018738, 0.49748852849006653 -0.50290483236312866 -0.49751725792884827  0.50206422805786133
1715863845.8336027, 0.5764884352684021 0.26620090007781982  0.3200799822807312, 0.49747383594512939 -0.50288087129592896 -0.49753201007843018  0.50208812952041626, 0.5764884352684021 0.26620090007781982  0.3200799822807312, 0.49747383594512939 -0.50288087129592896 -0.49753201007843018  0.50208812952041626
1715863845.8386292,0.57648593187332153 0.26617085933685303 0.32009860873222351, 0.49747279286384583 -0.50288408994674683 -0.49753874540328979  0.50207924842834473,0.57648593187332153 0.26617085933685303 0.32009860873222351, 0.49747279286384583 -0.50288408994674683 -0.49753874540328979  0.50207924842834473
1715863845.8437219, 0.5764811635017395 0.26617074012756348 0.32010433077812195, 0.49747225642204285 -0.50287741422653198 -0.49753266572952271  0.50209254026412964, 0.5764811635017395 0.26617074012756348 0.32010433077812195, 0.49747225642204285 -0.50287741422653198 -0.49753266572952271  0.50209254026412964
1715863845.8485997, 0.5764886736869812 0.26617968082427979 0.32009270787239075, 0.49748578667640686 -0.50286358594894409 -0.49754691123962402   0.5020788311958313, 0.5764886736869812 0.26617968082427979 0.32009270787239075, 0.49748578667640686 -0.50286358594894409 -0.49754691123962402   0.5020788311958313
1715863845.8537252,0.57647991180419922  0.2661755383014679 0.32009297609329224, 0.49750977754592896 -0.50273263454437256 -0.49757727980613708  0.50215613842010498,0.57647991180419922  0.2661755383014679 0.32009297609329224, 0.49750977754592896 -0.50273263454437256 -0.49757727980613708  0.50215613842010498
1715863845.8585999,0.57653975486755371 0.26607364416122437 0.32004320621490479, 0.49744352698326111  -0.5028042197227478 -0.49758222699165344  0.50214517116546631,0.57653975486755371 0.26607364416122437 0.32004320621490479, 0.49744352698326111  -0.5028042197227478 -0.49758222699165344  0.50214517116546631
1715863845.8636529,0.57650297880172729 0.26622739434242249 0.32000604271888733, 0.49746331572532654 -0.50280743837356567  -0.4975048303604126  0.50219899415969849,0.57650297880172729 0.26622739434242249 0.32000604271888733, 0.49746331572532654 -0.50280743837356567  -0.4975048303604126  0.50219899415969849
1715863845.8686295,0.57641494274139404 0.26621255278587341 0.32018131017684937, 0.49760204553604126 -0.50282001495361328 -0.49744674563407898  0.50210654735565186,0.57641494274139404 0.26621255278587341 0.32018131017684937, 0.49760204553604126 -0.50282001495361328 -0.49744674563407898  0.50210654735565186
1715863845.8737218,0.57639116048812866 0.26622885465621948 0.32020619511604309, 0.49759867787361145 -0.50286751985549927 -0.49738797545433044   0.5021204948425293,0.57639116048812866 0.26622885465621948 0.32020619511604309, 0.49759867787361145 -0.50286751985549927 -0.49738797545433044   0.5021204948425293
1715863845.8786511,0.57640773057937622 0.26624953746795654 0.32016876339912415, 0.49754896759986877 -0.50295311212539673 -0.49732121825218201  0.50215017795562744,0.57640773057937622 0.26624953746795654 0.32016876339912415, 0.49754896759986877 -0.50295311212539673 -0.49732121825218201  0.50215017795562744
1715863845.8836017,0.57639384269714355 0.26621401309967041 0.32022044062614441, 0.49756583571434021 -0.50299715995788574 -0.49730682373046875  0.50210356712341309,0.57639384269714355 0.26621401309967041 0.32022044062614441, 0.49756583571434021 -0.50299715995788574 -0.49730682373046875  0.50210356712341309
1715863845.8886013, 0.5759129524230957 0.26713305711746216 0.32061958312988281,  0.4977952241897583 -0.50323611497879028  -0.4966292679309845  0.50230741500854492, 0.5759129524230957 0.26713305711746216 0.32061958312988281,  0.4977952241897583 -0.50323611497879028  -0.4966292679309845  0.50230741500854492
1715863845.8936069,0.57617062330245972  0.2666817307472229 0.32039341330528259, 0.49770718812942505 -0.50307869911193848 -0.49698147177696228  0.50220394134521484,0.57617062330245972  0.2666817307472229 0.32039341330528259, 0.49770718812942505 -0.50307869911193848 -0.49698147177696228  0.50220394134521484
1715863845.8986311,0.57620000839233398 0.26661989092826843 0.32037824392318726, 0.49769130349159241 -0.50304746627807617 -0.49702936410903931  0.50220358371734619,0.57620000839233398 0.26661989092826843 0.32037824392318726, 0.49769130349159241 -0.50304746627807617 -0.49702936410903931  0.50220358371734619
1715863845.9035583, 0.5760040283203125 0.26693573594093323 0.32058608531951904,  0.4977036714553833 -0.50336349010467529 -0.49666500091552734  0.50223511457443237, 0.5760040283203125 0.26693573594093323 0.32058608531951904,  0.4977036714553833 -0.50336349010467529 -0.49666500091552734  0.50223511457443237
1715863845.9086378,0.57601034641265869   0.266856849193573 0.32062289118766785, 0.49766966700553894 -0.50340896844863892 -0.49666371941566467  0.50222450494766235,0.57601034641265869   0.266856849193573 0.32062289118766785, 0.49766966700553894 -0.50340896844863892 -0.49666371941566467  0.50222450494766235
1715863845.9136252,0.57602488994598389 0.26686263084411621 0.32059630751609802, 0.49766451120376587 -0.50342720746994019 -0.49667194485664368  0.50220322608947754,0.57602488994598389 0.26686263084411621 0.32059630751609802, 0.49766451120376587 -0.50342720746994019 -0.49667194485664368  0.50220322608947754
1715863845.9187171,0.57584244012832642 0.26671493053436279 0.32091847062110901, 0.49747583270072937 -0.50356245040893555 -0.49690395593643188  0.50202500820159912,0.57584244012832642 0.26671493053436279 0.32091847062110901, 0.49747583270072937 -0.50356245040893555 -0.49690395593643188  0.50202500820159912
1715863845.9236753,0.57559293508529663 0.26683726906776428 0.32105541229248047, 0.49689933657646179 -0.50403434038162231 -0.49788922071456909  0.50114548206329346,0.57559293508529663 0.26683726906776428 0.32105541229248047, 0.49689933657646179 -0.50403434038162231 -0.49788922071456909  0.50114548206329346
1715863845.9286027, 0.5752636194229126 0.27013629674911499  0.3214145302772522,-0.49594700336456299  0.50512117147445679   0.4996216893196106 -0.49926680326461792, 0.5752636194229126 0.27013629674911499  0.3214145302772522,-0.49594700336456299  0.50512117147445679   0.4996216893196106 -0.49926680326461792
1715863845.9336293,0.57496863603591919 0.27721461653709412 0.32144314050674438,-0.49438279867172241  0.50673502683639526  0.50051957368850708 -0.49828246235847473,0.57496863603591919 0.27721461653709412 0.32144314050674438,-0.49438279867172241  0.50673502683639526  0.50051957368850708 -0.49828246235847473
1715863845.9387314, 0.5749281644821167 0.28155988454818726 0.32122263312339783,-0.49338465929031372  0.50777500867843628  0.50057661533355713 -0.49815583229064941, 0.5749281644821167 0.28155988454818726 0.32122263312339783,-0.49338465929031372  0.50777500867843628  0.50057661533355713 -0.49815583229064941
1715863845.9436252,0.57501959800720215 0.29035505652427673 0.32030928134918213,-0.49138915538787842   0.5104215145111084  0.50022578239440918 -0.49777576327323914,0.57501959800720215 0.29035505652427673 0.32030928134918213,-0.49138915538787842   0.5104215145111084  0.50022578239440918 -0.49777576327323914
1715863845.948601,0.57499212026596069  0.2985246479511261 0.32018375396728516, -0.4895283579826355  0.51245951652526855   0.5006406307220459 -0.49709773063659668,0.57499212026596069  0.2985246479511261 0.32018375396728516, -0.4895283579826355  0.51245951652526855   0.5006406307220459 -0.49709773063659668
1715863845.9535847,0.57510626316070557 0.30579525232315063 0.32021716237068176,-0.48753455281257629  0.51418972015380859  0.50129389762878418 -0.49661189317703247,0.57510626316070557 0.30579525232315063 0.32021716237068176,-0.48753455281257629  0.51418972015380859  0.50129389762878418 -0.49661189317703247
1715863845.9585996,0.57507824897766113 0.31255218386650085 0.32076045870780945,-0.48575294017791748  0.51570653915405273  0.50198233127593994 -0.49608930945396423,0.57507824897766113 0.31255218386650085 0.32076045870780945,-0.48575294017791748  0.51570653915405273  0.50198233127593994 -0.49608930945396423
1715863845.9635935,0.57515239715576172 0.31594684720039368 0.32090693712234497,-0.48483207821846008  0.51654863357543945  0.50232839584350586 -0.49576357007026672,0.57515239715576172 0.31594684720039368 0.32090693712234497,-0.48483207821846008  0.51654863357543945  0.50232839584350586 -0.49576357007026672
1715863845.9686112,0.57543683052062988 0.32619887590408325 0.32109680771827698,-0.48236140608787537  0.51863181591033936  0.50364649295806885 -0.49466019868850708,0.57543683052062988 0.32619887590408325 0.32109680771827698,-0.48236140608787537  0.51863181591033936  0.50364649295806885 -0.49466019868850708
1715863845.9736314,0.57552158832550049 0.32960495352745056 0.32108241319656372,-0.48168900609016418   0.5190010666847229   0.5044482946395874  -0.4941108226776123,0.57552158832550049 0.32960495352745056 0.32108241319656372,-0.48168900609016418   0.5190010666847229   0.5044482946395874  -0.4941108226776123
1715863845.9785945,0.57564175128936768 0.33624869585037231 0.32101207971572876,-0.48066228628158569  0.51956909894943237  0.50612145662307739 -0.49280092120170593,0.57564175128936768 0.33624869585037231 0.32101207971572876,-0.48066228628158569  0.51956909894943237  0.50612145662307739 -0.49280092120170593
1715863845.9835949,0.57574260234832764 0.34279108047485352 0.32066944241523743,-0.47991979122161865  0.52006542682647705  0.50802314281463623  -0.4910411536693573,0.57574260234832764 0.34279108047485352 0.32066944241523743,-0.47991979122161865  0.52006542682647705  0.50802314281463623  -0.4910411536693573
1715863845.9886205,0.57581996917724609 0.34590828418731689 0.32042887806892395,-0.47957220673561096  0.52008765935897827  0.50922966003417969 -0.49010658264160156,0.57581996917724609 0.34590828418731689 0.32042887806892395,-0.47957220673561096  0.52008765935897827  0.50922966003417969 -0.49010658264160156
1715863845.9936163,0.57601815462112427 0.35492685437202454 0.32003724575042725,-0.47920176386833191  0.52043205499649048  0.51269960403442383 -0.48647227883338928,0.57601815462112427 0.35492685437202454 0.32003724575042725,-0.47920176386833191  0.52043205499649048  0.51269960403442383 -0.48647227883338928
1715863845.9985912,0.57605636119842529 0.35792207717895508 0.31980535387992859,-0.47914397716522217  0.52070605754852295  0.51357614994049072 -0.48531001806259155,0.57605636119842529 0.35792207717895508 0.31980535387992859,-0.47914397716522217  0.52070605754852295  0.51357614994049072 -0.48531001806259155
1715863846.0036523,0.57603055238723755 0.36396646499633789 0.31958889961242676,  -0.478973388671875  0.52128565311431885  0.51557528972625732 -0.48272961378097534,0.57603055238723755 0.36396646499633789 0.31958889961242676,  -0.478973388671875  0.52128565311431885  0.51557528972625732 -0.48272961378097534
1715863846.0086174,0.57580232620239258 0.37033623456954956 0.31969720125198364,-0.47856506705284119  0.52199798822402954   0.5169873833656311  -0.4808509349822998,0.57580232620239258 0.37033623456954956 0.31969720125198364,-0.47856506705284119  0.52199798822402954   0.5169873833656311  -0.4808509349822998
1715863846.0136192,0.57562869787216187 0.37374529242515564  0.3197496235370636, -0.4781736433506012  0.52256464958190918  0.51745998859405518 -0.48011592030525208,0.57562869787216187 0.37374529242515564  0.3197496235370636, -0.4781736433506012  0.52256464958190918  0.51745998859405518 -0.48011592030525208
1715863846.0186777,0.57524442672729492 0.38405773043632507 0.31992053985595703,-0.47638550400733948   0.5246959924697876  0.51839053630828857 -0.47856265306472778,0.57524442672729492 0.38405773043632507 0.31992053985595703,-0.47638550400733948   0.5246959924697876  0.51839053630828857 -0.47856265306472778
1715863846.0236576,0.57519996166229248 0.38751447200775146 0.31988123059272766,-0.47562086582183838  0.52557843923568726  0.51854425668716431   -0.478188157081604,0.57519996166229248 0.38751447200775146 0.31988123059272766,-0.47562086582183838  0.52557843923568726  0.51854425668716431   -0.478188157081604
1715863846.028652,0.57523119449615479 0.39430534839630127 0.31978189945220947,-0.47396975755691528  0.52675068378448486  0.51942318677902222 -0.47758343815803528,0.57523119449615479 0.39430534839630127 0.31978189945220947,-0.47396975755691528  0.52675068378448486  0.51942318677902222 -0.47758343815803528
1715863846.03369,0.57536506652832031 0.40098065137863159 0.31966736912727356,-0.47217950224876404  0.52800041437149048  0.52020770311355591 -0.47712269425392151,0.57536506652832031 0.40098065137863159 0.31966736912727356,-0.47217950224876404  0.52800041437149048  0.52020770311355591 -0.47712269425392151
1715863846.0385921,0.57544869184494019 0.40426692366600037  0.3195585310459137,-0.47129449248313904  0.52851700782775879  0.52069127559661865 -0.47689816355705261,0.57544869184494019 0.40426692366600037  0.3195585310459137,-0.47129449248313904  0.52851700782775879  0.52069127559661865 -0.47689816355705261
1715863846.043597,0.57565969228744507 0.41071489453315735  0.3196551501750946, -0.4694209098815918  0.53008663654327393  0.52137458324432373 -0.47625699639320374,0.57565969228744507 0.41071489453315735  0.3196551501750946, -0.4694209098815918  0.53008663654327393  0.52137458324432373 -0.47625699639320374
1715863846.0485914,0.57579988241195679 0.41714295744895935 0.31966400146484375,-0.46802610158920288  0.53111380338668823  0.52245038747787476  -0.4753054678440094,0.57579988241195679 0.41714295744895935 0.31966400146484375,-0.46802610158920288  0.53111380338668823  0.52245038747787476  -0.4753054678440094
1715863846.0536382,0.57574707269668579 0.42347192764282227 0.31964334845542908,  -0.466837078332901  0.53194123506546021  0.52372145652770996 -0.47414925694465637,0.57574707269668579 0.42347192764282227 0.31964334845542908,  -0.466837078332901  0.53194123506546021  0.52372145652770996 -0.47414925694465637
1715863846.0585921,0.57554894685745239 0.42974728345870972 0.31967753171920776,-0.46594664454460144  0.53283429145812988  0.52486991882324219 -0.47275036573410034,0.57554894685745239 0.42974728345870972 0.31967753171920776,-0.46594664454460144  0.53283429145812988  0.52486991882324219 -0.47275036573410034
1715863846.0636184,0.57543849945068359 0.43287444114685059 0.31968864798545837,-0.46544381976127625  0.53342360258102417  0.52537029981613159 -0.47202476859092712,0.57543849945068359 0.43287444114685059 0.31968864798545837,-0.46544381976127625  0.53342360258102417  0.52537029981613159 -0.47202476859092712
1715863846.0686998,0.57503169775009155 0.44202691316604614 0.31967222690582275,-0.46427246928215027  0.53500032424926758  0.52692931890487671 -0.46965008974075317,0.57503169775009155 0.44202691316604614 0.31967222690582275,-0.46427246928215027  0.53500032424926758  0.52692931890487671 -0.46965008974075317
1715863846.0737147,0.57492166757583618 0.44499137997627258 0.31967005133628845,-0.46389079093933105  0.53546136617660522  0.52752155065536499 -0.46883630752563477,0.57492166757583618 0.44499137997627258 0.31967005133628845,-0.46389079093933105  0.53546136617660522  0.52752155065536499 -0.46883630752563477
1715863846.0786755,0.57479798793792725 0.45083239674568176 0.31957915425300598,-0.46309849619865417  0.53610408306121826  0.52889382839202881 -0.46733659505844116,0.57479798793792725 0.45083239674568176 0.31957915425300598,-0.46309849619865417  0.53610408306121826  0.52889382839202881 -0.46733659505844116
1715863846.0836318,0.57482928037643433 0.45655429363250732  0.3194364607334137,-0.46220636367797852  0.53710687160491943  0.52998369932174683 -0.46583130955696106,0.57482928037643433 0.45655429363250732  0.3194364607334137,-0.46220636367797852  0.53710687160491943  0.52998369932174683 -0.46583130955696106
1715863846.0886531,0.57486653327941895 0.45938462018966675 0.31938979029655457,-0.46168819069862366  0.53747951984405518  0.53074401617050171 -0.46504896879196167,0.57486653327941895 0.45938462018966675 0.31938979029655457,-0.46168819069862366  0.53747951984405518  0.53074401617050171 -0.46504896879196167
1715863846.0936246,0.57493919134140015 0.46799555420875549 0.31929314136505127,-0.45979955792427063  0.53903478384017944  0.53223955631256104 -0.46340790390968323,0.57493919134140015 0.46799555420875549 0.31929314136505127,-0.45979955792427063  0.53903478384017944  0.53223955631256104 -0.46340790390968323
1715863846.0987029,0.57493585348129272 0.47084030508995056  0.3193051815032959,-0.45914223790168762  0.53978139162063599   0.5324782133102417 -0.46291619539260864,0.57493585348129272 0.47084030508995056  0.3193051815032959,-0.45914223790168762  0.53978139162063599   0.5324782133102417 -0.46291619539260864
1715863846.103617,0.57496929168701172 0.47652348875999451 0.31936126947402954,-0.45756286382675171  0.54085850715637207  0.53345334529876709 -0.46209940314292908,0.57496929168701172 0.47652348875999451 0.31936126947402954,-0.45756286382675171  0.54085850715637207  0.53345334529876709 -0.46209940314292908
1715863846.1086147,0.57494360208511353 0.48218795657157898 0.31939676403999329,-0.45613908767700195  0.54176491498947144  0.53455716371536255 -0.46116867661476135,0.57494360208511353 0.48218795657157898 0.31939676403999329,-0.45613908767700195  0.54176491498947144  0.53455716371536255 -0.46116867661476135
1715863846.1135912,0.57487994432449341 0.48499727249145508 0.31938973069190979,-0.45548152923583984    0.542225182056427  0.53494328260421753 -0.46082979440689087,0.57487994432449341 0.48499727249145508 0.31938973069190979,-0.45548152923583984    0.542225182056427  0.53494328260421753 -0.46082979440689087
1715863846.1186991,0.57479369640350342 0.49046698212623596 0.31933563947677612,-0.45407640933990479  0.54342001676559448  0.53579425811767578 -0.45981931686401367,0.57479369640350342 0.49046698212623596 0.31933563947677612,-0.45407640933990479  0.54342001676559448  0.53579425811767578 -0.45981931686401367
1715863846.1236947,0.57468110322952271 0.49577531218528748 0.31929442286491394,-0.45291200280189514  0.54460322856903076  0.53645682334899902 -0.45879420638084412,0.57468110322952271 0.49577531218528748 0.31929442286491394,-0.45291200280189514  0.54460322856903076  0.53645682334899902 -0.45879420638084412
1715863846.128686,0.57459622621536255 0.50091499090194702 0.31922826170921326,-0.45194283127784729  0.54545474052429199  0.53751528263092041 -0.45749768614768982,0.57459622621536255 0.50091499090194702 0.31922826170921326,-0.45194283127784729  0.54545474052429199  0.53751528263092041 -0.45749768614768982
1715863846.1337085,0.57451397180557251  0.5059058666229248 0.31920397281646729,-0.45093345642089844  0.54636359214782715  0.53856885433197021 -0.45616823434829712,0.57451397180557251  0.5059058666229248 0.31920397281646729,-0.45093345642089844  0.54636359214782715  0.53856885433197021 -0.45616823434829712
1715863846.1386175,0.57448834180831909 0.50837522745132446 0.31915473937988281,-0.45035025477409363  0.54688900709152222   0.5390859842300415 -0.45550340414047241,0.57448834180831909 0.50837522745132446 0.31915473937988281,-0.45035025477409363  0.54688900709152222   0.5390859842300415 -0.45550340414047241
1715863846.1435912, 0.5744016170501709 0.51561981439590454 0.31907814741134644,-0.44899430871009827  0.54784053564071655  0.54099923372268677 -0.45342546701431274, 0.5744016170501709 0.51561981439590454 0.31907814741134644,-0.44899430871009827  0.54784053564071655  0.54099923372268677 -0.45342546701431274
1715863846.1486356,0.57436513900756836 0.51799511909484863 0.31902563571929932,-0.44837301969528198  0.54822063446044922  0.54172110557556152 -0.45271852612495422,0.57436513900756836 0.51799511909484863 0.31902563571929932,-0.44837301969528198  0.54822063446044922  0.54172110557556152 -0.45271852612495422
1715863846.1536155,0.57425963878631592 0.52279847860336304 0.31903499364852905,-0.44739320874214172  0.54938101768493652  0.54245668649673462 -0.45139849185943604,0.57425963878631592 0.52279847860336304 0.31903499364852905,-0.44739320874214172  0.54938101768493652  0.54245668649673462 -0.45139849185943604
1715863846.1721482,0.57396018505096436  0.5418580174446106 0.31867390871047974,-0.44253978133201599  0.55315548181533813  0.54624354839324951 -0.44698497653007507,0.57396018505096436  0.5418580174446106 0.31867390871047974,-0.44253978133201599  0.55315548181533813  0.54624354839324951 -0.44698497653007507
1715863846.1772044,0.57396018505096436  0.5418580174446106 0.31867390871047974,-0.44253978133201599  0.55315548181533813  0.54624354839324951 -0.44698497653007507,0.57396018505096436  0.5418580174446106 0.31867390871047974,-0.44253978133201599  0.55315548181533813  0.54624354839324951 -0.44698497653007507
1715863846.1822062,0.57391035556793213 0.54650789499282837 0.31862422823905945,-0.44124495983123779  0.55401378870010376  0.54725265502929688 -0.44596651196479797,0.57391035556793213 0.54650789499282837 0.31862422823905945,-0.44124495983123779  0.55401378870010376  0.54725265502929688 -0.44596651196479797
1715863846.1871836,0.57392227649688721  0.5510285496711731  0.3185737133026123,-0.43995395302772522  0.55511754751205444  0.54793155193328857 -0.44503486156463623,0.57392227649688721  0.5510285496711731  0.3185737133026123,-0.43995395302772522  0.55511754751205444  0.54793155193328857 -0.44503486156463623
1715863846.1922057,0.57391059398651123 0.55546855926513672 0.31847673654556274,-0.43867155909538269  0.55603992938995361  0.54893982410430908  -0.4439052939414978,0.57391059398651123 0.55546855926513672 0.31847673654556274,-0.43867155909538269  0.55603992938995361  0.54893982410430908  -0.4439052939414978
1715863846.1972296,0.57387453317642212 0.55763918161392212 0.31851893663406372,-0.43794003129005432  0.55669498443603516  0.54919195175170898 -0.44349455833435059, 0.5738484263420105 0.55981886386871338 0.31841641664505005,-0.43757247924804688  0.55697685480117798  0.54973244667053223  -0.4428333044052124
1715863846.2022064, 0.5738411545753479  0.5619351863861084 0.31837621331214905,-0.43696102499961853  0.55741000175476074  0.55025547742843628  -0.4422420859336853, 0.5738411545753479  0.5619351863861084 0.31837621331214905,-0.43696102499961853  0.55741000175476074  0.55025547742843628  -0.4422420859336853
1715863846.2071555, 0.5736967921257019 0.56617361307144165   0.318317711353302,-0.43584206700325012  0.55835777521133423  0.55121028423309326 -0.44095972180366516, 0.5736967921257019 0.56617361307144165   0.318317711353302,-0.43584206700325012  0.55835777521133423  0.55121028423309326 -0.44095972180366516
1715863846.2122054,0.57355427742004395 0.57033097743988037 0.31814074516296387,-0.43480786681175232  0.55904275178909302  0.55232083797454834 -0.43972158432006836,0.57355427742004395 0.57033097743988037 0.31814074516296387,-0.43480786681175232  0.55904275178909302  0.55232083797454834 -0.43972158432006836
1715863846.2172039,0.57348716259002686 0.57237905263900757 0.31810036301612854,-0.43422067165374756  0.55949008464813232  0.55276632308959961 -0.43917262554168701,0.57348716259002686 0.57237905263900757 0.31810036301612854,-0.43422067165374756  0.55949008464813232  0.55276632308959961 -0.43917262554168701
1715863846.2222457,0.57337629795074463 0.57642906904220581  0.3180687427520752,-0.4332427978515625 0.56042212247848511 0.55361217260360718 -0.4378826916217804,0.57337629795074463 0.57642906904220581  0.3180687427520752,-0.4332427978515625 0.56042212247848511 0.55361217260360718 -0.4378826916217804
1715863846.2272036,0.57306993007659912 0.58232402801513672 0.31832617521286011,-0.43158462643623352    0.561492919921875  0.55510532855987549  -0.4362550675868988,0.57306993007659912 0.58232402801513672 0.31832617521286011,-0.43158462643623352    0.561492919921875  0.55510532855987549  -0.4362550675868988
1715863846.2322087,0.57301968336105347 0.58423781394958496 0.31832596659660339,-0.43105286359786987  0.56224077939987183  0.55527365207672119 -0.43560293316841125,0.57301968336105347 0.58423781394958496 0.31832596659660339,-0.43105286359786987  0.56224077939987183  0.55527365207672119 -0.43560293316841125
1715863846.2372057, 0.5729832649230957 0.58808833360671997 0.31830891966819763,-0.42985597252845764  0.56314325332641602  0.55614185333251953  -0.4345109760761261, 0.5729832649230957 0.58808833360671997 0.31830891966819763,-0.42985597252845764  0.56314325332641602  0.55614185333251953  -0.4345109760761261
1715863846.242204,0.57287275791168213 0.59188055992126465 0.31834384799003601,-0.42870378494262695   0.5638619065284729  0.55720192193984985 -0.43335765600204468,0.57287275791168213 0.59188055992126465 0.31834384799003601,-0.42870378494262695   0.5638619065284729  0.55720192193984985 -0.43335765600204468
1715863846.2472036,0.57285022735595703 0.59370189905166626  0.3183167576789856,-0.42806106805801392  0.56456416845321655   0.5572928786277771 -0.43296152353286743,0.57285022735595703 0.59370189905166626  0.3183167576789856,-0.42806106805801392  0.56456416845321655   0.5572928786277771 -0.43296152353286743
1715863846.2522061,0.57274395227432251 0.59736114740371704 0.31823998689651489,-0.42685386538505554  0.56531631946563721  0.55836254358291626 -0.43179219961166382,0.57274395227432251 0.59736114740371704 0.31823998689651489,-0.42685386538505554  0.56531631946563721  0.55836254358291626 -0.43179219961166382
1715863846.2572048,0.57264328002929688 0.60092157125473022 0.31828314065933228,-0.42570570111274719  0.56619197130203247  0.55924546718597412 -0.43063417077064514,0.57264328002929688 0.60092157125473022 0.31828314065933228,-0.42570570111274719  0.56619197130203247  0.55924546718597412 -0.43063417077064514
1715863846.2622044,0.57256388664245605 0.60437244176864624 0.31823241710662842,-0.42479434609413147  0.56723195314407349  0.55979907512664795 -0.42944464087486267,0.57256388664245605 0.60437244176864624 0.31823241710662842,-0.42479434609413147  0.56723195314407349  0.55979907512664795 -0.42944464087486267
1715863846.2672048,0.57247686386108398  0.6077311635017395 0.31825676560401917,-0.42376726865768433   0.5677567720413208  0.56098198890686035 -0.42822042107582092,0.57247686386108398  0.6077311635017395 0.31825676560401917,-0.42376726865768433   0.5677567720413208  0.56098198890686035 -0.42822042107582092
1715863846.2722034, 0.5723646879196167  0.6094048023223877 0.31818661093711853,-0.42327395081520081    0.568184494972229  0.56141233444213867 -0.42757657170295715, 0.5723646879196167  0.6094048023223877 0.31818661093711853,-0.42327395081520081    0.568184494972229  0.56141233444213867 -0.42757657170295715
1715863846.2772062,0.57228857278823853 0.61264264583587646 0.31821542978286743,-0.42218580842018127   0.5691380500793457  0.56208765506744385 -0.42649561166763306,0.57228857278823853 0.61264264583587646 0.31821542978286743,-0.42218580842018127   0.5691380500793457  0.56208765506744385 -0.42649561166763306
1715863846.2822049,0.57218647003173828 0.61576718091964722 0.31822365522384644,-0.42106729745864868  0.57009130716323853  0.56292462348937988 -0.42522236704826355,0.57218647003173828 0.61576718091964722 0.31822365522384644,-0.42106729745864868  0.57009130716323853  0.56292462348937988 -0.42522236704826355
1715863846.2872052,0.57205677032470703 0.61887556314468384 0.31818640232086182,-0.42008358240127563  0.57064777612686157  0.56383782625198364 -0.42423787713050842,0.57205677032470703 0.61887556314468384 0.31818640232086182,-0.42008358240127563  0.57064777612686157  0.56383782625198364 -0.42423787713050842
1715863846.2922046,0.57188713550567627 0.62197220325469971  0.3181871771812439,-0.4188484251499176 0.57140785455703735 0.56475740671157837 -0.4232117235660553,0.57188713550567627 0.62197220325469971  0.3181871771812439,-0.4188484251499176 0.57140785455703735 0.56475740671157837 -0.4232117235660553
1715863846.2972355,0.57186233997344971 0.62346720695495605 0.31815749406814575,-0.41849026083946228  0.57184171676635742  0.56505519151687622 -0.42258203029632568,0.57186233997344971 0.62346720695495605 0.31815749406814575,-0.41849026083946228  0.57184171676635742  0.56505519151687622 -0.42258203029632568
1715863846.3022039,0.57179749011993408 0.62643659114837646 0.31785669922828674,-0.41720449924468994  0.57292431592941284  0.56562161445617676  -0.4216282069683075,0.57179749011993408 0.62643659114837646 0.31785669922828674,-0.41720449924468994  0.57292431592941284  0.56562161445617676  -0.4216282069683075
1715863846.3072052,0.57167816162109375 0.62937438488006592  0.3178652822971344,-0.41625732183456421  0.57347017526626587  0.56660860776901245 -0.42049551010131836,0.57167816162109375 0.62937438488006592  0.3178652822971344,-0.41625732183456421  0.57347017526626587  0.56660860776901245 -0.42049551010131836
1715863846.3122041,0.57152283191680908 0.63222354650497437 0.31788718700408936,-0.41507947444915771  0.57426494359970093  0.56725615262985229 -0.41970136761665344,0.57152283191680908 0.63222354650497437 0.31788718700408936,-0.41507947444915771  0.57426494359970093  0.56725615262985229 -0.41970136761665344
1715863846.3172128,0.5713610053062439 0.6349683403968811 0.3182222843170166,-0.41408571600914001  0.57512944936752319  0.56798750162124634 -0.41850849986076355,0.5713610053062439 0.6349683403968811 0.3182222843170166,-0.41408571600914001  0.57512944936752319  0.56798750162124634 -0.41850849986076355
1715863846.3222048,0.57130056619644165 0.63631486892700195  0.3182012140750885,-0.41347160935401917  0.57549256086349487  0.56846767663955688 -0.41796416044235229,0.57130056619644165 0.63631486892700195  0.3182012140750885,-0.41347160935401917  0.57549256086349487  0.56846767663955688 -0.41796416044235229
1715863846.327203,0.57116061449050903 0.64028972387313843 0.31824451684951782,-0.41185829043388367  0.57656610012054443   0.5696980357170105 -0.41639932990074158,0.57116061449050903 0.64028972387313843 0.31824451684951782,-0.41185829043388367  0.57656610012054443   0.5696980357170105 -0.41639932990074158
1715863846.3322053,0.57109755277633667 0.64157223701477051 0.31824299693107605,-0.41153240203857422  0.57709980010986328  0.56988275051116943 -0.41572895646095276,0.57109755277633667 0.64157223701477051 0.31824299693107605,-0.41153240203857422  0.57709980010986328  0.56988275051116943 -0.41572895646095276
1715863846.3372049,0.57101035118103027 0.64409160614013672 0.31821969151496887,-0.41039729118347168  0.57776057720184326    0.570823073387146 -0.41464173793792725,0.57101035118103027 0.64409160614013672 0.31821969151496887,-0.41039729118347168  0.57776057720184326    0.570823073387146 -0.41464173793792725
1715863846.3422055,0.57084381580352783 0.64661616086959839 0.31824487447738647,-0.40942716598510742  0.57856488227844238  0.57147866487503052 -0.41357490420341492,0.57084381580352783 0.64661616086959839 0.31824487447738647,-0.40942716598510742  0.57856488227844238  0.57147866487503052 -0.41357490420341492
1715863846.347235,0.57080304622650146 0.64784461259841919 0.31824690103530884,-0.40907752513885498  0.57885432243347168  0.57200771570205688 -0.41278371214866638,0.57080304622650146 0.64784461259841919 0.31824690103530884,-0.40907752513885498  0.57885432243347168  0.57200771570205688 -0.41278371214866638
1715863846.3522038,0.57066315412521362 0.65023410320281982 0.31825774908065796,-0.40808472037315369  0.57969123125076294  0.57253062725067139 -0.41186603903770447,0.57066315412521362 0.65023410320281982 0.31825774908065796,-0.40808472037315369  0.57969123125076294  0.57253062725067139 -0.41186603903770447
1715863846.3572049,0.57058638334274292 0.65257167816162109 0.31827765703201294,-0.40693953633308411  0.58035033941268921  0.57340496778488159 -0.41085329651832581,0.57058638334274292 0.65257167816162109 0.31827765703201294,-0.40693953633308411  0.58035033941268921  0.57340496778488159 -0.41085329651832581
1715863846.3622036,0.57044851779937744 0.65478867292404175 0.31836959719657898,-0.40606668591499329   0.5809672474861145  0.57411962747573853 -0.40984582901000977,0.57044851779937744 0.65478867292404175 0.31836959719657898,-0.40606668591499329   0.5809672474861145  0.57411962747573853 -0.40984582901000977
1715863846.3672056,0.57032591104507446 0.65696686506271362 0.31838208436965942, -0.4050774872303009  0.58156168460845947  0.57489460706710815 -0.40889415144920349,0.57032591104507446 0.65696686506271362 0.31838208436965942, -0.4050774872303009  0.58156168460845947  0.57489460706710815 -0.40889415144920349
1715863846.3722029,0.57028257846832275 0.65802282094955444 0.31836923956871033,-0.40451845526695251  0.58200311660766602  0.57522177696228027 -0.40835902094841003,0.57020682096481323 0.65897470712661743 0.31856998801231384,-0.40384295582771301  0.58240127563476562  0.57555633783340454 -0.40798836946487427
1715863846.3772075,0.57015442848205566 0.66007339954376221 0.31836396455764771,-0.40352717041969299  0.58266228437423706  0.57589942216873169 -0.40744364261627197,0.57015442848205566 0.66007339954376221 0.31836396455764771,-0.40352717041969299  0.58266228437423706  0.57589942216873169 -0.40744364261627197
1715863846.3822043,0.57003581523895264 0.66197627782821655 0.31858062744140625,-0.40263131260871887  0.58331221342086792  0.57670116424560547 -0.40626430511474609,0.57003581523895264 0.66197627782821655 0.31858062744140625,-0.40263131260871887  0.58331221342086792  0.57670116424560547 -0.40626430511474609
1715863846.3872044,0.56994670629501343 0.66390722990036011 0.31851604580879211, -0.4016050398349762  0.58380299806594849  0.57743877172470093 -0.40552669763565063,0.56994670629501343 0.66390722990036011 0.31851604580879211, -0.4016050398349762  0.58380299806594849  0.57743877172470093 -0.40552669763565063
1715863846.3922343,0.56982135772705078 0.66575074195861816 0.31847217679023743,-0.40073302388191223  0.58467620611190796  0.57795423269271851 -0.40439543128013611,0.56982135772705078 0.66575074195861816 0.31847217679023743,-0.40073302388191223  0.58467620611190796  0.57795423269271851 -0.40439543128013611
1715863846.3972046,0.56974416971206665 0.66751158237457275 0.31844660639762878,-0.39988848567008972  0.58523327112197876  0.57876813411712646 -0.40326005220413208,0.56974416971206665 0.66751158237457275 0.31844660639762878,-0.39988848567008972  0.58523327112197876  0.57876813411712646 -0.40326005220413208
1715863846.402205,0.56966167688369751 0.66837239265441895 0.31845220923423767, -0.3994097113609314  0.58565181493759155  0.57897448539733887 -0.40283045172691345,0.56966167688369751 0.66837239265441895 0.31845220923423767, -0.3994097113609314  0.58565181493759155  0.57897448539733887 -0.40283045172691345
1715863846.4072049,0.56958425045013428  0.6700366735458374 0.31838765740394592,-0.39844581484794617  0.58632391691207886  0.57953000068664551 -0.40200769901275635,0.56958425045013428  0.6700366735458374 0.31838765740394592,-0.39844581484794617  0.58632391691207886  0.57953000068664551 -0.40200769901275635
1715863846.412204,0.56948012113571167 0.67159378528594971 0.31844010949134827,-0.39758419990539551  0.58698368072509766  0.58024442195892334  -0.4008658230304718,0.56948012113571167 0.67159378528594971 0.31844010949134827,-0.39758419990539551  0.58698368072509766  0.58024442195892334  -0.4008658230304718
1715863846.4172041,0.56932979822158813 0.67312902212142944 0.31843695044517517,-0.39658993482589722  0.58769738674163818  0.58063673973083496 -0.40023639798164368,0.56932979822158813 0.67312902212142944 0.31843695044517517,-0.39658993482589722  0.58769738674163818  0.58063673973083496 -0.40023639798164368
1715863846.4222047,0.56926065683364868 0.67456060647964478 0.31837424635887146,-0.39574858546257019    0.588034987449646  0.58151233196258545 -0.39930102229118347,0.56926065683364868 0.67456060647964478 0.31837424635887146,-0.39574858546257019    0.588034987449646  0.58151233196258545 -0.39930102229118347
1715863846.4272041,0.56922334432601929 0.67526131868362427  0.3183864951133728,-0.39524409174919128  0.58841216564178467  0.58185255527496338 -0.39874911308288574,0.56922334432601929 0.67526131868362427  0.3183864951133728,-0.39524409174919128  0.58841216564178467  0.58185255527496338 -0.39874911308288574
1715863846.432205,0.56908458471298218 0.67661947011947632 0.31837713718414307,-0.39432302117347717  0.58931183815002441  0.58216273784637451 -0.39787867665290833,0.56908458471298218 0.67661947011947632 0.31837713718414307,-0.39432302117347717  0.58931183815002441  0.58216273784637451 -0.39787867665290833
1715863846.4372299,0.56895154714584351 0.67792397737503052 0.31832060217857361,-0.39355701208114624  0.58949029445648193  0.58297979831695557 -0.39717581868171692,0.56895154714584351 0.67792397737503052 0.31832060217857361,-0.39355701208114624  0.58949029445648193  0.58297979831695557 -0.39717581868171692
1715863846.4422047,0.56885051727294922 0.67910975217819214 0.31836938858032227,-0.39275309443473816  0.59016221761703491  0.58351778984069824 -0.39618247747421265,0.56885051727294922 0.67910975217819214 0.31836938858032227,-0.39275309443473816  0.59016221761703491  0.58351778984069824 -0.39618247747421265
1715863846.4471869,0.56879138946533203 0.67974627017974854 0.31838145852088928,-0.39224472641944885  0.59050649404525757  0.58383339643478394 -0.39570784568786621,0.56879138946533203 0.67974627017974854 0.31838145852088928,-0.39224472641944885  0.59050649404525757  0.58383339643478394 -0.39570784568786621
1715863846.4522035,0.56871819496154785 0.68085616827011108 0.31839278340339661,-0.39128971099853516  0.59089994430541992  0.58453279733657837 -0.39503294229507446,0.56871819496154785 0.68085616827011108 0.31839278340339661,-0.39128971099853516  0.59089994430541992  0.58453279733657837 -0.39503294229507446
1715863846.4572053,0.56863552331924438 0.68191009759902954 0.31836250424385071,-0.39061036705970764   0.5916556715965271  0.58480751514434814 -0.39416658878326416,0.56863552331924438 0.68191009759902954 0.31836250424385071,-0.39061036705970764   0.5916556715965271  0.58480751514434814 -0.39416658878326416
1715863846.4622035,0.56851416826248169 0.68295478820800781 0.31834870576858521,-0.38982471823692322  0.59214699268341064   0.5854220986366272 -0.39329326152801514,0.56851416826248169 0.68295478820800781 0.31834870576858521,-0.38982471823692322  0.59214699268341064   0.5854220986366272 -0.39329326152801514
1715863846.4672341,0.56846344470977783  0.6838982105255127 0.31842634081840515,-0.38903337717056274  0.59261298179626465  0.58601301908493042 -0.39249411225318909,0.56846344470977783  0.6838982105255127 0.31842634081840515,-0.38903337717056274  0.59261298179626465  0.58601301908493042 -0.39249411225318909
1715863846.4722052,0.56841522455215454 0.68438893556594849 0.31836187839508057,-0.38853701949119568  0.59291493892669678  0.58625304698944092 -0.39217117428779602,0.56841522455215454 0.68438893556594849 0.31836187839508057,-0.38853701949119568  0.59291493892669678  0.58625304698944092 -0.39217117428779602
1715863846.477205,0.56832844018936157 0.68522638082504272 0.31841188669204712,-0.3879435658454895 0.59327411651611328  0.5868489146232605 -0.3913232684135437,0.56832844018936157 0.68522638082504272 0.31841188669204712,-0.3879435658454895 0.59327411651611328  0.5868489146232605 -0.3913232684135437
1715863846.4822037, 0.5682450532913208  0.6860472559928894 0.31849679350852966,-0.38721919059753418  0.59359633922576904   0.5874372124671936 -0.39066895842552185, 0.5682450532913208  0.6860472559928894 0.31849679350852966,-0.38721919059753418  0.59359633922576904   0.5874372124671936 -0.39066895842552185
1715863846.4872046,0.56818783283233643 0.68680542707443237 0.31849396228790283,-0.38647875189781189    0.594024658203125  0.58802175521850586 -0.38987088203430176,0.56818783283233643 0.68680542707443237 0.31849396228790283,-0.38647875189781189    0.594024658203125  0.58802175521850586 -0.38987088203430176
1715863846.492204,0.56801378726959229 0.68757480382919312 0.31845688819885254,-0.38577538728713989  0.59476900100708008  0.58816373348236084 -0.38921794295310974,0.56801378726959229 0.68757480382919312 0.31845688819885254,-0.38577538728713989  0.59476900100708008  0.58816373348236084 -0.38921794295310974
1715863846.4972031,0.56794339418411255 0.68824046850204468 0.31844484806060791,-0.38500353693962097  0.59533363580703735  0.58856707811355591 -0.38850858807563782,0.56794339418411255 0.68824046850204468 0.31844484806060791,-0.38500353693962097  0.59533363580703735  0.58856707811355591 -0.38850858807563782
1715863846.5022039,0.56788080930709839 0.68854004144668579 0.31847900152206421,-0.38479489088058472  0.59557139873504639  0.58875322341918945 -0.38806864619255066,0.56788080930709839 0.68854004144668579 0.31847900152206421,-0.38479489088058472  0.59557139873504639  0.58875322341918945 -0.38806864619255066
1715863846.5072033,0.56782031059265137 0.68911647796630859 0.31845629215240479,-0.38416105508804321  0.59586417675018311  0.58928674459457397 -0.38743677735328674,0.56782031059265137 0.68911647796630859 0.31845629215240479,-0.38416105508804321  0.59586417675018311  0.58928674459457397 -0.38743677735328674
1715863846.5122035,0.56777280569076538   0.689616858959198  0.3183940052986145,-0.38353133201599121  0.59619152545928955  0.58980840444564819 -0.38676273822784424,0.56777280569076538   0.689616858959198  0.3183940052986145,-0.38353133201599121  0.59619152545928955  0.58980840444564819 -0.38676273822784424
1715863846.5172055,0.56769686937332153 0.69007128477096558 0.31843084096908569,-0.38279616832733154  0.59649431705474854  0.59033083915710449 -0.38622680306434631,0.56769686937332153 0.69007128477096558 0.31843084096908569,-0.38279616832733154  0.59649431705474854  0.59033083915710449 -0.38622680306434631
1715863846.522233,0.56765544414520264   0.690460205078125 0.31838154792785645,-0.38236480951309204  0.59704536199569702  0.59052234888076782 -0.38550925254821777,0.56765544414520264   0.690460205078125 0.31838154792785645,-0.38236480951309204  0.59704536199569702  0.59052234888076782 -0.38550925254821777
1715863846.5272052,0.56763851642608643 0.69060158729553223 0.31840309500694275,-0.38208207488059998  0.59718704223632812   0.5907294750213623 -0.38525262475013733,0.56763851642608643 0.69060158729553223 0.31840309500694275,-0.38208207488059998  0.59718704223632812   0.5907294750213623 -0.38525262475013733
1715863846.5322046,0.56758278608322144 0.69090217351913452  0.3184027373790741,-0.38149023056030273  0.59758293628692627  0.59110355377197266 -0.38465109467506409,0.56758278608322144 0.69090217351913452  0.3184027373790741,-0.38149023056030273  0.59758293628692627  0.59110355377197266 -0.38465109467506409
1715863846.5372036,0.56752723455429077 0.69114571809768677 0.31837365031242371,-0.38099628686904907  0.59778779745101929  0.59152227640151978 -0.38417834043502808,0.56752723455429077 0.69114571809768677 0.31837365031242371,-0.38099628686904907  0.59778779745101929  0.59152227640151978 -0.38417834043502808
1715863846.5422053,0.56746631860733032 0.69131982326507568 0.31837812066078186,-0.38062497973442078  0.59805005788803101  0.59177964925765991 -0.38374161720275879,0.56746631860733032 0.69131982326507568 0.31837812066078186,-0.38062497973442078  0.59805005788803101  0.59177964925765991 -0.38374161720275879
1715863846.5472043,0.56752389669418335 0.69136810302734375 0.31853964924812317,-0.38025844097137451  0.59815335273742676  0.59226107597351074 -0.38320088386535645,0.56752389669418335 0.69136810302734375 0.31853964924812317,-0.38025844097137451  0.59815335273742676  0.59226107597351074 -0.38320088386535645
1715863846.5521574,0.56742310523986816 0.69149136543273926 0.31836506724357605,-0.38007768988609314   0.5983433723449707  0.59228110313415527 -0.38305255770683289,0.56742310523986816 0.69149136543273926 0.31836506724357605,-0.38007768988609314   0.5983433723449707  0.59228110313415527 -0.38305255770683289
1715863846.5572064,0.56736493110656738 0.69151723384857178 0.31839042901992798,-0.37987628579139709  0.59847193956375122   0.5924871563911438 -0.38273262977600098,0.56736493110656738 0.69151723384857178 0.31839042901992798,-0.37987628579139709  0.59847193956375122   0.5924871563911438 -0.38273262977600098
1715863846.5622051,0.56740283966064453 0.69147872924804688 0.31850072741508484,-0.37971168756484985  0.59842461347579956  0.59282910823822021 -0.38244041800498962,0.56740283966064453 0.69147872924804688 0.31850072741508484,-0.37971168756484985  0.59842461347579956  0.59282910823822021 -0.38244041800498962
1715863846.5672061,0.56729954481124878 0.69152867794036865 0.31841987371444702,-0.37960028648376465  0.59856277704238892  0.59287357330322266 -0.38226589560508728,0.56729954481124878 0.69152867794036865 0.31841987371444702,-0.37960028648376465  0.59856277704238892  0.59287357330322266 -0.38226589560508728
1715863846.5722044,0.56724834442138672 0.69154930114746094 0.31839862465858459,-0.37938269972801208  0.59858107566833496  0.59302961826324463  -0.3822111189365387,0.56724834442138672 0.69154930114746094 0.31839862465858459,-0.37938269972801208  0.59858107566833496  0.59302961826324463  -0.3822111189365387
1715863846.5772049,0.56735736131668091 0.69142752885818481 0.31856322288513184, -0.3795551061630249  0.59847003221511841  0.59314656257629395 -0.38203227519989014,0.56735736131668091 0.69142752885818481 0.31856322288513184, -0.3795551061630249  0.59847003221511841  0.59314656257629395 -0.38203227519989014
1715863846.5822039, 0.5673670768737793 0.69138836860656738 0.31851044297218323,-0.37956923246383667  0.59844571352005005  0.59318184852600098 -0.38200151920318604, 0.5673670768737793 0.69138836860656738 0.31851044297218323,-0.37956923246383667  0.59844571352005005  0.59318184852600098 -0.38200151920318604
1715863846.5872409,0.56739306449890137 0.69133704900741577 0.31851932406425476,-0.37959674000740051  0.59843462705612183  0.59318888187408447 -0.38198071718215942,0.56739306449890137 0.69133704900741577 0.31851932406425476,-0.37959674000740051  0.59843462705612183  0.59318888187408447 -0.38198071718215942
1715863846.5922041,0.56739646196365356 0.69131183624267578 0.31853479146957397,-0.37952429056167603  0.59842091798782349  0.59323734045028687 -0.38199892640113831,0.56739646196365356 0.69131183624267578 0.31853479146957397,-0.37952429056167603  0.59842091798782349  0.59323734045028687 -0.38199892640113831
1715863846.597239,0.56740134954452515 0.69127732515335083 0.31852239370346069,-0.37956905364990234  0.59844189882278442  0.59315592050552368 -0.38204795122146606,0.56740134954452515 0.69127732515335083 0.31852239370346069,-0.37956905364990234  0.59844189882278442  0.59315592050552368 -0.38204795122146606
1715863846.602206,0.56741535663604736 0.69125574827194214 0.31852403283119202,-0.37955963611602783  0.59840881824493408  0.59319186210632324 -0.38205337524414062,0.56741535663604736 0.69125574827194214 0.31852403283119202,-0.37955963611602783  0.59840881824493408  0.59319186210632324 -0.38205337524414062
1715863846.6072032,0.56740856170654297 0.69129413366317749 0.31848466396331787,-0.37955009937286377  0.59844052791595459  0.59315782785415649 -0.38206601142883301,0.56740856170654297 0.69129413366317749 0.31848466396331787,-0.37955009937286377  0.59844052791595459  0.59315782785415649 -0.38206601142883301
1715863846.612205, 0.5673065185546875 0.69143402576446533 0.31835657358169556,-0.37953919172286987  0.59847539663314819  0.59312933683395386 -0.38206645846366882, 0.5673065185546875 0.69143402576446533 0.31835657358169556,-0.37953919172286987  0.59847539663314819  0.59312933683395386 -0.38206645846366882
1715863846.6172428,0.56738829612731934 0.69132983684539795 0.31849813461303711,-0.37955343723297119  0.59839320182800293   0.5931817889213562 -0.38209962844848633,0.56738829612731934 0.69132983684539795 0.31849813461303711,-0.37955343723297119  0.59839320182800293   0.5931817889213562 -0.38209962844848633
1715863846.6222031,0.56736725568771362 0.69136059284210205 0.31850734353065491,-0.37954267859458923  0.59842467308044434  0.59314137697219849 -0.38212376832962036,0.56736725568771362 0.69136059284210205 0.31850734353065491,-0.37954267859458923  0.59842467308044434  0.59314137697219849 -0.38212376832962036
1715863846.6272459,0.56736773252487183 0.69139045476913452 0.31850561499595642,-0.37948107719421387  0.59846001863479614  0.59318667650222778 -0.38205927610397339,0.56736773252487183 0.69139045476913452 0.31850561499595642,-0.37948107719421387  0.59846001863479614  0.59318667650222778 -0.38205927610397339
1715863846.6322048,0.56729793548583984 0.69144463539123535 0.31836345791816711,-0.37954434752464294  0.59849756956100464   0.5930403470993042 -0.38216474652290344,0.56729793548583984 0.69144463539123535 0.31836345791816711,-0.37954434752464294  0.59849756956100464   0.5930403470993042 -0.38216474652290344
1715863846.6372051,0.56739312410354614 0.69132310152053833 0.31849876046180725, -0.3795265257358551   0.5984768271446228  0.59309887886047363 -0.38212412595748901,0.56739312410354614 0.69132310152053833 0.31849876046180725, -0.3795265257358551   0.5984768271446228  0.59309887886047363 -0.38212412595748901
1715863846.6422057,0.56732505559921265 0.69136255979537964 0.31839090585708618,-0.37957015633583069  0.59853291511535645  0.59302288293838501 -0.38211089372634888,0.56732505559921265 0.69136255979537964 0.31839090585708618,-0.37957015633583069  0.59853291511535645  0.59302288293838501 -0.38211089372634888
1715863846.6472037,0.56731456518173218 0.69134169816970825 0.31839710474014282,-0.37953582406044006  0.59850782155990601  0.59305936098098755 -0.38212764263153076,0.56731456518173218 0.69134169816970825 0.31839710474014282,-0.37953582406044006  0.59850782155990601  0.59305936098098755 -0.38212764263153076
1715863846.652204,0.56744849681854248 0.69135141372680664  0.3179599940776825,-0.37940505146980286  0.59861689805984497  0.59301406145095825 -0.38215690851211548,0.56744849681854248 0.69135141372680664  0.3179599940776825,-0.37940505146980286  0.59861689805984497  0.59301406145095825 -0.38215690851211548
1715863846.6572046,0.56746578216552734 0.69130945205688477 0.31794989109039307,-0.37942889332771301   0.5985560417175293  0.59304136037826538 -0.38218629360198975,0.56746578216552734 0.69130945205688477 0.31794989109039307,-0.37942889332771301   0.5985560417175293  0.59304136037826538 -0.38218629360198975
1715863846.6622088,0.56744837760925293 0.69131290912628174 0.31794023513793945,-0.37942788004875183  0.59857988357543945  0.59307825565338135 -0.38209262490272522,0.56744837760925293 0.69131290912628174 0.31794023513793945,-0.37942788004875183  0.59857988357543945  0.59307825565338135 -0.38209262490272522
1715863846.6672063,0.56742525100708008 0.69131374359130859 0.31798046827316284,-0.37946060299873352  0.59859168529510498    0.593048095703125 -0.38208845257759094,0.56742525100708008 0.69131374359130859 0.31798046827316284,-0.37946060299873352  0.59859168529510498    0.593048095703125 -0.38208845257759094
1715863846.672205,0.56738072633743286 0.69132804870605469 0.31803041696548462,-0.37951317429542542  0.59858548641204834  0.59303128719329834 -0.38207203149795532,0.56738072633743286 0.69132804870605469 0.31803041696548462,-0.37951317429542542  0.59858548641204834  0.59303128719329834 -0.38207203149795532
1715863846.6772099,0.56737023591995239 0.69130116701126099 0.31810694932937622,-0.37949487566947937  0.59860771894454956  0.59306478500366211 -0.38200345635414124,0.56737023591995239 0.69130116701126099 0.31810694932937622,-0.37949487566947937  0.59860771894454956  0.59306478500366211 -0.38200345635414124
1715863846.6821854,0.56734710931777954 0.69130760431289673  0.3181769847869873,-0.37952539324760437  0.59861087799072266   0.5930524468421936 -0.38198727369308472,0.56734710931777954 0.69130760431289673  0.3181769847869873,-0.37952539324760437  0.59861087799072266   0.5930524468421936 -0.38198727369308472
1715863846.6872051,0.56733322143554688 0.69131004810333252 0.31822192668914795,-0.37953966856002808  0.59861642122268677  0.59298503398895264 -0.38206908106803894,0.56733322143554688 0.69131004810333252 0.31822192668914795,-0.37953966856002808  0.59861642122268677  0.59298503398895264 -0.38206908106803894
1715863846.6922083,0.56731218099594116 0.69132298231124878 0.31825906038284302,-0.37956821918487549  0.59857374429702759  0.59301650524139404 -0.38205870985984802,0.56731218099594116 0.69132298231124878 0.31825906038284302,-0.37956821918487549  0.59857374429702759  0.59301650524139404 -0.38205870985984802
1715863846.6972075,0.56731486320495605 0.69132316112518311 0.31829985976219177,  -0.379599928855896  0.59855180978775024   0.5930171012878418 -0.38206061720848083,0.56731486320495605 0.69132316112518311 0.31829985976219177,  -0.379599928855896  0.59855180978775024   0.5930171012878418 -0.38206061720848083
1715863846.702208,0.56733709573745728 0.69132232666015625 0.31833207607269287,-0.37956801056861877  0.59856218099594116  0.59302043914794922 -0.38207095861434937,0.56733709573745728 0.69132232666015625 0.31833207607269287,-0.37956801056861877  0.59856218099594116  0.59302043914794922 -0.38207095861434937
1715863846.7072072, 0.5673832893371582 0.69130319356918335 0.31818518042564392, -0.3794797956943512  0.59858489036560059   0.5930209755897522 -0.38212209939956665, 0.5673832893371582 0.69130319356918335 0.31818518042564392, -0.3794797956943512  0.59858489036560059   0.5930209755897522 -0.38212209939956665
1715863846.7122083,0.56736409664154053 0.69130122661590576 0.31833124160766602,-0.37953975796699524  0.59855014085769653   0.5930401086807251 -0.38208726048469543,0.56736409664154053 0.69130122661590576 0.31833124160766602,-0.37953975796699524  0.59855014085769653   0.5930401086807251 -0.38208726048469543
1715863846.7172074,0.56739848852157593 0.69121462106704712 0.31861263513565063,-0.37959831953048706  0.59844082593917847  0.59315782785415649 -0.38201767206192017,0.56739848852157593 0.69121462106704712 0.31861263513565063,-0.37959831953048706  0.59844082593917847  0.59315782785415649 -0.38201767206192017
1715863846.7222307,0.56737744808197021 0.69122856855392456  0.3186798095703125,-0.37961101531982422   0.5984455943107605  0.59315866231918335  -0.3819962739944458,0.56737744808197021 0.69122856855392456  0.3186798095703125,-0.37961101531982422   0.5984455943107605  0.59315866231918335  -0.3819962739944458
1715863846.7272043,0.56737303733825684 0.69126123189926147 0.31871643662452698,-0.37961265444755554  0.59838813543319702  0.59326612949371338 -0.38191783428192139,0.56737303733825684 0.69126123189926147 0.31871643662452698,-0.37961265444755554  0.59838813543319702  0.59326612949371338 -0.38191783428192139
1715863846.7322047,0.56732606887817383 0.69128227233886719 0.31876218318939209,-0.37961322069168091  0.59836214780807495  0.59321725368499756 -0.38203385472297668,0.56732606887817383 0.69128227233886719 0.31876218318939209,-0.37961322069168091  0.59836214780807495  0.59321725368499756 -0.38203385472297668
1715863846.7372048,0.56730282306671143 0.69129782915115356  0.3187623918056488,-0.37962496280670166   0.5984950065612793  0.59315186738967896 -0.38191556930541992,0.56730282306671143 0.69129782915115356  0.3187623918056488,-0.37962496280670166   0.5984950065612793  0.59315186738967896 -0.38191556930541992
1715863846.7422037,0.56728667020797729 0.69128328561782837  0.3187946081161499,-0.37970858812332153   0.5984492301940918  0.59311014413833618 -0.38196894526481628,0.56728667020797729 0.69128328561782837  0.3187946081161499,-0.37970858812332153   0.5984492301940918  0.59311014413833618 -0.38196894526481628
1715863846.7472067,0.56728368997573853 0.69132846593856812 0.31879732012748718,-0.37966206669807434  0.59844070672988892  0.59317845106124878 -0.38192245364189148,0.56728368997573853 0.69132846593856812 0.31879732012748718,-0.37966206669807434  0.59844070672988892  0.59317845106124878 -0.38192245364189148
1715863846.7522051,0.56730186939239502 0.69127237796783447 0.31881257891654968,-0.37964010238647461  0.59832918643951416  0.59323740005493164 -0.38202741742134094,0.56730186939239502 0.69127237796783447 0.31881257891654968,-0.37964010238647461  0.59832918643951416  0.59323740005493164 -0.38202741742134094
1715863846.7572048,0.56732457876205444 0.69124937057495117 0.31879487633705139,-0.37964701652526855  0.59844857454299927  0.59313565492630005 -0.38199153542518616,0.56732457876205444 0.69124937057495117 0.31879487633705139,-0.37964701652526855  0.59844857454299927  0.59313565492630005 -0.38199153542518616
1715863846.7622061,0.56732785701751709 0.69124656915664673 0.31879472732543945,-0.37965527176856995  0.59843814373016357  0.59314644336700439 -0.38198292255401611,0.56732785701751709 0.69124656915664673 0.31879472732543945,-0.37965527176856995  0.59843814373016357  0.59314644336700439 -0.38198292255401611
1715863846.7671869,0.56724816560745239  0.6913256049156189 0.31866079568862915, -0.3796582818031311  0.59852737188339233  0.59303653240203857 -0.38201075792312622,0.56724816560745239  0.6913256049156189 0.31866079568862915, -0.3796582818031311  0.59852737188339233  0.59303653240203857 -0.38201075792312622
1715863846.7722054,0.56732338666915894 0.69123893976211548 0.31878411769866943, -0.3796592652797699  0.59842681884765625  0.59315651655197144 -0.38198107481002808,0.56732338666915894 0.69123893976211548 0.31878411769866943, -0.3796592652797699  0.59842681884765625  0.59315651655197144 -0.38198107481002808
1715863846.777271,0.56725561618804932 0.69130170345306396 0.31867301464080811,-0.37969353795051575   0.5985303521156311   0.5930371880531311 -0.38197001814842224,0.56725561618804932 0.69130170345306396 0.31867301464080811,-0.37969353795051575   0.5985303521156311   0.5930371880531311 -0.38197001814842224
1715863846.7822044,0.56724780797958374 0.69130760431289673 0.31865406036376953,-0.37968593835830688  0.59851384162902832  0.59304672479629517 -0.38198873400688171,0.56724780797958374 0.69130760431289673 0.31865406036376953,-0.37968593835830688  0.59851384162902832  0.59304672479629517 -0.38198873400688171
1715863846.7872064,0.56727159023284912 0.69128251075744629 0.31865808367729187, -0.3796921968460083   0.5985260009765625  0.59304255247116089 -0.38196983933448792,0.56727159023284912 0.69128251075744629 0.31865808367729187, -0.3796921968460083   0.5985260009765625  0.59304255247116089 -0.38196983933448792
1715863846.7922051,0.56722760200500488  0.6912996768951416 0.31866753101348877,-0.37968799471855164  0.59852129220962524  0.59305381774902344 -0.38196393847465515,0.56722760200500488  0.6912996768951416 0.31866753101348877,-0.37968799471855164  0.59852129220962524  0.59305381774902344 -0.38196393847465515
1715863846.7972152,0.56724667549133301 0.69127291440963745 0.31868433952331543,-0.37968665361404419  0.59854555130004883  0.59303492307662964 -0.38195660710334778,0.56724667549133301 0.69127291440963745 0.31868433952331543,-0.37968665361404419  0.59854555130004883  0.59303492307662964 -0.38195660710334778
1715863846.8022361,0.56724625825881958 0.69127178192138672 0.31866714358329773,-0.37966588139533997  0.59854614734649658   0.5930296778678894 -0.38198447227478027,0.56724625825881958 0.69127178192138672 0.31866714358329773,-0.37966588139533997  0.59854614734649658   0.5930296778678894 -0.38198447227478027
1715863846.8072062,0.56722909212112427 0.69126647710800171 0.31868219375610352,-0.37967729568481445  0.59859222173690796  0.59304565191268921 -0.38187617063522339,0.56722909212112427 0.69126647710800171 0.31868219375610352,-0.37967729568481445  0.59859222173690796  0.59304565191268921 -0.38187617063522339
1715863846.8121889,0.56719249486923218 0.69130516052246094 0.31865590810775757, -0.3796999454498291  0.59854143857955933  0.59305703639984131 -0.38191547989845276,0.56719249486923218 0.69130516052246094 0.31865590810775757, -0.3796999454498291  0.59854143857955933  0.59305703639984131 -0.38191547989845276
1715863846.8172376,0.56718432903289795 0.69128650426864624 0.31869125366210938,-0.37972742319107056  0.59853911399841309  0.59306323528289795 -0.38188216090202332,0.56718432903289795 0.69128650426864624 0.31869125366210938,-0.37972742319107056  0.59853911399841309  0.59306323528289795 -0.38188216090202332
1715863846.8222349,0.56722241640090942 0.69126236438751221 0.31867188215255737,-0.37966439127922058  0.59858053922653198  0.59304916858673096 -0.38190186023712158,0.56722241640090942 0.69126236438751221 0.31867188215255737,-0.37966439127922058  0.59858053922653198  0.59304916858673096 -0.38190186023712158
1715863846.827204,0.56719374656677246 0.69128942489624023 0.31866136193275452,-0.37969562411308289  0.59856051206588745  0.59304320812225342 -0.38191130757331848,0.56719374656677246 0.69128942489624023 0.31866136193275452,-0.37969562411308289  0.59856051206588745  0.59304320812225342 -0.38191130757331848
1715863846.8322031, 0.5671999454498291 0.69131088256835938 0.31867778301239014,-0.37972432374954224  0.59853935241699219  0.59306341409683228 -0.38188463449478149, 0.5671999454498291 0.69131088256835938 0.31867778301239014,-0.37972432374954224  0.59853935241699219  0.59306341409683228 -0.38188463449478149
1715863846.8372042,0.56727176904678345 0.69130414724349976  0.3184240460395813,  -0.379620760679245  0.59856551885604858  0.59301584959030151 -0.38202041387557983,0.56727176904678345 0.69130414724349976  0.3184240460395813,  -0.379620760679245  0.59856551885604858  0.59301584959030151 -0.38202041387557983
1715863846.8422029,0.56726473569869995 0.69131684303283691 0.31843984127044678,-0.37960797548294067  0.59859120845794678  0.59303414821624756 -0.38196441531181335,0.56726473569869995 0.69131684303283691 0.31843984127044678,-0.37960797548294067  0.59859120845794678  0.59303414821624756 -0.38196441531181335
1715863846.8472033,0.56731361150741577 0.69129234552383423 0.31843423843383789,-0.37957808375358582  0.59857529401779175  0.59303665161132812 -0.38201525807380676,0.56731361150741577 0.69129234552383423 0.31843423843383789,-0.37957808375358582  0.59857529401779175  0.59303665161132812 -0.38201525807380676
1715863846.8521883,0.56730788946151733 0.69131243228912354 0.31843578815460205,-0.37961483001708984  0.59856921434402466  0.59300011396408081 -0.38204500079154968,0.56730788946151733 0.69131243228912354 0.31843578815460205,-0.37961483001708984  0.59856921434402466  0.59300011396408081 -0.38204500079154968
1715863846.857204,0.56731373071670532 0.69132012128829956 0.31843554973602295,-0.37961551547050476  0.59855538606643677  0.59301739931106567 -0.38203907012939453,0.56731373071670532 0.69132012128829956 0.31843554973602295,-0.37961551547050476  0.59855538606643677  0.59301739931106567 -0.38203907012939453
1715863846.8622055,0.56732165813446045 0.69133204221725464 0.31842762231826782,-0.37959378957748413   0.5985826849937439  0.59299778938293457 -0.38204830884933472,0.56732165813446045 0.69133204221725464 0.31842762231826782,-0.37959378957748413   0.5985826849937439  0.59299778938293457 -0.38204830884933472
1715863846.8672042,0.56740450859069824 0.69127053022384644 0.31850764155387878,-0.37955355644226074  0.59850025177001953  0.59310734272003174 -0.38204741477966309,0.56740450859069824 0.69127053022384644 0.31850764155387878,-0.37955355644226074  0.59850025177001953  0.59310734272003174 -0.38204741477966309
1715863846.8722122,0.56737494468688965 0.69129818677902222 0.31850177049636841,-0.37955710291862488  0.59849578142166138  0.59309118986129761 -0.38207599520683289,0.56737494468688965 0.69129818677902222 0.31850177049636841,-0.37955710291862488  0.59849578142166138  0.59309118986129761 -0.38207599520683289
1715863846.8772078,0.56738770008087158 0.69129180908203125 0.31852719187736511,-0.37956500053405762  0.59850561618804932   0.5930941104888916 -0.38204824924468994,0.56738770008087158 0.69129180908203125 0.31852719187736511,-0.37956500053405762  0.59850561618804932   0.5930941104888916 -0.38204824924468994
1715863846.8822041,0.56739729642868042 0.69130581617355347 0.31849616765975952,-0.37952831387519836  0.59853559732437134  0.59306490421295166 -0.38208302855491638,0.56739729642868042 0.69130581617355347 0.31849616765975952,-0.37952831387519836  0.59853559732437134  0.59306490421295166 -0.38208302855491638
1715863846.8872037,0.56738829612731934 0.69129860401153564 0.31851291656494141,-0.37954768538475037    0.598491370677948  0.59309786558151245 -0.38208186626434326,0.56738829612731934 0.69129860401153564 0.31851291656494141,-0.37954768538475037    0.598491370677948  0.59309786558151245 -0.38208186626434326
1715863846.8922045,0.56739050149917603 0.69131839275360107 0.31848520040512085,-0.37954095005989075  0.59846961498260498  0.59310752153396606 -0.38210764527320862,0.56739050149917603 0.69131839275360107 0.31848520040512085,-0.37954095005989075  0.59846961498260498  0.59310752153396606 -0.38210764527320862
1715863846.8972063,0.56737226247787476 0.69131565093994141 0.31851205229759216,-0.37956845760345459  0.59847444295883179  0.59309828281402588  -0.3820871114730835,0.56737226247787476 0.69131565093994141 0.31851205229759216,-0.37956845760345459  0.59847444295883179  0.59309828281402588  -0.3820871114730835
1715863846.9022048,0.56726592779159546 0.69142216444015503 0.31841441988945007,-0.37957432866096497  0.59861111640930176  0.59298551082611084 -0.38204219937324524,0.56726592779159546 0.69142216444015503 0.31841441988945007,-0.37957432866096497  0.59861111640930176  0.59298551082611084 -0.38204219937324524
1715863846.9072053,0.56721431016921997  0.6914360523223877 0.31841737031936646, -0.3796270489692688  0.59854167699813843  0.59296733140945435 -0.38212680816650391,0.56721431016921997  0.6914360523223877 0.31841737031936646, -0.3796270489692688  0.59854167699813843  0.59296733140945435 -0.38212680816650391
1715863846.9122047,0.56712383031845093 0.69151812791824341 0.31844499707221985,-0.37968331575393677  0.59846711158752441  0.59297972917556763  -0.3821684718132019,0.56712383031845093 0.69151812791824341 0.31844499707221985,-0.37968331575393677  0.59846711158752441  0.59297972917556763  -0.3821684718132019
1715863846.9172046,0.56703835725784302 0.69159936904907227 0.31845894455909729,-0.37973883748054504  0.59840184450149536  0.59299314022064209 -0.38219475746154785,0.56703835725784302 0.69159936904907227 0.31845894455909729,-0.37973883748054504  0.59840184450149536  0.59299314022064209 -0.38219475746154785
1715863846.9222038,0.56755208969116211 0.69111382961273193 0.31838256120681763,-0.37947723269462585  0.59832978248596191  0.59328383207321167  -0.3821161687374115,0.56755208969116211 0.69111382961273193 0.31838256120681763,-0.37947723269462585  0.59832978248596191  0.59328383207321167  -0.3821161687374115
1715863846.9272277,0.56753748655319214 0.69113296270370483 0.31833899021148682,-0.37948393821716309  0.59836018085479736   0.5932503342628479 -0.38211396336555481,0.56753748655319214 0.69113296270370483 0.31833899021148682,-0.37948393821716309  0.59836018085479736   0.5932503342628479 -0.38211396336555481
1715863846.9322045,0.56752604246139526 0.69112884998321533 0.31836763024330139,-0.37950533628463745  0.59832137823104858  0.59327578544616699 -0.38211396336555481,0.56752604246139526 0.69112884998321533 0.31836763024330139,-0.37950533628463745  0.59832137823104858  0.59327578544616699 -0.38211396336555481
1715863846.9372041,0.56753021478652954  0.6911238431930542 0.31838107109069824,-0.37947955727577209  0.59834188222885132  0.59331643581390381 -0.38204434514045715,0.56753021478652954  0.6911238431930542 0.31838107109069824,-0.37947955727577209  0.59834188222885132  0.59331643581390381 -0.38204434514045715
1715863846.942225,0.56752246618270874  0.6911013126373291 0.31838905811309814, -0.3795216977596283  0.59831112623214722   0.5932842493057251 -0.38210064172744751,0.56752246618270874  0.6911013126373291 0.31838905811309814, -0.3795216977596283  0.59831112623214722   0.5932842493057251 -0.38210064172744751
1715863846.9472039,0.56754368543624878  0.6910855770111084 0.31836831569671631,-0.37946769595146179  0.59839558601379395   0.5932953953742981 -0.38200467824935913,0.56754368543624878  0.6910855770111084 0.31836831569671631,-0.37946769595146179  0.59839558601379395   0.5932953953742981 -0.38200467824935913
1715863846.952204,0.56752693653106689 0.69110280275344849 0.31837725639343262,-0.37950980663299561  0.59838616847991943  0.59329777956008911 -0.38197386264801025,0.56752693653106689 0.69110280275344849 0.31837725639343262,-0.37950980663299561  0.59838616847991943  0.59329777956008911 -0.38197386264801025
1715863846.9572051,0.56752908229827881 0.69109809398651123 0.31834885478019714,-0.37949585914611816  0.59838145971298218  0.59329509735107422 -0.38199928402900696,0.56752908229827881 0.69109809398651123 0.31834885478019714,-0.37949585914611816  0.59838145971298218  0.59329509735107422 -0.38199928402900696
1715863846.962203,0.56756550073623657  0.6911008358001709 0.31827652454376221,-0.37941527366638184  0.59844428300857544   0.5932738184928894  -0.3820139467716217,0.56756550073623657  0.6911008358001709 0.31827652454376221,-0.37941527366638184  0.59844428300857544   0.5932738184928894  -0.3820139467716217
1715863846.9672194,0.56755131483078003 0.69110798835754395 0.31831377744674683,-0.37940534949302673  0.59849315881729126  0.59323424100875854 -0.38200867176055908,0.56755131483078003 0.69110798835754395 0.31831377744674683,-0.37940534949302673  0.59849315881729126  0.59323424100875854 -0.38200867176055908
1715863846.9722042,0.56752908229827881 0.69113248586654663 0.31828287243843079,-0.37937277555465698  0.59860831499099731  0.59317421913146973 -0.38195383548736572,0.56752908229827881 0.69113248586654663 0.31828287243843079,-0.37937277555465698  0.59860831499099731  0.59317421913146973 -0.38195383548736572
1715863846.9772046,0.56756013631820679 0.69109469652175903 0.31831654906272888, -0.3793870210647583  0.59863287210464478  0.59313380718231201 -0.38196393847465515,0.56756013631820679 0.69109469652175903 0.31831654906272888, -0.3793870210647583  0.59863287210464478  0.59313380718231201 -0.38196393847465515
1715863846.9822044,0.56756347417831421 0.69109231233596802 0.31831920146942139, -0.3793698251247406  0.59859108924865723  0.59316110610961914 -0.38200405240058899,0.56756347417831421 0.69109231233596802 0.31831920146942139, -0.3793698251247406  0.59859108924865723  0.59316110610961914 -0.38200405240058899
1715863846.9872503,0.56754767894744873 0.69109922647476196 0.31831637024879456,-0.37932944297790527  0.59860730171203613  0.59314996004104614 -0.38203614950180054,0.56754767894744873 0.69109922647476196 0.31831637024879456,-0.37932944297790527  0.59860730171203613  0.59314996004104614 -0.38203614950180054
1715863846.9922056,0.56754988431930542  0.6910785436630249 0.31832441687583923,-0.37929558753967285  0.59861022233963013  0.59313315153121948 -0.38209119439125061,0.56754988431930542  0.6910785436630249 0.31832441687583923,-0.37929558753967285  0.59861022233963013  0.59313315153121948 -0.38209119439125061
1715863846.9972365,0.56754565238952637 0.69108819961547852 0.31834185123443604,-0.37940755486488342  0.59857028722763062  0.59313076734542847 -0.38204634189605713,0.56754565238952637 0.69108819961547852 0.31834185123443604,-0.37940755486488342  0.59857028722763062  0.59313076734542847 -0.38204634189605713
1715863847.0022073,0.56755119562149048 0.69109976291656494 0.31831634044647217,-0.37939885258674622  0.59858608245849609  0.59311312437057495 -0.38205766677856445,0.56755119562149048 0.69109976291656494 0.31831634044647217,-0.37939885258674622  0.59858608245849609  0.59311312437057495 -0.38205766677856445
1715863847.0071883,0.56752169132232666  0.6911158561706543 0.31832581758499146,-0.37938347458839417  0.59859949350357056  0.59310728311538696 -0.38206103444099426,0.56752169132232666  0.6911158561706543 0.31832581758499146,-0.37938347458839417  0.59859949350357056  0.59310728311538696 -0.38206103444099426
1715863847.0122101,0.56751328706741333  0.6911395788192749 0.31831017136573792,-0.37934994697570801  0.59863930940628052  0.59310352802276611 -0.38203772902488708,0.56751328706741333  0.6911395788192749 0.31831017136573792,-0.37934994697570801  0.59863930940628052  0.59310352802276611 -0.38203772902488708
1715863847.017205,0.56749892234802246 0.69115334749221802 0.31831631064414978,-0.37932306528091431   0.5986933708190918  0.59308212995529175 -0.38201290369033813,0.56749892234802246 0.69115334749221802 0.31831631064414978,-0.37932306528091431   0.5986933708190918  0.59308212995529175 -0.38201290369033813
1715863847.0222044,0.56756550073623657 0.69108492136001587 0.31849178671836853,-0.37925896048545837  0.59872657060623169  0.59314048290252686 -0.38193395733833313,0.56756550073623657 0.69108492136001587 0.31849178671836853,-0.37925896048545837  0.59872657060623169  0.59314048290252686 -0.38193395733833313
1715863847.0272043,0.56758517026901245 0.69110023975372314 0.31842640042304993,-0.37932911515235901  0.59859055280685425  0.59316456317901611 -0.38204002380371094,0.56758517026901245 0.69110023975372314 0.31842640042304993,-0.37932911515235901  0.59859055280685425  0.59316456317901611 -0.38204002380371094
1715863847.0322049,0.56753873825073242   0.691170334815979 0.31841015815734863,-0.37933731079101562  0.59861356019973755  0.59312540292739868 -0.38205662369728088,0.56753873825073242   0.691170334815979 0.31841015815734863,-0.37933731079101562  0.59861356019973755  0.59312540292739868 -0.38205662369728088
1715863847.037204,0.56745612621307373 0.69123101234436035 0.31846806406974792,-0.37938502430915833  0.59861475229263306  0.59309393167495728 -0.38205629587173462,0.56745612621307373 0.69123101234436035 0.31846806406974792,-0.37938502430915833  0.59861475229263306  0.59309393167495728 -0.38205629587173462
1715863847.0422044,0.56738722324371338 0.69129765033721924 0.31846317648887634,-0.37941208481788635   0.5986366868019104  0.59304523468017578  -0.3820706307888031,0.56738722324371338 0.69129765033721924 0.31846317648887634,-0.37941208481788635   0.5986366868019104  0.59304523468017578  -0.3820706307888031
1715863847.047204,0.56724143028259277 0.69144505262374878 0.31834319233894348,-0.37946450710296631  0.59870636463165283    0.592906653881073  -0.3821243941783905,0.56724143028259277 0.69144505262374878 0.31834319233894348,-0.37946450710296631  0.59870636463165283    0.592906653881073  -0.3821243941783905
1715863847.0522285,0.56719529628753662 0.69147348403930664 0.31850612163543701,-0.37951323390007019  0.59865635633468628   0.5929340124130249 -0.38211199641227722,0.56719529628753662 0.69147348403930664 0.31850612163543701,-0.37951323390007019  0.59865635633468628   0.5929340124130249 -0.38211199641227722
1715863847.057205, 0.5670735239982605 0.69158452749252319 0.31850779056549072,-0.37953728437423706  0.59869885444641113  0.59285980463027954 -0.38213661313056946, 0.5670735239982605 0.69158452749252319 0.31850779056549072,-0.37953728437423706  0.59869885444641113  0.59285980463027954 -0.38213661313056946
1715863847.0622053,0.56679123640060425 0.69180411100387573 0.31846654415130615,-0.37966024875640869    0.598807692527771  0.59264576435089111 -0.38217601180076599,0.56679123640060425 0.69180411100387573 0.31846654415130615,-0.37966024875640869    0.598807692527771  0.59264576435089111 -0.38217601180076599
1715863847.0672045,0.56670159101486206 0.69185149669647217 0.31849464774131775,-0.37967970967292786  0.59882771968841553  0.59259897470474243  -0.3821977972984314,0.56670159101486206 0.69185149669647217 0.31849464774131775,-0.37967970967292786  0.59882771968841553  0.59259897470474243  -0.3821977972984314
1715863847.0722051,0.56789451837539673 0.69070243835449219 0.31831666827201843,-0.37911772727966309  0.59869605302810669  0.59324747323989868 -0.38195580244064331,0.56789451837539673 0.69070243835449219 0.31831666827201843,-0.37911772727966309  0.59869605302810669  0.59324747323989868 -0.38195580244064331
1715863847.0772293,0.56788474321365356 0.69069170951843262 0.31831324100494385,-0.37912660837173462  0.59864932298660278  0.59328848123550415 -0.38195648789405823,0.56787574291229248 0.69066876173019409 0.31836152076721191,-0.37915381789207458  0.59862411022186279  0.59330528974533081  -0.3819429874420166
1715863847.0822337,0.56788140535354614  0.6906883716583252 0.31835630536079407,-0.37911257147789001  0.59864330291748047  0.59335064888000488 -0.38188332319259644,0.56788140535354614  0.6906883716583252 0.31835630536079407,-0.37911257147789001  0.59864330291748047  0.59335064888000488 -0.38188332319259644
1715863847.0872219,0.56788176298141479 0.69066083431243896   0.318378746509552,-0.37909704446792603  0.59887760877609253  0.59313106536865234 -0.38187247514724731,0.56788176298141479 0.69066083431243896   0.318378746509552,-0.37909704446792603  0.59887760877609253  0.59313106536865234 -0.38187247514724731
1715863847.0922043,0.56788879632949829 0.69067084789276123 0.31834211945533752,-0.37915125489234924  0.59868061542510986  0.59330540895462036 -0.38185673952102661,0.56788879632949829 0.69067084789276123 0.31834211945533752,-0.37915125489234924  0.59868061542510986  0.59330540895462036 -0.38185673952102661
1715863847.0972157,0.56789076328277588 0.69068604707717896 0.31833970546722412, -0.3791542649269104  0.59867280721664429  0.59331828355789185 -0.38184598088264465,0.56790411472320557 0.69066935777664185 0.31834113597869873,-0.37917813658714294  0.59867936372756958  0.59331017732620239 -0.38182458281517029
1715863847.1022294,0.56789183616638184 0.69074475765228271 0.31818848848342896,-0.37913331389427185   0.5987248420715332   0.5932466983795166 -0.38189640641212463,0.56789183616638184 0.69074475765228271 0.31818848848342896,-0.37913331389427185   0.5987248420715332   0.5932466983795166 -0.38189640641212463
1715863847.1072049,0.56788748502731323 0.69065582752227783 0.31839865446090698,-0.37916254997253418  0.59886246919631958  0.59316259622573853 -0.38178214430809021,0.56788748502731323 0.69065582752227783 0.31839865446090698,-0.37916254997253418  0.59886246919631958  0.59316259622573853 -0.38178214430809021
1715863847.1122057,0.56788462400436401 0.69068551063537598 0.31838330626487732,-0.37923702597618103  0.59863227605819702  0.59334081411361694 -0.38179230690002441,0.56788462400436401 0.69068551063537598 0.31838330626487732,-0.37923702597618103  0.59863227605819702  0.59334081411361694 -0.38179230690002441
1715863847.1172438,0.56788909435272217 0.69064688682556152  0.3184317946434021,-0.37920036911964417  0.59884184598922729  0.59316599369049072 -0.38177168369293213,0.56788909435272217 0.69064688682556152  0.3184317946434021,-0.37920036911964417  0.59884184598922729  0.59316599369049072 -0.38177168369293213
1715863847.1222298,0.56788539886474609 0.69068682193756104 0.31839048862457275,-0.37926593422889709  0.59857809543609619  0.59333324432373047 -0.38186028599739075,0.56788539886474609 0.69068682193756104 0.31839048862457275,-0.37926593422889709  0.59857809543609619  0.59333324432373047 -0.38186028599739075
1715863847.127203,0.56788378953933716 0.69069856405258179 0.31836643815040588, -0.3792475163936615  0.59860879182815552  0.59335595369338989 -0.38179507851600647,0.56788378953933716 0.69069856405258179 0.31836643815040588, -0.3792475163936615  0.59860879182815552  0.59335595369338989 -0.38179507851600647
1715863847.132206,0.56788748502731323 0.69069790840148926 0.31834995746612549,-0.37925055623054504  0.59856718778610229  0.59333544969558716 -0.38188925385475159,0.56788748502731323 0.69069790840148926 0.31834995746612549,-0.37925055623054504  0.59856718778610229  0.59333544969558716 -0.38188925385475159
1715863847.1372068,0.56790614128112793 0.69067293405532837 0.31836053729057312, -0.3792303204536438  0.59859251976013184  0.59333336353302002 -0.38187286257743835,0.56790614128112793 0.69067293405532837 0.31836053729057312, -0.3792303204536438  0.59859251976013184  0.59333336353302002 -0.38187286257743835
1715863847.1422307,0.56791269779205322 0.69067215919494629 0.31836357712745667,-0.37922319769859314  0.59862130880355835  0.59329885244369507 -0.38188847899436951,0.56791269779205322 0.69067215919494629 0.31836357712745667,-0.37922319769859314  0.59862130880355835  0.59329885244369507 -0.38188847899436951
1715863847.147229, 0.5678945779800415 0.69067502021789551 0.31840294599533081,-0.37920606136322021  0.59877127408981323  0.59317660331726074 -0.38186025619506836, 0.5678945779800415 0.69067502021789551 0.31840294599533081,-0.37920606136322021  0.59877127408981323  0.59317660331726074 -0.38186025619506836
1715863847.1522062, 0.5680040717124939 0.69058018922805786 0.31851407885551453,-0.37918806076049805   0.5986829400062561   0.5932997465133667 -0.38182529807090759, 0.5680040717124939 0.69058018922805786 0.31851407885551453,-0.37918806076049805   0.5986829400062561   0.5932997465133667 -0.38182529807090759
1715863847.157234, 0.5680079460144043 0.69058579206466675 0.31850570440292358,-0.37919807434082031  0.59858328104019165  0.59338462352752686 -0.38183969259262085, 0.5680079460144043 0.69058579206466675 0.31850570440292358,-0.37919807434082031  0.59858328104019165  0.59338462352752686 -0.38183969259262085
1715863847.1622338,0.56791305541992188 0.69068998098373413 0.31839314103126526,-0.37924519181251526  0.59856027364730835   0.5933414101600647 -0.38189613819122314,0.56791305541992188 0.69068998098373413 0.31839314103126526,-0.37924519181251526  0.59856027364730835   0.5933414101600647 -0.38189613819122314
1715863847.1672072,0.56798690557479858 0.69072502851486206  0.3181939423084259,-0.37913089990615845  0.59864628314971924   0.5932660698890686 -0.38199180364608765,0.56798690557479858 0.69072502851486206  0.3181939423084259,-0.37913089990615845  0.59864628314971924   0.5932660698890686 -0.38199180364608765
1715863847.172188,0.56799113750457764 0.69074398279190063 0.31814688444137573,  -0.379131019115448  0.59856903553009033   0.5933336615562439 -0.38200777769088745,0.56799113750457764 0.69074398279190063 0.31814688444137573,  -0.379131019115448  0.59856903553009033   0.5933336615562439 -0.38200777769088745
1715863847.1772037,0.56809884309768677 0.69068014621734619 0.31815919280052185,-0.37914535403251648  0.59836280345916748  0.59355759620666504 -0.38196870684623718,0.56809884309768677 0.69068014621734619 0.31815919280052185,-0.37914535403251648  0.59836280345916748  0.59355759620666504 -0.38196870684623718
1715863847.182204,0.56809538602828979 0.69075989723205566 0.31809568405151367,-0.37909364700317383  0.59840279817581177  0.59357690811157227 -0.38192746043205261,0.56809538602828979 0.69075989723205566 0.31809568405151367,-0.37909364700317383  0.59840279817581177  0.59357690811157227 -0.38192746043205261
1715863847.1872051,0.56804054975509644 0.69077169895172119 0.31806772947311401, -0.3790639340877533  0.59863388538360596  0.59337019920349121 -0.38191604614257812,0.56804054975509644 0.69077169895172119 0.31806772947311401, -0.3790639340877533  0.59863388538360596  0.59337019920349121 -0.38191604614257812
1715863847.1922326,0.56802535057067871 0.69081944227218628 0.31811931729316711,-0.37909704446792603  0.59856414794921875  0.59340333938598633 -0.38194093108177185,0.56802535057067871 0.69081944227218628 0.31811931729316711,-0.37909704446792603  0.59856414794921875  0.59340333938598633 -0.38194093108177185
1715863847.1972034,0.56809210777282715 0.69076007604598999  0.3181363046169281,-0.37908396124839783   0.5984453558921814  0.59346050024032593 -0.38205116987228394,0.56809210777282715 0.69076007604598999  0.3181363046169281,-0.37908396124839783   0.5984453558921814  0.59346050024032593 -0.38205116987228394
1715863847.2022362,0.56815814971923828 0.69070601463317871 0.31810817122459412,-0.37902149558067322  0.59843581914901733  0.59350180625915527 -0.38206398487091064,0.56815814971923828 0.69070601463317871 0.31810817122459412,-0.37902149558067322  0.59843581914901733  0.59350180625915527 -0.38206398487091064
1715863847.2072074,0.56823372840881348 0.69063478708267212 0.31814119219779968,-0.37891635298728943  0.59828728437423706  0.59365111589431763 -0.38216888904571533,0.56823372840881348 0.69063478708267212 0.31814119219779968,-0.37891635298728943  0.59828728437423706  0.59365111589431763 -0.38216888904571533
1715863847.2122064,0.56833553314208984 0.69053208827972412 0.31823661923408508,-0.37890228629112244  0.59806323051452637  0.59392935037612915 -0.38210120797157288,0.56833553314208984 0.69053208827972412 0.31823661923408508,-0.37890228629112244  0.59806323051452637  0.59392935037612915 -0.38210120797157288
1715863847.2172074,0.56837159395217896 0.69048959016799927 0.31811711192131042,-0.37878713011741638  0.59804946184158325  0.59398043155670166 -0.38215753436088562,0.56837159395217896 0.69048959016799927 0.31811711192131042,-0.37878713011741638  0.59804946184158325  0.59398043155670166 -0.38215753436088562
1715863847.2222056,0.56842637062072754 0.69043540954589844 0.31808531284332275,-0.37879288196563721  0.59795421361923218   0.5940818190574646 -0.38214334845542908,0.56842637062072754 0.69043540954589844 0.31808531284332275,-0.37879288196563721  0.59795421361923218   0.5940818190574646 -0.38214334845542908
1715863847.2272348,0.56844478845596313 0.69035780429840088 0.31805533170700073,-0.37883150577545166  0.59782987833023071  0.59420889616012573 -0.38210198283195496,0.56844478845596313 0.69035780429840088 0.31805533170700073,-0.37883150577545166  0.59782987833023071  0.59420889616012573 -0.38210198283195496
1715863847.232204, 0.5684739351272583 0.69023150205612183  0.3180198073387146,-0.37887114286422729  0.59767574071884155  0.59436428546905518 -0.38206207752227783, 0.5684739351272583 0.69023150205612183  0.3180198073387146,-0.37887114286422729  0.59767574071884155  0.59436428546905518 -0.38206207752227783
1715863847.2372038,0.56849044561386108 0.69013088941574097 0.31800386309623718, -0.3789660632610321  0.59740841388702393  0.59460186958312988 -0.38201636075973511,0.56849044561386108 0.69013088941574097 0.31800386309623718, -0.3789660632610321  0.59740841388702393  0.59460186958312988 -0.38201636075973511
1715863847.2422032,0.56852561235427856 0.68996196985244751 0.31798866391181946,-0.37899518013000488  0.59730780124664307  0.59471786022186279  -0.3819642961025238,0.56852561235427856 0.68996196985244751 0.31798866391181946,-0.37899518013000488  0.59730780124664307  0.59471786022186279  -0.3819642961025238
1715863847.2472296,0.56856471300125122 0.68975454568862915 0.31797438859939575,-0.37912994623184204  0.59710919857025146  0.59491342306137085 -0.38183647394180298,0.56856471300125122 0.68975454568862915 0.31797438859939575,-0.37912994623184204  0.59710919857025146  0.59491342306137085 -0.38183647394180298
