RosTime,PositionForIiwa7,OrientationForIiwa7,PositionForIiwa14,OrientationForIiwa14
1714994717.1011288,0.52531057596206665   1.069514274597168 0.31601956486701965,-0.49187621474266052  0.50925856828689575  0.50322610139846802 -0.49545633792877197,0.52531057596206665   1.069514274597168 0.31601956486701965,-0.49187621474266052  0.50925856828689575  0.50322610139846802 -0.49545633792877197
1714994717.1061094,0.52628600597381592   1.068934440612793 0.31598421931266785,-0.49157863855361938  0.50924050807952881  0.50364363193511963 -0.49534600973129272,0.52628600597381592   1.068934440612793 0.31598421931266785,-0.49157863855361938  0.50924050807952881  0.50364363193511963 -0.49534600973129272
1714994717.1111012,0.52531892061233521  1.0694993734359741 0.31604045629501343,-0.49186235666275024  0.50925922393798828  0.50324714183807373 -0.49544805288314819,0.52531892061233521  1.0694993734359741 0.31604045629501343,-0.49186235666275024  0.50925922393798828  0.50324714183807373 -0.49544805288314819
1714994717.1160717,0.52537930011749268  1.0694332122802734 0.31628754734992981,-0.49189302325248718  0.50916224718093872  0.50335073471069336 -0.49541205167770386,0.52537930011749268  1.0694332122802734 0.31628754734992981,-0.49189302325248718  0.50916224718093872  0.50335073471069336 -0.49541205167770386
1714994717.1211281,  0.525351881980896  1.0694233179092407 0.31636267900466919,-0.49190470576286316  0.50911366939544678  0.50337713956832886 -0.49542355537414551,  0.525351881980896  1.0694233179092407 0.31636267900466919,-0.49190470576286316  0.50911366939544678  0.50337713956832886 -0.49542355537414551
1714994717.1261258,0.52529782056808472  1.0694981813430786 0.31608244776725769,-0.49188157916069031  0.50923687219619751  0.50326073169708252 -0.49543815851211548,0.52529782056808472  1.0694981813430786 0.31608244776725769,-0.49188157916069031  0.50923687219619751  0.50326073169708252 -0.49543815851211548
1714994717.1311264,0.52536988258361816  1.0694471597671509 0.31628501415252686,-0.49193665385246277  0.50935769081115723  0.50313782691955566  -0.4953840970993042,0.52536988258361816  1.0694471597671509 0.31628501415252686,-0.49193665385246277  0.50935769081115723  0.50313782691955566  -0.4953840970993042
1714994717.1360788,0.52540689706802368  1.0694118738174438 0.31633248925209045,-0.49194979667663574  0.50916773080825806  0.50333458185195923  -0.4953664243221283,0.52540689706802368  1.0694118738174438 0.31633248925209045,-0.49194979667663574  0.50916773080825806  0.50333458185195923  -0.4953664243221283
1714994717.1410573,0.52541202306747437  1.0694160461425781 0.31623020768165588,-0.49190738797187805  0.50919640064239502  0.50333315134048462 -0.49538052082061768,0.52541202306747437  1.0694160461425781 0.31623020768165588,-0.49190738797187805  0.50919640064239502  0.50333315134048462 -0.49538052082061768
1714994717.1460557,0.52542001008987427  1.0694242715835571 0.31624191999435425,-0.49188455939292908  0.50913757085800171  0.50338572263717651  -0.4954102635383606,0.52542001008987427  1.0694242715835571 0.31624191999435425,-0.49188455939292908  0.50913757085800171  0.50338572263717651  -0.4954102635383606
1714994717.1511359,0.52539777755737305  1.0694350004196167 0.31633731722831726,-0.49192538857460022  0.50934702157974243  0.50316619873046875 -0.49537748098373413,0.52539777755737305  1.0694350004196167 0.31633731722831726,-0.49192538857460022  0.50934702157974243  0.50316619873046875 -0.49537748098373413
1714994717.1560857,0.52543741464614868  1.0694206953048706  0.3163730800151825,-0.49194002151489258  0.50935447216033936  0.50314438343048096 -0.49537745118141174,0.52543741464614868  1.0694206953048706  0.3163730800151825,-0.49194002151489258  0.50935447216033936  0.50314438343048096 -0.49537745118141174
1714994717.1610956, 0.5254054069519043  1.0694571733474731 0.31633532047271729,-0.49191850423812866  0.50934815406799316  0.50315612554550171   -0.495393306016922, 0.5254054069519043  1.0694571733474731 0.31633532047271729,-0.49191850423812866  0.50934815406799316  0.50315612554550171   -0.495393306016922
1714994717.166101,0.52542060613632202  1.0694550275802612 0.31630861759185791,-0.49185457825660706  0.50935804843902588  0.50317651033401489 -0.49542593955993652,0.52542060613632202  1.0694550275802612 0.31630861759185791,-0.49185457825660706  0.50935804843902588  0.50317651033401489 -0.49542593955993652
1714994717.1711302,0.52540665864944458  1.0694701671600342 0.31630823016166687,-0.49191093444824219  0.50933921337127686   0.5031474232673645 -0.49541890621185303,0.52540665864944458  1.0694701671600342 0.31630823016166687,-0.49191093444824219  0.50933921337127686   0.5031474232673645 -0.49541890621185303
1714994717.1760988,0.52541202306747437  1.0694558620452881 0.31633847951889038,-0.49187421798706055  0.50934243202209473  0.50317025184631348 -0.49542886018753052,0.52541202306747437  1.0694558620452881 0.31633847951889038,-0.49187421798706055  0.50934243202209473  0.50317025184631348 -0.49542886018753052
1714994717.181102,0.52543050050735474   1.069453239440918 0.31629645824432373,-0.49187177419662476  0.50936233997344971  0.50317049026489258 -0.49541053175926208,0.52543050050735474   1.069453239440918 0.31629645824432373,-0.49187177419662476  0.50936233997344971  0.50317049026489258 -0.49541053175926208
1714994717.1860871,0.52543485164642334  1.0694525241851807 0.31627461314201355,-0.49190917611122131  0.50939524173736572  0.50314772129058838 -0.49536272883415222,0.52543485164642334  1.0694525241851807 0.31627461314201355,-0.49190917611122131  0.50939524173736572  0.50314772129058838 -0.49536272883415222
1714994717.1910954,0.52545171976089478  1.0694329738616943 0.31628912687301636,-0.49190232157707214   0.5093875527381897  0.50317436456680298 -0.49535036087036133,0.52545171976089478  1.0694329738616943 0.31628912687301636,-0.49190232157707214   0.5093875527381897  0.50317436456680298 -0.49535036087036133
1714994717.1960773,0.52546441555023193  1.0694218873977661 0.31635504961013794,-0.49193808436393738  0.50938552618026733  0.50316977500915527 -0.49532157182693481,0.52546441555023193  1.0694218873977661 0.31635504961013794,-0.49193808436393738  0.50938552618026733  0.50316977500915527 -0.49532157182693481
1714994717.2011249,0.52542543411254883  1.0694562196731567  0.3163454532623291,-0.49194556474685669  0.50937771797180176  0.50314915180206299 -0.49534317851066589,0.52542543411254883  1.0694562196731567  0.3163454532623291,-0.49194556474685669  0.50937771797180176  0.50314915180206299 -0.49534317851066589
1714994717.2061346,0.52541744709014893  1.0694692134857178 0.31631678342819214,-0.49188369512557983  0.50939899682998657  0.50315523147583008 -0.49537652730941772,0.52541744709014893  1.0694692134857178 0.31631678342819214,-0.49188369512557983  0.50939899682998657  0.50315523147583008 -0.49537652730941772
1714994717.2111425,0.52536791563034058  1.0695502758026123 0.31604248285293579, -0.4918333888053894   0.5094829797744751  0.50303173065185547 -0.49546551704406738,0.52536791563034058  1.0695502758026123 0.31604248285293579, -0.4918333888053894   0.5094829797744751  0.50303173065185547 -0.49546551704406738
1714994717.2160728,0.52540743350982666   1.069475531578064 0.31634363532066345,-0.49184861779212952  0.50918084383010864  0.50333225727081299 -0.49545580148696899,0.52540743350982666   1.069475531578064 0.31634363532066345,-0.49184861779212952  0.50918084383010864  0.50333225727081299 -0.49545580148696899
1714994717.2211285,0.52541399002075195  1.0694419145584106  0.3163103461265564,-0.49182853102684021  0.50914949178695679  0.50337040424346924 -0.49546921253204346,0.52541399002075195  1.0694419145584106  0.3163103461265564,-0.49182853102684021  0.50914949178695679  0.50337040424346924 -0.49546921253204346
1714994717.2261016,0.52529048919677734  1.0695412158966064  0.3160247802734375,  -0.491830974817276  0.50925880670547485  0.50322729349136353 -0.49549978971481323,0.52529048919677734  1.0695412158966064  0.3160247802734375,  -0.491830974817276  0.50925880670547485  0.50322729349136353 -0.49549978971481323
1714994717.2311027,0.52529406547546387  1.0695090293884277 0.31608086824417114,-0.49185234308242798  0.50923985242843628  0.50325709581375122 -0.49546778202056885,0.52529406547546387  1.0695090293884277 0.31608086824417114,-0.49185234308242798  0.50923985242843628  0.50325709581375122 -0.49546778202056885
1714994717.2361,0.52529114484786987  1.0694781541824341 0.31601941585540771,-0.49185806512832642  0.50927555561065674  0.50327253341674805    -0.49540975689888,0.52529114484786987  1.0694781541824341 0.31601941585540771,-0.49185806512832642  0.50927555561065674  0.50327253341674805    -0.49540975689888
1714994717.2411008,0.52533233165740967  1.0694338083267212 0.31602728366851807,-0.49190935492515564  0.50931501388549805  0.50324153900146484 -0.49534967541694641,0.52533233165740967  1.0694338083267212 0.31602728366851807,-0.49190935492515564  0.50931501388549805  0.50324153900146484 -0.49534967541694641
1714994717.2461054,0.52533054351806641   1.069421648979187 0.31604328751564026,  -0.491941899061203  0.50938302278518677  0.50317198038101196 -0.49531811475753784,0.52533054351806641   1.069421648979187 0.31604328751564026,  -0.491941899061203  0.50938302278518677  0.50317198038101196 -0.49531811475753784
1714994717.2511053,0.52535408735275269  1.0694096088409424 0.31607002019882202,-0.49194303154945374  0.50938069820404053  0.50319194793701172 -0.49529910087585449,0.52535408735275269  1.0694096088409424 0.31607002019882202,-0.49194303154945374  0.50938069820404053  0.50319194793701172 -0.49529910087585449
1714994717.2560737,0.52534657716751099  1.0694153308868408 0.31604662537574768,-0.49193653464317322    0.509391188621521  0.50315839052200317 -0.49532884359359741,0.52534657716751099  1.0694153308868408 0.31604662537574768,-0.49193653464317322    0.509391188621521  0.50315839052200317 -0.49532884359359741
1714994717.2611253,0.52528941631317139  1.0694478750228882  0.3160516619682312,-0.49194589257240295  0.50934767723083496  0.50317543745040894 -0.49534699320793152,0.52528941631317139  1.0694478750228882  0.3160516619682312,-0.49194589257240295  0.50934767723083496  0.50317543745040894 -0.49534699320793152
1714994717.2661293,0.52529656887054443  1.0694738626480103 0.31599164009094238,-0.49186983704566956  0.50929641723632812  0.50325053930282593 -0.49539893865585327,0.52529656887054443  1.0694738626480103 0.31599164009094238,-0.49186983704566956  0.50929641723632812  0.50325053930282593 -0.49539893865585327
1714994717.2711275,0.52529686689376831  1.0694589614868164 0.31602576375007629,-0.49188807606697083  0.50938814878463745  0.50314217805862427 -0.49539658427238464,0.52529686689376831  1.0694589614868164 0.31602576375007629,-0.49188807606697083  0.50938814878463745  0.50314217805862427 -0.49539658427238464
1714994717.2760756,0.52630823850631714  1.0688954591751099 0.31593424081802368,-0.49157992005348206  0.50932389497756958  0.50362062454223633 -0.49528235197067261,0.52630823850631714  1.0688954591751099 0.31593424081802368,-0.49157992005348206  0.50932389497756958  0.50362062454223633 -0.49528235197067261
1714994717.281127,0.52526605129241943  1.0694814920425415 0.31608185172080994,-0.49189665913581848  0.50933808088302612  0.50318402051925659 -0.49539703130722046,0.52526605129241943  1.0694814920425415 0.31608185172080994,-0.49189665913581848  0.50933808088302612  0.50318402051925659 -0.49539703130722046
1714994717.2861295, 0.5253252387046814  1.0694760084152222 0.31595116853713989,-0.49184027314186096  0.50928187370300293  0.50326073169708252 -0.49543291330337524, 0.5253252387046814  1.0694760084152222 0.31595116853713989,-0.49184027314186096  0.50928187370300293  0.50326073169708252 -0.49543291330337524
1714994717.2911236,0.52536362409591675  1.0694787502288818 0.31602582335472107,-0.49184352159500122  0.50921082496643066  0.50332576036453247 -0.49543663859367371,0.52536362409591675  1.0694787502288818 0.31602582335472107,-0.49184352159500122  0.50921082496643066  0.50332576036453247 -0.49543663859367371
1714994717.2960973,0.52538788318634033  1.0694733858108521 0.31604248285293579,-0.49186089634895325   0.5094485878944397  0.50313073396682739 -0.49537304043769836,0.52538788318634033  1.0694733858108521 0.31604248285293579,-0.49186089634895325   0.5094485878944397  0.50313073396682739 -0.49537304043769836
1714994717.3011589,0.52548104524612427  1.0693966150283813 0.31632688641548157,-0.49187958240509033  0.50916486978530884  0.50340652465820312 -0.49536603689193726,0.52548104524612427  1.0693966150283813 0.31632688641548157,-0.49187958240509033  0.50916486978530884  0.50340652465820312 -0.49536603689193726
1714994717.3061023,0.52546876668930054  1.0694254636764526  0.3162703812122345,-0.49188822507858276  0.50937676429748535  0.50317615270614624 -0.49537366628646851,0.52546876668930054  1.0694254636764526  0.3162703812122345,-0.49188822507858276  0.50937676429748535  0.50317615270614624 -0.49537366628646851
1714994717.3111324,0.52539753913879395  1.0695264339447021 0.31599071621894836,-0.49184781312942505  0.50950878858566284  0.50303089618682861  -0.4954255223274231,0.52539753913879395  1.0695264339447021 0.31599071621894836,-0.49184781312942505  0.50950878858566284  0.50303089618682861  -0.4954255223274231
1714994717.3160803,0.52539998292922974  1.0694793462753296 0.31634080410003662,-0.49191966652870178   0.5093916654586792  0.50311601161956787 -0.49538812041282654,0.52539998292922974  1.0694793462753296 0.31634080410003662,-0.49191966652870178   0.5093916654586792  0.50311601161956787 -0.49538812041282654
1714994717.3210976,0.52537518739700317  1.0694726705551147 0.31636267900466919,-0.49192884564399719  0.50938314199447632  0.50309127569198608  -0.4954129159450531,0.52537518739700317  1.0694726705551147 0.31636267900466919,-0.49192884564399719  0.50938314199447632  0.50309127569198608  -0.4954129159450531
1714994717.3261223,0.52539318799972534   1.069465160369873  0.3163439929485321,-0.49187743663787842   0.5093873143196106  0.50314188003540039  -0.4954083263874054,0.52539318799972534   1.069465160369873  0.3163439929485321,-0.49187743663787842   0.5093873143196106  0.50314188003540039  -0.4954083263874054
1714994717.3311017,0.52533483505249023  1.0694886445999146  0.3163532018661499,-0.49191930890083313  0.50936746597290039  0.50313997268676758 -0.49538904428482056,0.52533483505249023  1.0694886445999146  0.3163532018661499,-0.49191930890083313  0.50936746597290039  0.50313997268676758 -0.49538904428482056
1714994717.3360975,0.52536410093307495  1.0694557428359985 0.31634759902954102,-0.49191015958786011  0.50936532020568848  0.50313210487365723 -0.49540838599205017,0.52536410093307495  1.0694557428359985 0.31634759902954102,-0.49191015958786011  0.50936532020568848  0.50313210487365723 -0.49540838599205017
1714994717.3411212, 0.5253862738609314  1.0694316625595093 0.31633803248405457,-0.49191996455192566  0.50915825366973877  0.50332528352737427 -0.49541527032852173, 0.5253862738609314  1.0694316625595093 0.31633803248405457,-0.49191996455192566  0.50915825366973877  0.50332528352737427 -0.49541527032852173
1714994717.3460653,0.52536767721176147  1.0694277286529541   0.316363126039505, -0.4919152557849884  0.50934785604476929  0.50315630435943604 -0.49539670348167419,0.52536767721176147  1.0694277286529541   0.316363126039505, -0.4919152557849884  0.50934785604476929  0.50315630435943604 -0.49539670348167419
1714994717.351095,0.52540671825408936  1.0694172382354736 0.31627422571182251,-0.49184992909431458  0.50917869806289673  0.50337272882461548 -0.49541559815406799,0.52540671825408936  1.0694172382354736 0.31627422571182251,-0.49184992909431458  0.50917869806289673  0.50337272882461548 -0.49541559815406799
1714994717.356096, 0.5254167914390564  1.0693826675415039 0.31635481119155884,-0.49190571904182434  0.50916934013366699   0.5033726692199707 -0.49536985158920288, 0.5254167914390564  1.0693826675415039 0.31635481119155884,-0.49190571904182434  0.50916934013366699   0.5033726692199707 -0.49536985158920288
1714994717.3611298,0.52532929182052612  1.0694880485534668 0.31604659557342529,-0.49187862873077393  0.50928789377212524  0.50322860479354858 -0.49542129039764404,0.52532929182052612  1.0694880485534668 0.31604659557342529,-0.49187862873077393  0.50928789377212524  0.50322860479354858 -0.49542129039764404
1714994717.3661108, 0.5253223180770874  1.0694910287857056 0.31602546572685242,-0.49184229969978333  0.50931334495544434   0.5032382607460022 -0.49542137980461121, 0.5253223180770874  1.0694910287857056 0.31602546572685242,-0.49184229969978333  0.50931334495544434   0.5032382607460022 -0.49542137980461121
1714994717.3711202,0.52530503273010254  1.0695000886917114 0.31609266996383667,-0.49189287424087524  0.50934195518493652  0.50318264961242676 -0.49539822340011597,0.52530503273010254  1.0695000886917114 0.31609266996383667,-0.49189287424087524  0.50934195518493652  0.50318264961242676 -0.49539822340011597
1714994717.376081,0.52533870935440063   1.069482684135437 0.31606429815292358,-0.49188312888145447  0.50929003953933716  0.50326412916183472 -0.49537849426269531,0.52533870935440063   1.069482684135437 0.31606429815292358,-0.49188312888145447  0.50929003953933716  0.50326412916183472 -0.49537849426269531
1714994717.3811023,0.52535474300384521  1.0694671869277954 0.31601318717002869,-0.49189028143882751  0.50942701101303101  0.50312197208404541 -0.49537494778633118,0.52535474300384521  1.0694671869277954 0.31601318717002869,-0.49189028143882751  0.50942701101303101  0.50312197208404541 -0.49537494778633118
1714994717.3861003,0.52533119916915894  1.0694601535797119 0.31604433059692383,-0.49191129207611084  0.50937539339065552  0.50317394733428955 -0.49535441398620605,0.52533119916915894  1.0694601535797119 0.31604433059692383,-0.49191129207611084  0.50937539339065552  0.50317394733428955 -0.49535441398620605
1714994717.3911042,0.52535462379455566  1.0694231986999512 0.31610724329948425,-0.49193727970123291  0.50936788320541382  0.50316345691680908 -0.49534693360328674,0.52535462379455566  1.0694231986999512 0.31610724329948425,-0.49193727970123291  0.50936788320541382  0.50316345691680908 -0.49534693360328674
1714994717.3961024,0.52533084154129028  1.0694363117218018 0.31608724594116211,-0.49194732308387756  0.50931280851364136  0.50321841239929199 -0.49533775448799133,0.52533084154129028  1.0694363117218018 0.31608724594116211,-0.49194732308387756  0.50931280851364136  0.50321841239929199 -0.49533775448799133
1714994717.4010997,  0.526358962059021   1.068830132484436 0.31598860025405884,-0.49165403842926025  0.50936013460159302  0.50358957052230835 -0.49520313739776611,  0.526358962059021   1.068830132484436 0.31598860025405884,-0.49165403842926025  0.50936013460159302  0.50358957052230835 -0.49520313739776611
1714994717.4061255,0.52533674240112305  1.0694607496261597 0.31598964333534241,-0.49191141128540039  0.50933188199996948  0.50320041179656982 -0.49537217617034912,0.52533674240112305  1.0694607496261597 0.31598964333534241,-0.49191141128540039  0.50933188199996948  0.50320041179656982 -0.49537217617034912
1714994717.4111254,0.52533763647079468  1.0694465637207031 0.31600481271743774,-0.49191725254058838   0.5093504786491394  0.50318479537963867 -0.49536305665969849,0.52533763647079468  1.0694465637207031 0.31600481271743774,-0.49191725254058838   0.5093504786491394  0.50318479537963867 -0.49536305665969849
1714994717.4160836,0.52531790733337402  1.0694621801376343 0.31605514883995056,-0.49190729856491089   0.5092511773109436  0.50327205657958984 -0.49538639187812805,0.52531790733337402  1.0694621801376343 0.31605514883995056,-0.49190729856491089   0.5092511773109436  0.50327205657958984 -0.49538639187812805
1714994717.4210939, 0.5253027081489563  1.0694756507873535 0.31606197357177734,-0.49188885092735291  0.50924825668334961  0.50325137376785278 -0.49542877078056335, 0.5253027081489563  1.0694756507873535 0.31606197357177734,-0.49188885092735291  0.50924825668334961  0.50325137376785278 -0.49542877078056335
1714994717.4260526, 0.5253068208694458  1.0694698095321655 0.31604006886482239,-0.49186831712722778  0.50931209325790405    0.503223717212677 -0.49541157484054565, 0.5253068208694458  1.0694698095321655 0.31604006886482239,-0.49186831712722778  0.50931209325790405    0.503223717212677 -0.49541157484054565
1714994717.4311514,0.52529478073120117  1.0694940090179443 0.31607130169868469, -0.4919007420539856  0.50928252935409546  0.50322306156158447 -0.49541044235229492,0.52529478073120117  1.0694940090179443 0.31607130169868469, -0.4919007420539856  0.50928252935409546  0.50322306156158447 -0.49541044235229492
1714994717.4361007,0.52534204721450806   1.069434642791748 0.31627893447875977,-0.49188190698623657  0.50918197631835938  0.50331807136535645 -0.49543604254722595,0.52534204721450806   1.069434642791748 0.31627893447875977,-0.49188190698623657  0.50918197631835938  0.50331807136535645 -0.49543604254722595
1714994717.4410982,0.52535653114318848  1.0694570541381836 0.31626129150390625,-0.49188122153282166  0.50918972492218018  0.50330436229705811 -0.49544262886047363,0.52535653114318848  1.0694570541381836 0.31626129150390625,-0.49188122153282166  0.50918972492218018  0.50330436229705811 -0.49544262886047363
1714994717.4461048,0.52531379461288452  1.0694975852966309 0.31598588824272156,-0.49188700318336487  0.50932210683822632  0.50316137075424194 -0.49544605612754822,0.52531379461288452  1.0694975852966309 0.31598588824272156,-0.49188700318336487  0.50932210683822632  0.50316137075424194 -0.49544605612754822
1714994717.451134,0.52540874481201172  1.0694146156311035 0.31631287932395935,-0.49190202355384827  0.50917249917984009  0.50334399938583374 -0.49539941549301147,0.52540874481201172  1.0694146156311035 0.31631287932395935,-0.49190202355384827  0.50917249917984009  0.50334399938583374 -0.49539941549301147
1714994717.4560637,0.52540755271911621  1.0693923234939575 0.31634590029716492,-0.49189037084579468  0.50916838645935059  0.50338506698608398 -0.49537348747253418,0.52540755271911621  1.0693923234939575 0.31634590029716492,-0.49189037084579468  0.50916838645935059  0.50338506698608398 -0.49537348747253418
1714994717.4611025,0.52545493841171265  1.0693795680999756  0.3163682222366333,-0.49189385771751404  0.50917917490005493  0.50335413217544556 -0.49539035558700562,0.52545493841171265  1.0693795680999756  0.3163682222366333,-0.49189385771751404  0.50917917490005493  0.50335413217544556 -0.49539035558700562
1714994717.4661045,0.52539551258087158   1.069427490234375 0.31638678908348083,-0.49188539385795593  0.50934845209121704  0.50317412614822388 -0.49540761113166809,0.52539551258087158   1.069427490234375 0.31638678908348083,-0.49188539385795593  0.50934845209121704  0.50317412614822388 -0.49540761113166809
1714994717.4710989,0.52537941932678223  1.0694699287414551 0.31632465124130249, -0.4918474555015564  0.50935459136962891   0.5031624436378479 -0.49545082449913025,0.52537941932678223  1.0694699287414551 0.31632465124130249, -0.4918474555015564  0.50935459136962891   0.5031624436378479 -0.49545082449913025
1714994717.4760995,0.52536571025848389   1.069469690322876 0.31629642844200134,-0.49183526635169983  0.50914865732192993  0.50334984064102173 -0.49548426270484924,0.52536571025848389   1.069469690322876 0.31629642844200134,-0.49183526635169983  0.50914865732192993  0.50334984064102173 -0.49548426270484924
1714994717.4810967,0.52537500858306885  1.0694572925567627 0.31633344292640686,-0.49187034368515015   0.5093834400177002  0.50311219692230225  -0.4954494833946228,0.52537500858306885  1.0694572925567627 0.31633344292640686,-0.49187034368515015   0.5093834400177002  0.50311219692230225  -0.4954494833946228
1714994717.4861009,0.52540421485900879  1.0694352388381958 0.31634390354156494,-0.49183911085128784  0.50916987657546997  0.50334280729293823 -0.49546575546264648,0.52540421485900879  1.0694352388381958 0.31634390354156494,-0.49183911085128784  0.50916987657546997  0.50334280729293823 -0.49546575546264648
1714994717.4911077,0.52533304691314697  1.0695052146911621 0.31605902314186096,-0.49184563755989075  0.50926357507705688  0.50321400165557861 -0.49549382925033569,0.52533304691314697  1.0695052146911621 0.31605902314186096,-0.49184563755989075  0.50926357507705688  0.50321400165557861 -0.49549382925033569
1714994717.4961059,0.52534103393554688  1.0694845914840698 0.31604662537574768,-0.49186354875564575  0.50927406549453735  0.50325345993041992 -0.49542519450187683,0.52534103393554688  1.0694845914840698 0.31604662537574768,-0.49186354875564575  0.50927406549453735  0.50325345993041992 -0.49542519450187683
1714994717.501127,0.52532857656478882  1.0694633722305298 0.31604626774787903,-0.49185088276863098   0.5092969536781311  0.50325483083724976 -0.49541282653808594,0.52532857656478882  1.0694633722305298 0.31604626774787903,-0.49185088276863098   0.5092969536781311  0.50325483083724976 -0.49541282653808594
1714994717.5061371,0.52538150548934937  1.0694340467453003 0.31604751944541931,-0.49185758829116821  0.50937676429748535  0.50319433212280273 -0.49538558721542358,0.52538150548934937  1.0694340467453003 0.31604751944541931,-0.49185758829116821  0.50937676429748535  0.50319433212280273 -0.49538558721542358
1714994717.5111349,0.52635329961776733  1.0688663721084595 0.31596541404724121,-0.49156114459037781  0.50935143232345581  0.50362062454223633 -0.49527269601821899,0.52635329961776733  1.0688663721084595 0.31596541404724121,-0.49156114459037781  0.50935143232345581  0.50362062454223633 -0.49527269601821899
1714994717.5160816,0.52530896663665771  1.0694625377655029 0.31604135036468506,-0.49188241362571716  0.50932228565216064  0.50320786237716675 -0.49540325999259949,0.52530896663665771  1.0694625377655029 0.31604135036468506,-0.49188241362571716  0.50932228565216064  0.50320786237716675 -0.49540325999259949
1714994717.5211048,0.52529919147491455  1.0694506168365479 0.31604140996932983,-0.49188905954360962  0.50927829742431641  0.50325649976730347 -0.49539238214492798,0.52529919147491455  1.0694506168365479 0.31604140996932983,-0.49188905954360962  0.50927829742431641  0.50325649976730347 -0.49539238214492798
1714994717.5261281,0.52529513835906982  1.0694546699523926 0.31604325771331787,-0.49190714955329895  0.50938284397125244  0.50313502550125122 -0.49539032578468323,0.52529513835906982  1.0694546699523926 0.31604325771331787,-0.49190714955329895  0.50938284397125244  0.50313502550125122 -0.49539032578468323
1714994717.5311255, 0.5253150463104248  1.0694566965103149 0.31599995493888855,-0.49187332391738892  0.50929087400436401  0.50323987007141113 -0.49541202187538147, 0.5253150463104248  1.0694566965103149 0.31599995493888855,-0.49187332391738892  0.50929087400436401  0.50323987007141113 -0.49541202187538147
1714994717.5361068,0.52528059482574463  1.0694653987884521 0.31604397296905518,-0.49192449450492859  0.50934791564941406  0.50312525033950806 -0.49541902542114258,0.52528059482574463  1.0694653987884521 0.31604397296905518,-0.49192449450492859  0.50934791564941406  0.50312525033950806 -0.49541902542114258
1714994717.5411069,0.52631747722625732  1.0688775777816772 0.31592872738838196,-0.49157121777534485  0.50937408208847046  0.50355857610702515 -0.49530243873596191,0.52631747722625732  1.0688775777816772 0.31592872738838196,-0.49157121777534485  0.50937408208847046  0.50355857610702515 -0.49530243873596191
1714994717.5461254,0.52532625198364258  1.0694400072097778 0.31606003642082214,-0.49191686511039734   0.5093880295753479   0.5031314492225647  -0.4953790009021759,0.52532625198364258  1.0694400072097778 0.31606003642082214,-0.49191686511039734   0.5093880295753479   0.5031314492225647  -0.4953790009021759
1714994717.5511265,0.52538210153579712  1.0694116353988647 0.31605386734008789,-0.49187737703323364  0.50934213399887085  0.50322616100311279 -0.49536919593811035,0.52538210153579712  1.0694116353988647 0.31605386734008789,-0.49187737703323364  0.50934213399887085  0.50322616100311279 -0.49536919593811035
1714994717.5560956,0.52531594038009644  1.0694559812545776 0.31606552004814148,-0.49190607666969299  0.50925630331039429  0.50326389074325562 -0.49539065361022949,0.52531594038009644  1.0694559812545776 0.31606552004814148,-0.49190607666969299  0.50925630331039429  0.50326389074325562 -0.49539065361022949
1714994717.561095,0.52537316083908081  1.0694445371627808 0.31603911519050598,-0.49184337258338928  0.50927019119262695  0.50328916311264038 -0.49541297554969788,0.52537316083908081  1.0694445371627808 0.31603911519050598,-0.49184337258338928  0.50927019119262695  0.50328916311264038 -0.49541297554969788
1714994717.5661273,0.52532237768173218  1.0695077180862427 0.31600093841552734, -0.4918530285358429  0.50930994749069214  0.50320428609848022 -0.49544870853424072,0.52532237768173218  1.0695077180862427 0.31600093841552734, -0.4918530285358429  0.50930994749069214  0.50320428609848022 -0.49544870853424072
1714994717.5711255,0.52534538507461548   1.069489598274231 0.31602838635444641,-0.49186253547668457  0.50933223962783813  0.50319951772689819 -0.49542120099067688,0.52534538507461548   1.069489598274231 0.31602838635444641,-0.49186253547668457  0.50933223962783813  0.50319951772689819 -0.49542120099067688
1714994717.5760736,0.52534419298171997  1.0694905519485474  0.3160557746887207,-0.49187135696411133  0.50928390026092529  0.50323700904846191  -0.4954240620136261,0.52534419298171997  1.0694905519485474  0.3160557746887207,-0.49187135696411133  0.50928390026092529  0.50323700904846191  -0.4954240620136261
1714994717.5811009,0.52534639835357666  1.0694882869720459 0.31604078412055969,-0.49187132716178894  0.50927925109863281  0.50322562456130981 -0.49544036388397217,0.52534639835357666  1.0694882869720459 0.31604078412055969,-0.49187132716178894  0.50927925109863281  0.50322562456130981 -0.49544036388397217
1714994717.5861061, 0.5252988338470459  1.0695178508758545 0.31604471802711487,-0.49185675382614136  0.50949627161026001  0.50300729274749756 -0.49545347690582275, 0.5252988338470459  1.0695178508758545 0.31604471802711487,-0.49185675382614136  0.50949627161026001  0.50300729274749756 -0.49545347690582275
1714994717.5910974,0.52532148361206055  1.0695172548294067 0.31608197093009949,-0.49186396598815918  0.50946158170700073  0.50303274393081665 -0.49545615911483765,0.52532148361206055  1.0695172548294067 0.31608197093009949,-0.49186396598815918  0.50946158170700073  0.50303274393081665 -0.49545615911483765
1714994717.5961003,0.52540910243988037  1.0694272518157959 0.31632423400878906,-0.49191188812255859  0.50939786434173584  0.50311434268951416 -0.49539124965667725,0.52540910243988037  1.0694272518157959 0.31632423400878906,-0.49191188812255859  0.50939786434173584  0.50311434268951416 -0.49539124965667725
1714994717.6010985,0.52531379461288452  1.0694937705993652 0.31605327129364014,-0.49185314774513245  0.50928318500518799    0.503226637840271 -0.49545341730117798,0.52531379461288452  1.0694937705993652 0.31605327129364014,-0.49185314774513245  0.50928318500518799    0.503226637840271 -0.49545341730117798
1714994717.6060982,0.5253264307975769 1.0695127248764038 0.3159802258014679,  -0.491851806640625  0.50931328535079956  0.50318640470504761 -0.49546468257904053,0.5253264307975769 1.0695127248764038 0.3159802258014679,  -0.491851806640625  0.50931328535079956  0.50318640470504761 -0.49546468257904053
1714994717.6110971,0.52532464265823364  1.0695008039474487 0.31602069735527039,-0.49184447526931763  0.50929206609725952  0.50322246551513672 -0.49545714259147644,0.52532464265823364  1.0695008039474487 0.31602069735527039,-0.49184447526931763  0.50929206609725952  0.50322246551513672 -0.49545714259147644
1714994717.6161039,0.52531898021697998  1.0695101022720337 0.31608304381370544,-0.49189293384552002  0.50952905416488647  0.50297695398330688  -0.4954146146774292,0.52531898021697998  1.0695101022720337 0.31608304381370544,-0.49189293384552002  0.50952905416488647  0.50297695398330688  -0.4954146146774292
1714994717.6211064,0.52541863918304443  1.0694257020950317 0.31629592180252075, -0.4918627142906189  0.50917166471481323  0.50335985422134399 -0.49542319774627686,0.52541863918304443  1.0694257020950317 0.31629592180252075, -0.4918627142906189  0.50917166471481323  0.50335985422134399 -0.49542319774627686
1714994717.6261022,0.52535277605056763  1.0694924592971802 0.31605014204978943,-0.49186041951179504  0.50931912660598755  0.50319570302963257 -0.49544069170951843,0.52535277605056763  1.0694924592971802 0.31605014204978943,-0.49186041951179504  0.50931912660598755  0.50319570302963257 -0.49544069170951843
1714994717.6311111,0.52532446384429932  1.0695053339004517 0.31603962182998657,-0.49187082052230835  0.50930488109588623   0.5032048225402832 -0.49543571472167969,0.52532446384429932  1.0695053339004517 0.31603962182998657,-0.49187082052230835  0.50930488109588623   0.5032048225402832 -0.49543571472167969
1714994717.6361046,0.52534592151641846  1.0694729089736938 0.31606066226959229,-0.49187484383583069  0.50928598642349243  0.50322884321212769 -0.49542674422264099,0.52534592151641846  1.0694729089736938 0.31606066226959229,-0.49187484383583069  0.50928598642349243  0.50322884321212769 -0.49542674422264099
1714994717.6411047,0.52531808614730835  1.0694881677627563 0.31602653861045837,-0.49186646938323975  0.50927519798278809  0.50325107574462891  -0.4954235851764679,0.52531808614730835  1.0694881677627563 0.31602653861045837,-0.49186646938323975  0.50927519798278809  0.50325107574462891  -0.4954235851764679
1714994717.6461048,0.52532857656478882  1.0694609880447388 0.31606131792068481,-0.49189704656600952  0.50936979055404663  0.50314462184906006 -0.49540406465530396,0.52532857656478882  1.0694609880447388 0.31606131792068481,-0.49189704656600952  0.50936979055404663  0.50314462184906006 -0.49540406465530396
1714994717.6511061,0.52533495426177979  1.0694482326507568 0.31605380773544312,-0.49189284443855286  0.50939524173736572  0.50313359498977661 -0.49539327621459961,0.52533495426177979  1.0694482326507568 0.31605380773544312,-0.49189284443855286  0.50939524173736572  0.50313359498977661 -0.49539327621459961
1714994717.6561053,0.52532368898391724  1.0694587230682373 0.31605046987533569,-0.49192953109741211  0.50935357809066772   0.5031319260597229 -0.49540138244628906,0.52532368898391724  1.0694587230682373 0.31605046987533569,-0.49192953109741211  0.50935357809066772   0.5031319260597229 -0.49540138244628906
1714994717.6611016,0.52534216642379761  1.0694353580474854 0.31607696413993835,  -0.491921067237854  0.50937104225158691  0.50314724445343018 -0.49537625908851624,0.52534216642379761  1.0694353580474854 0.31607696413993835,  -0.491921067237854  0.50937104225158691  0.50314724445343018 -0.49537625908851624
1714994717.6660798,0.52533715963363647  1.0694378614425659 0.31606996059417725,-0.49192202091217041  0.50936907529830933  0.50313472747802734 -0.49539008736610413,0.52533715963363647  1.0694378614425659 0.31606996059417725,-0.49192202091217041  0.50936907529830933  0.50313472747802734 -0.49539008736610413
1714994717.6711221,0.5250973105430603 1.0693597793579102 0.3160463273525238,-0.49261108040809631  0.50872683525085449  0.50159019231796265 -0.49692916870117188,0.5250973105430603 1.0693597793579102 0.3160463273525238,-0.49261108040809631  0.50872683525085449  0.50159019231796265 -0.49692916870117188
1714994717.6760919,0.52488982677459717   1.069127082824707 0.31611987948417664,-0.49359628558158875  0.50776946544647217  0.49975508451461792 -0.49877619743347168,0.52488982677459717   1.069127082824707 0.31611987948417664,-0.49359628558158875  0.50776946544647217  0.49975508451461792 -0.49877619743347168
1714994717.6811221,0.52471250295639038  1.0678420066833496  0.3163968026638031, 0.49578589200973511 -0.50584673881530762 -0.49541312456130981   0.5028730034828186,0.52471250295639038  1.0678420066833496  0.3163968026638031, 0.49578589200973511 -0.50584673881530762 -0.49541312456130981   0.5028730034828186
1714994717.6861203,0.52490174770355225  1.0654895305633545 0.31684079766273499, 0.49772989749908447 -0.50495898723602295 -0.49108555912971497  0.50607937574386597,0.52490174770355225  1.0654895305633545 0.31684079766273499, 0.49772989749908447 -0.50495898723602295 -0.49108555912971497  0.50607937574386597
1714994717.691102,0.52532112598419189  1.0624680519104004  0.3171544075012207, 0.49897134304046631 -0.50324803590774536 -0.48821040987968445  0.50933253765106201,0.52532112598419189  1.0624680519104004  0.3171544075012207, 0.49897134304046631 -0.50324803590774536 -0.48821040987968445  0.50933253765106201
1714994717.6961069,0.52587461471557617  1.0590628385543823 0.31733077764511108,  0.5001181960105896 -0.50207048654556274  -0.4854147732257843  0.51203465461730957,0.52587461471557617  1.0590628385543823 0.31733077764511108,  0.5001181960105896 -0.50207048654556274  -0.4854147732257843  0.51203465461730957
1714994717.7011085,0.52633064985275269  1.0554776191711426 0.31738653779029846, 0.50055146217346191  -0.5007438063621521 -0.48330247402191162   0.5149005651473999,0.52633064985275269  1.0554776191711426 0.31738653779029846, 0.50055146217346191  -0.5007438063621521 -0.48330247402191162   0.5149005651473999
1714994717.7061062,0.52651607990264893   1.053612232208252 0.31745728850364685, 0.50111848115921021 -0.49982330203056335 -0.48251280188560486  0.51598286628723145,0.52651607990264893   1.053612232208252 0.31745728850364685, 0.50111848115921021 -0.49982330203056335 -0.48251280188560486  0.51598286628723145
1714994717.7110491,0.52686160802841187  1.0497947931289673 0.31743741035461426, 0.50255078077316284 -0.49839138984680176 -0.48041215538978577  0.51793134212493896,0.52686160802841187  1.0497947931289673 0.31743741035461426, 0.50255078077316284 -0.49839138984680176 -0.48041215538978577  0.51793134212493896
1714994717.7160988,0.52723389863967896  1.0458345413208008 0.31751853227615356, 0.50421583652496338 -0.49622663855552673 -0.47888773679733276  0.51980000734329224,0.52723389863967896  1.0458345413208008 0.31751853227615356, 0.50421583652496338 -0.49622663855552673 -0.47888773679733276  0.51980000734329224
1714994717.721096,  0.527657151222229  1.0419089794158936 0.31750145554542542, 0.50630265474319458 -0.49377164244651794 -0.47723826766014099  0.52162325382232666,  0.527657151222229  1.0419089794158936 0.31750145554542542, 0.50630265474319458 -0.49377164244651794 -0.47723826766014099  0.52162325382232666
1714994717.7260933,0.52795201539993286   1.039746880531311 0.31772267818450928, 0.50751835107803345 -0.49220195412635803 -0.47687926888465881  0.52225333452224731,0.52795201539993286   1.039746880531311 0.31772267818450928, 0.50751835107803345 -0.49220195412635803 -0.47687926888465881  0.52225333452224731
1714994717.7311382,0.52827203273773193  1.0355520248413086 0.31738725304603577, 0.51000654697418213 -0.48980879783630371 -0.47529709339141846  0.52352017164230347,0.52827203273773193  1.0355520248413086 0.31738725304603577, 0.51000654697418213 -0.48980879783630371 -0.47529709339141846  0.52352017164230347
1714994717.736079,0.52876299619674683  1.0310856103897095 0.31729325652122498, 0.51280570030212402 -0.48690065741539001  -0.4744170606136322  0.52429616451263428,0.52876299619674683  1.0310856103897095 0.31729325652122498, 0.51280570030212402 -0.48690065741539001  -0.4744170606136322  0.52429616451263428
1714994717.7410691,0.52911198139190674  1.0264483690261841 0.31708544492721558, 0.51546317338943481 -0.48435619473457336 -0.47319537401199341   0.5251503586769104,0.52911198139190674  1.0264483690261841 0.31708544492721558, 0.51546317338943481 -0.48435619473457336 -0.47319537401199341   0.5251503586769104
1714994717.7460887,0.52950280904769897  1.0215959548950195 0.31691563129425049, 0.51900440454483032 -0.48099860548973083 -0.47239169478416443  0.52547204494476318,0.52950280904769897  1.0215959548950195 0.31691563129425049, 0.51900440454483032 -0.48099860548973083 -0.47239169478416443  0.52547204494476318
1714994717.7511156,0.52966344356536865  1.0192312002182007  0.3165077269077301, 0.52041721343994141 -0.47955065965652466 -0.47205039858818054  0.52570474147796631,0.52966344356536865  1.0192312002182007  0.3165077269077301, 0.52041721343994141 -0.47955065965652466 -0.47205039858818054  0.52570474147796631
1714994717.7560754,0.53007996082305908  1.0144134759902954 0.31673559546470642, 0.52363121509552002 -0.47635796666145325 -0.47123366594314575  0.52614849805831909,0.53007996082305908  1.0144134759902954 0.31673559546470642, 0.52363121509552002 -0.47635796666145325 -0.47123366594314575  0.52614849805831909
1714994717.7610908,0.53144621849060059     1.0093994140625 0.31643864512443542, 0.52607911825180054 -0.47368451952934265 -0.47048303484916687  0.52679169178009033,0.53144621849060059     1.0093994140625 0.31643864512443542, 0.52607911825180054 -0.47368451952934265 -0.47048303484916687  0.52679169178009033
1714994717.7661123,0.53088384866714478  1.0058947801589966 0.31685370206832886,0.52826756238937378 -0.4712759256362915 -0.4687664806842804  0.5282900333404541,0.53088384866714478  1.0058947801589966 0.31685370206832886,0.52826756238937378 -0.4712759256362915 -0.4687664806842804  0.5282900333404541
1714994717.7711132,0.53130030632019043  1.0020015239715576 0.31721946597099304, 0.52943867444992065 -0.46952950954437256 -0.46720784902572632  0.53005051612854004,0.53130030632019043  1.0020015239715576 0.31721946597099304, 0.52943867444992065 -0.46952950954437256 -0.46720784902572632  0.53005051612854004
1714994717.7760684,0.53167045116424561 0.99827742576599121 0.31724369525909424,  0.5311705470085144 -0.46789443492889404 -0.46535462141036987  0.53139221668243408,0.53167045116424561 0.99827742576599121 0.31724369525909424,  0.5311705470085144 -0.46789443492889404 -0.46535462141036987  0.53139221668243408
1714994717.7811162,0.53190219402313232 0.99641501903533936 0.31732198596000671, 0.53144299983978271 -0.46700102090835571 -0.46463355422019958  0.53253543376922607,0.53190219402313232 0.99641501903533936 0.31732198596000671, 0.53144299983978271 -0.46700102090835571 -0.46463355422019958  0.53253543376922607
1714994717.7861199,0.53317791223526001 0.99226546287536621 0.31710556149482727, 0.53233659267425537 -0.46567299962043762 -0.46301296353340149  0.53421473503112793,0.53317791223526001 0.99226546287536621 0.31710556149482727, 0.53233659267425537 -0.46567299962043762 -0.46301296353340149  0.53421473503112793
1714994717.7910888,0.53257453441619873 0.98930990695953369 0.31699508428573608, 0.53400760889053345 -0.46434998512268066 -0.46032851934432983  0.53601551055908203,0.53257453441619873 0.98930990695953369 0.31699508428573608, 0.53400760889053345 -0.46434998512268066 -0.46032851934432983  0.53601551055908203
1714994717.7960894,0.53288263082504272 0.98586612939834595 0.31669387221336365, 0.53521978855133057 -0.46309894323348999 -0.45786076784133911  0.53799879550933838,0.53288263082504272 0.98586612939834595 0.31669387221336365, 0.53521978855133057 -0.46309894323348999 -0.45786076784133911  0.53799879550933838
1714994717.8010902,0.53302597999572754 0.98413634300231934 0.31663620471954346, 0.53552603721618652 -0.46271553635597229 -0.45662736892700195  0.53907108306884766,0.53302597999572754 0.98413634300231934 0.31663620471954346, 0.53552603721618652 -0.46271553635597229 -0.45662736892700195  0.53907108306884766
1714994717.8061137,0.53329986333847046 0.98066830635070801 0.31654500961303711, 0.53693270683288574 -0.46127232909202576 -0.45421180129051208  0.54094618558883667,0.53329986333847046 0.98066830635070801 0.31654500961303711, 0.53693270683288574 -0.46127232909202576 -0.45421180129051208  0.54094618558883667
1714994717.81109,0.53355920314788818 0.97711813449859619 0.31658712029457092, 0.53833413124084473 -0.45967996120452881 -0.45211470127105713   0.5426628589630127,0.53355920314788818 0.97711813449859619 0.31658712029457092, 0.53833413124084473 -0.45967996120452881 -0.45211470127105713   0.5426628589630127
1714994717.8160741,0.53380835056304932 0.97338342666625977 0.31681299209594727, 0.54006844758987427  -0.4577268660068512 -0.45040169358253479  0.54401332139968872,0.53380835056304932 0.97338342666625977 0.31681299209594727, 0.54006844758987427  -0.4577268660068512 -0.45040169358253479  0.54401332139968872
1714994717.8211198,0.53414589166641235 0.96962988376617432 0.31697690486907959, 0.54182732105255127 -0.45538249611854553 -0.44906052947044373  0.54533892869949341,0.53414589166641235 0.96962988376617432 0.31697690486907959, 0.54182732105255127 -0.45538249611854553 -0.44906052947044373  0.54533892869949341
1714994717.8261166,0.53542530536651611 0.96522128582000732 0.31692653894424438, 0.54332202672958374 -0.45304259657859802 -0.44804203510284424  0.54663687944412231,0.53542530536651611 0.96522128582000732 0.31692653894424438, 0.54332202672958374 -0.45304259657859802 -0.44804203510284424  0.54663687944412231
1714994717.8310692,0.53467226028442383 0.96391421556472778 0.31702378392219543, 0.54458498954772949 -0.45206022262573242 -0.44674208760261536  0.54725700616836548,0.53467226028442383 0.96391421556472778 0.31702378392219543, 0.54458498954772949 -0.45206022262573242 -0.44674208760261536  0.54725700616836548
1714994717.8360703,  0.534995436668396 0.96025502681732178 0.31696167588233948, 0.54628020524978638 -0.45007607340812683 -0.44501706957817078  0.54860663414001465,  0.534995436668396 0.96025502681732178 0.31696167588233948, 0.54628020524978638 -0.45007607340812683 -0.44501706957817078  0.54860663414001465
1714994717.8411171,0.53535264730453491  0.9566500186920166 0.31689828634262085, 0.54785370826721191 -0.44794538617134094  -0.4433426558971405  0.55013501644134521,0.53535264730453491  0.9566500186920166 0.31689828634262085, 0.54785370826721191 -0.44794538617134094  -0.4433426558971405  0.55013501644134521
1714994717.8460908,0.53567814826965332 0.95310771465301514 0.31685599684715271,  0.5494835376739502 -0.44625836610794067 -0.44137918949127197  0.55145782232284546,0.53567814826965332 0.95310771465301514 0.31685599684715271,  0.5494835376739502 -0.44625836610794067 -0.44137918949127197  0.55145782232284546
1714994717.8511193, 0.5359235405921936  0.9497452974319458 0.31691429018974304, 0.55070787668228149 -0.44460636377334595 -0.43931394815444946  0.55321723222732544, 0.5359235405921936  0.9497452974319458 0.31691429018974304, 0.55070787668228149 -0.44460636377334595 -0.43931394815444946  0.55321723222732544
1714994717.8560708,0.53611505031585693 0.94808220863342285 0.31690496206283569,0.55119186639785767 -0.4439481794834137 -0.4383213222026825 0.55405056476593018,0.53611505031585693 0.94808220863342285 0.31690496206283569,0.55119186639785767 -0.4439481794834137 -0.4383213222026825 0.55405056476593018
1714994717.8610885,0.53641051054000854 0.94477975368499756 0.31723442673683167, 0.55248284339904785 -0.44226893782615662 -0.43627277016639709  0.55572205781936646,0.53641051054000854 0.94477975368499756 0.31723442673683167, 0.55248284339904785 -0.44226893782615662 -0.43627277016639709  0.55572205781936646
1714994717.866118,0.53664219379425049 0.94155526161193848 0.31727007031440735, 0.55390006303787231 -0.44069233536720276 -0.43423134088516235  0.55716073513031006,0.53664219379425049 0.94155526161193848 0.31727007031440735, 0.55390006303787231 -0.44069233536720276 -0.43423134088516235  0.55716073513031006
1714994717.871119,0.53686392307281494 0.93829429149627686 0.31723868846893311, 0.55519217252731323 -0.43867838382720947 -0.43241015076637268  0.55887782573699951,0.53686392307281494 0.93829429149627686 0.31723868846893311, 0.55519217252731323 -0.43867838382720947 -0.43241015076637268  0.55887782573699951
1714994717.8760741,0.53693151473999023 0.93667912483215332 0.31726092100143433, 0.55605900287628174  -0.4378630518913269 -0.43140485882759094  0.55943202972412109,0.53693151473999023 0.93667912483215332 0.31726092100143433, 0.55605900287628174  -0.4378630518913269 -0.43140485882759094  0.55943202972412109
1714994717.881115,0.53716599941253662 0.93339282274246216 0.31713351607322693, 0.55758100748062134 -0.43586981296539307 -0.42957770824432373  0.56087779998779297,0.53716599941253662 0.93339282274246216 0.31713351607322693, 0.55758100748062134 -0.43586981296539307 -0.42957770824432373  0.56087779998779297
1714994717.8861198, 0.5374215841293335 0.93006759881973267 0.31710392236709595, 0.55912363529205322 -0.43393874168395996 -0.42787614464759827  0.56213867664337158, 0.5374215841293335 0.93006759881973267 0.31710392236709595, 0.55912363529205322 -0.43393874168395996 -0.42787614464759827  0.56213867664337158
1714994717.8911188,0.53767138719558716 0.92690372467041016 0.31716907024383545, 0.56066602468490601 -0.43172714114189148 -0.42633908987045288  0.56347161531448364,0.53767138719558716 0.92690372467041016 0.31716907024383545, 0.56066602468490601 -0.43172714114189148 -0.42633908987045288  0.56347161531448364
1714994717.8961222,0.53788655996322632 0.92377293109893799 0.31724825501441956, 0.56211274862289429 -0.42994806170463562 -0.42444765567779541  0.56481689214706421,0.53788655996322632 0.92377293109893799 0.31724825501441956, 0.56211274862289429 -0.42994806170463562 -0.42444765567779541  0.56481689214706421
1714994717.9010909,0.53818422555923462 0.92069435119628906 0.31730660796165466, 0.56349921226501465 -0.42792236804962158 -0.42269700765609741   0.5662846565246582,0.53818422555923462 0.92069435119628906 0.31730660796165466, 0.56349921226501465 -0.42792236804962158 -0.42269700765609741   0.5662846565246582
1714994717.9060504,0.53836411237716675  0.9191582202911377 0.31734344363212585, 0.56434839963912964 -0.42695686221122742 -0.42185869812965393  0.56679266691207886,0.53836411237716675  0.9191582202911377 0.31734344363212585, 0.56434839963912964 -0.42695686221122742 -0.42185869812965393  0.56679266691207886
1714994717.9110906,0.53863608837127686 0.91624253988265991 0.31729519367218018, 0.56573909521102905 -0.42519232630729675 -0.41989403963088989  0.56818991899490356,0.53863608837127686 0.91624253988265991 0.31729519367218018, 0.56573909521102905 -0.42519232630729675 -0.41989403963088989  0.56818991899490356
1714994717.9160919,0.53872662782669067 0.91348463296890259 0.31712976098060608, 0.56702834367752075 -0.42361634969711304 -0.41772401332855225  0.56967943906784058,0.53872662782669067 0.91348463296890259 0.31712976098060608, 0.56702834367752075 -0.42361634969711304 -0.41772401332855225  0.56967943906784058
1714994717.9210913,0.53889209032058716 0.91063392162322998 0.31729426980018616, 0.56818842887878418 -0.42163339257240295 -0.41610103845596313  0.57118046283721924,0.53889209032058716 0.91063392162322998 0.31729426980018616, 0.56818842887878418 -0.42163339257240295 -0.41610103845596313  0.57118046283721924
1714994717.9261048,0.53908920288085938  0.9078555703163147 0.31733423471450806, 0.56953257322311401    -0.41999551653862 -0.41407805681228638   0.5725170373916626,0.53908920288085938  0.9078555703163147 0.31733423471450806, 0.56953257322311401    -0.41999551653862 -0.41407805681228638   0.5725170373916626
1714994717.9512014, 0.5397760272026062 0.89428550004959106  0.3173004686832428, 0.57633453607559204 -0.41075578331947327 -0.40449216961860657   0.5792272686958313, 0.5397760272026062 0.89428550004959106  0.3173004686832428, 0.57633453607559204 -0.41075578331947327 -0.40449216961860657   0.5792272686958313
1714994717.9562566, 0.5397760272026062 0.89428550004959106  0.3173004686832428, 0.57633453607559204 -0.41075578331947327 -0.40449216961860657   0.5792272686958313, 0.5397760272026062 0.89428550004959106  0.3173004686832428, 0.57633453607559204 -0.41075578331947327 -0.40449216961860657   0.5792272686958313
1714994717.9612586,0.53998523950576782 0.89169102907180786 0.31727573275566101, 0.57782888412475586 -0.40863215923309326 -0.40285336971282959  0.58038151264190674,0.53998523950576782 0.89169102907180786 0.31727573275566101, 0.57782888412475586 -0.40863215923309326 -0.40285336971282959  0.58038151264190674
1714994717.9662609,0.54099982976913452 0.88847619295120239 0.31709524989128113,  0.5787845253944397 -0.40683040022850037 -0.40142098069190979  0.58168607950210571,0.54099982976913452 0.88847619295120239 0.31709524989128113,  0.5787845253944397 -0.40683040022850037 -0.40142098069190979  0.58168607950210571
1714994717.971262,0.54026520252227783 0.88653123378753662 0.31720364093780518, 0.58024168014526367   -0.405000239610672 -0.39919537305831909  0.58304154872894287,0.54026520252227783 0.88653123378753662 0.31720364093780518, 0.58024168014526367   -0.405000239610672 -0.39919537305831909  0.58304154872894287
1714994717.9762185,0.54040354490280151 0.88406765460968018 0.31721779704093933, 0.58149528503417969 -0.40328583121299744 -0.39713716506958008  0.58438503742218018,0.54040354490280151 0.88406765460968018 0.31721779704093933, 0.58149528503417969 -0.40328583121299744 -0.39713716506958008  0.58438503742218018
1714994717.9812605,0.54048818349838257 0.88164114952087402 0.31727609038352966, 0.58253014087677002  -0.4013727605342865 -0.39541006088256836  0.58584082126617432,0.54048818349838257 0.88164114952087402 0.31727609038352966, 0.58253014087677002  -0.4013727605342865 -0.39541006088256836  0.58584082126617432
1714994717.9862573,0.54054564237594604 0.88043564558029175  0.3172355592250824,  0.5832521915435791 -0.40037107467651367 -0.39456558227539062  0.58637690544128418,0.54054564237594604 0.88043564558029175  0.3172355592250824,  0.5832521915435791 -0.40037107467651367 -0.39456558227539062  0.58637690544128418
1714994717.9912093,0.54060620069503784 0.87800300121307373 0.31728121638298035,  0.5846593976020813 -0.39865744113922119 -0.39255240559577942   0.5874931812286377,0.54060620069503784 0.87800300121307373 0.31728121638298035,  0.5846593976020813 -0.39865744113922119 -0.39255240559577942   0.5874931812286377
1714994717.9962609,0.54074370861053467 0.87561911344528198 0.31731116771697998, 0.58550631999969482 -0.39680209755897522 -0.39081618189811707  0.58906126022338867,0.54074370861053467 0.87561911344528198 0.31731116771697998, 0.58550631999969482 -0.39680209755897522 -0.39081618189811707  0.58906126022338867
1714994718.0012584,0.54085904359817505  0.8733055591583252 0.31731885671615601, 0.58709520101547241 -0.39487698674201965 -0.38904762268066406  0.58994346857070923,0.54085904359817505  0.8733055591583252 0.31731885671615601, 0.58709520101547241 -0.39487698674201965 -0.38904762268066406  0.58994346857070923
1714994718.0062582,0.54099297523498535 0.87198221683502197 0.31753012537956238, 0.58767896890640259 -0.39386862516403198 -0.38820695877075195  0.59058976173400879,0.54099297523498535 0.87198221683502197 0.31753012537956238, 0.58767896890640259 -0.39386862516403198 -0.38820695877075195  0.59058976173400879
1714994718.0112574,0.54104042053222656 0.86978048086166382 0.31754186749458313, 0.58880263566970825 -0.39216160774230957 -0.38626307249069214  0.59187966585159302,0.54104042053222656 0.86978048086166382 0.31754186749458313, 0.58880263566970825 -0.39216160774230957 -0.38626307249069214  0.59187966585159302
1714994718.0162632,0.54112339019775391 0.86758536100387573 0.31730008125305176,0.59015631675720215 -0.3902323842048645 -0.3845188319683075 0.59294134378433228,0.54112339019775391 0.86758536100387573 0.31730008125305176,0.59015631675720215 -0.3902323842048645 -0.3845188319683075 0.59294134378433228
1714994718.021261,0.54133856296539307 0.86528474092483521 0.31747156381607056, 0.59129184484481812 -0.38833537697792053 -0.38284868001937866   0.5941351056098938,0.54133856296539307 0.86528474092483521 0.31747156381607056, 0.59129184484481812 -0.38833537697792053 -0.38284868001937866   0.5941351056098938
1714994718.0262105,0.54140478372573853 0.86315691471099854 0.31750378012657166, 0.59233397245407104  -0.3867567777633667 -0.38083368539810181  0.59542030096054077,0.54140478372573853 0.86315691471099854 0.31750378012657166, 0.59233397245407104  -0.3867567777633667 -0.38083368539810181  0.59542030096054077
1714994718.0312178,0.54149943590164185 0.86105847358703613 0.31756585836410522, 0.59368467330932617 -0.38496053218841553 -0.37895458936691284  0.59643715620040894,0.54149943590164185 0.86105847358703613 0.31756585836410522, 0.59368467330932617 -0.38496053218841553 -0.37895458936691284  0.59643715620040894
1714994718.036257, 0.5415034294128418 0.86003881692886353 0.31751054525375366, 0.59410369396209717 -0.38391369581222534 -0.37814679741859436  0.59720689058303833, 0.5415034294128418 0.86003881692886353 0.31751054525375366, 0.59410369396209717 -0.38391369581222534 -0.37814679741859436  0.59720689058303833
1714994718.0412738, 0.5415605902671814 0.85797953605651855 0.31758412718772888, 0.59536218643188477 -0.38230666518211365 -0.37623882293701172  0.59818881750106812, 0.5415605902671814 0.85797953605651855 0.31758412718772888, 0.59536218643188477 -0.38230666518211365 -0.37623882293701172  0.59818881750106812
1714994718.0462778,0.54163444042205811 0.85599350929260254 0.31757798790931702, 0.59640270471572876 -0.38029199838638306 -0.37462860345840454  0.59944576025009155,0.54163444042205811 0.85599350929260254 0.31757798790931702, 0.59640270471572876 -0.38029199838638306 -0.37462860345840454  0.59944576025009155
1714994718.0512602,0.54168617725372314 0.85407751798629761 0.31757810711860657,  0.5975843071937561 -0.37839573621749878 -0.37287518382072449  0.60056120157241821,0.54168617725372314 0.85407751798629761 0.31757810711860657,  0.5975843071937561 -0.37839573621749878 -0.37287518382072449  0.60056120157241821
1714994718.056282,0.54171925783157349 0.85218536853790283 0.31758213043212891, 0.59879767894744873 -0.37682497501373291 -0.37089651823043823  0.60156464576721191,0.54171925783157349 0.85218536853790283 0.31758213043212891, 0.59879767894744873 -0.37682497501373291 -0.37089651823043823  0.60156464576721191
1714994718.0612583, 0.5417214035987854 0.85125845670700073  0.3175957202911377,0.59904259443283081 -0.3759615421295166 -0.3701460063457489 0.60232281684875488, 0.5417214035987854 0.85125845670700073  0.3175957202911377,0.59904259443283081 -0.3759615421295166 -0.3701460063457489 0.60232281684875488
1714994718.0662587,0.54176598787307739 0.84944236278533936 0.31754738092422485, 0.60031813383102417  -0.3740423321723938 -0.36842939257621765  0.60329949855804443,0.54176598787307739 0.84944236278533936 0.31754738092422485, 0.60031813383102417  -0.3740423321723938 -0.36842939257621765  0.60329949855804443
1714994718.0712581, 0.5418018102645874 0.84772628545761108 0.31733351945877075, 0.60135376453399658 -0.37249121069908142 -0.36640149354934692  0.60446161031723022, 0.5418018102645874 0.84772628545761108 0.31733351945877075, 0.60135376453399658 -0.37249121069908142 -0.36640149354934692  0.60446161031723022
1714994718.0762575,0.54185914993286133 0.84599840641021729 0.31743547320365906, 0.60228627920150757 -0.37081491947174072 -0.36478063464164734  0.60554325580596924,0.54185914993286133 0.84599840641021729 0.31743547320365906, 0.60228627920150757 -0.37081491947174072 -0.36478063464164734  0.60554325580596924
1714994718.0812581,0.54189950227737427 0.84427201747894287 0.31740409135818481, 0.60339653491973877 -0.36889281868934631 -0.36310094594955444  0.60662049055099487,0.54189950227737427 0.84427201747894287 0.31740409135818481, 0.60339653491973877 -0.36889281868934631 -0.36310094594955444  0.60662049055099487
1714994718.0862608,0.54196083545684814 0.84346514940261841 0.31743660569190979, 0.60397976636886597 -0.36828598380088806 -0.36203858256340027  0.60704362392425537,0.54196083545684814 0.84346514940261841 0.31743660569190979, 0.60397976636886597 -0.36828598380088806 -0.36203858256340027  0.60704362392425537
1714994718.0912611,0.54195201396942139 0.84179985523223877 0.31740030646324158, 0.60487943887710571 -0.36622977256774902 -0.36052066087722778  0.60829389095306396,0.54195201396942139 0.84179985523223877 0.31740030646324158, 0.60487943887710571 -0.36622977256774902 -0.36052066087722778  0.60829389095306396
1714994718.0962596,0.54194307327270508 0.84020614624023438 0.31740483641624451, 0.60600382089614868 -0.36461278796195984  -0.3584989607334137   0.6093401312828064,0.54194307327270508 0.84020614624023438 0.31740483641624451, 0.60600382089614868 -0.36461278796195984  -0.3584989607334137   0.6093401312828064
1714994718.1012588,0.54192203283309937 0.83858877420425415 0.31742072105407715, 0.60703718662261963 -0.36293697357177734 -0.35687950253486633  0.61026191711425781,0.54192203283309937 0.83858877420425415 0.31742072105407715, 0.60703718662261963 -0.36293697357177734 -0.35687950253486633  0.61026191711425781
1714994718.1062624,0.54189145565032959 0.83706140518188477 0.31741973757743835, 0.60813486576080322 -0.36108052730560303 -0.35517176985740662  0.61126577854156494,0.54189145565032959 0.83706140518188477 0.31741973757743835, 0.60813486576080322 -0.36108052730560303 -0.35517176985740662  0.61126577854156494
1714994718.1112595,0.54193031787872314 0.83631962537765503 0.31738168001174927, 0.60853832960128784  -0.3602408766746521 -0.35437527298927307  0.61182165145874023,0.54193031787872314 0.83631962537765503 0.31738168001174927, 0.60853832960128784  -0.3602408766746521 -0.35437527298927307  0.61182165145874023
1714994718.1162612,0.54191076755523682 0.83477133512496948 0.31748071312904358, 0.60954433679580688 -0.35864442586898804 -0.35261183977127075  0.61277621984481812,0.54191076755523682 0.83477133512496948 0.31748071312904358, 0.60954433679580688 -0.35864442586898804 -0.35261183977127075  0.61277621984481812
1714994718.1212592, 0.5419304370880127 0.83334630727767944 0.31745043396949768, 0.61040383577346802 -0.35700777173042297 -0.35090029239654541  0.61385798454284668, 0.5419304370880127 0.83334630727767944 0.31745043396949768, 0.61040383577346802 -0.35700777173042297 -0.35090029239654541  0.61385798454284668
1714994718.1262596,0.54187875986099243 0.83188045024871826 0.31746810674667358, 0.61140024662017822 -0.35526266694068909 -0.34914231300354004  0.61488032341003418,0.54187875986099243 0.83188045024871826 0.31746810674667358, 0.61140024662017822 -0.35526266694068909 -0.34914231300354004  0.61488032341003418
1714994718.1312604,0.54194575548171997 0.83115893602371216 0.31743732094764709, 0.61186784505844116 -0.35451540350914001 -0.34837135672569275  0.61528360843658447,0.54194575548171997 0.83115893602371216 0.31743732094764709, 0.61186784505844116 -0.35451540350914001 -0.34837135672569275  0.61528360843658447
1714994718.1362624,0.54196792840957642 0.82981163263320923  0.3174440860748291, 0.61276495456695557 -0.35281774401664734 -0.34675383567810059  0.61627960205078125,0.54196792840957642 0.82981163263320923  0.3174440860748291, 0.61276495456695557 -0.35281774401664734 -0.34675383567810059  0.61627960205078125
1714994718.1412604,0.54195022583007812 0.82844388484954834 0.31743887066841125, 0.61370724439620972 -0.35115519165992737 -0.34516218304634094   0.6171843409538269,0.54195022583007812 0.82844388484954834 0.31743887066841125, 0.61370724439620972 -0.35115519165992737 -0.34516218304634094   0.6171843409538269
1714994718.1462595,0.54196774959564209 0.82715100049972534 0.31741645932197571, 0.61466974020004272 -0.34965822100639343 -0.34339740872383118  0.61806023120880127,0.54196774959564209 0.82715100049972534 0.31741645932197571, 0.61466974020004272 -0.34965822100639343 -0.34339740872383118  0.61806023120880127
1714994718.1512594,0.54202169179916382 0.82578158378601074 0.31765648722648621, 0.61563408374786377 -0.34800216555595398 -0.34188222885131836  0.61887454986572266,0.54202169179916382 0.82578158378601074 0.31765648722648621, 0.61563408374786377 -0.34800216555595398 -0.34188222885131836  0.61887454986572266
1714994718.1562598,0.54193145036697388 0.82466185092926025  0.3174416720867157,  0.6164860725402832 -0.34652632474899292 -0.34008610248565674  0.61984342336654663,0.54193145036697388 0.82466185092926025  0.3174416720867157,  0.6164860725402832 -0.34652632474899292 -0.34008610248565674  0.61984342336654663
1714994718.1612587,0.54198628664016724 0.82402777671813965 0.31761017441749573, 0.61692816019058228 -0.34555643796920776 -0.33944499492645264  0.62029629945755005,0.54198628664016724 0.82402777671813965 0.31761017441749573, 0.61692816019058228 -0.34555643796920776 -0.33944499492645264  0.62029629945755005
1714994718.166261,0.54194468259811401 0.82281196117401123 0.31765994429588318, 0.61784923076629639 -0.34387859702110291 -0.33788800239562988  0.62116146087646484,0.54194468259811401 0.82281196117401123 0.31765994429588318, 0.61784923076629639 -0.34387859702110291 -0.33788800239562988  0.62116146087646484
1714994718.1712592,0.54270964860916138 0.82105201482772827 0.31755629181861877, 0.61845457553863525 -0.34218871593475342 -0.33696049451828003  0.62199550867080688,0.54270964860916138 0.82105201482772827 0.31755629181861877, 0.61845457553863525 -0.34218871593475342 -0.33696049451828003  0.62199550867080688
1714994718.1762576,0.54186367988586426 0.82055342197418213  0.3176766037940979, 0.61933481693267822 -0.34049588441848755 -0.33497932553291321  0.62311780452728271,0.54186367988586426 0.82055342197418213  0.3176766037940979, 0.61933481693267822 -0.34049588441848755 -0.33497932553291321  0.62311780452728271
1714994718.1812582,0.54180455207824707 0.81953752040863037 0.31772920489311218, 0.62009638547897339 -0.33880805969238281 -0.33358451724052429  0.62402802705764771,0.54180455207824707 0.81953752040863037 0.31772920489311218, 0.62009638547897339 -0.33880805969238281 -0.33358451724052429  0.62402802705764771
1714994718.1862869,0.54181158542633057 0.81903088092803955 0.31758344173431396, 0.62066340446472168 -0.33791336417198181 -0.33275443315505981  0.62439250946044922,0.54181158542633057 0.81903088092803955 0.31758344173431396, 0.62066340446472168 -0.33791336417198181 -0.33275443315505981  0.62439250946044922
1714994718.1912632,  0.541759192943573 0.81805580854415894 0.31770890951156616, 0.62140202522277832 -0.33644726872444153 -0.33114299178123474  0.62530559301376343,  0.541759192943573 0.81805580854415894 0.31770890951156616, 0.62140202522277832 -0.33644726872444153 -0.33114299178123474  0.62530559301376343
1714994718.1962621,0.54171210527420044 0.81708651781082153 0.31770947575569153, 0.62217915058135986 -0.33500498533248901 -0.32968685030937195  0.62607616186141968,0.54171210527420044 0.81708651781082153 0.31770947575569153, 0.62217915058135986 -0.33500498533248901 -0.32968685030937195  0.62607616186141968
1714994718.2012575,0.54171866178512573 0.81619048118591309  0.3177095353603363,  0.6231309175491333 -0.33365041017532349 -0.32816317677497864  0.62665319442749023,0.54171866178512573 0.81619048118591309  0.3177095353603363,  0.6231309175491333 -0.33365041017532349 -0.32816317677497864  0.62665319442749023
1714994718.2062578,0.54165357351303101  0.8153197169303894 0.31774502992630005, 0.62373387813568115 -0.33194836974143982 -0.32680994272232056  0.62766355276107788,0.54165357351303101  0.8153197169303894 0.31774502992630005, 0.62373387813568115 -0.33194836974143982 -0.32680994272232056  0.62766355276107788
1714994718.2112579,0.54163330793380737 0.81492155790328979 0.31775090098381042,  0.6241915225982666 -0.33137074112892151  -0.3258131742477417  0.62803196907043457,0.54163330793380737 0.81492155790328979 0.31775090098381042,  0.6241915225982666 -0.33137074112892151  -0.3258131742477417  0.62803196907043457
1714994718.2162588,0.54154545068740845 0.81419402360916138 0.31753915548324585,0.62483054399490356 -0.3300604522228241 -0.3243756890296936 0.62883007526397705,0.54154545068740845 0.81419402360916138 0.31753915548324585,0.62483054399490356 -0.3300604522228241 -0.3243756890296936 0.62883007526397705
1714994718.2212579,0.54156506061553955 0.81334340572357178 0.31770583987236023, 0.62563365697860718 -0.32862848043441772 -0.32293221354484558   0.6295241117477417,0.54156506061553955 0.81334340572357178 0.31770583987236023, 0.62563365697860718 -0.32862848043441772 -0.32293221354484558   0.6295241117477417
1714994718.2262368,0.54146081209182739 0.81266558170318604 0.31750282645225525, 0.62630081176757812 -0.32726889848709106 -0.32149589061737061  0.63030374050140381,0.54146081209182739 0.81266558170318604 0.31750282645225525, 0.62630081176757812 -0.32726889848709106 -0.32149589061737061  0.63030374050140381
1714994718.2312565, 0.5413811206817627 0.81195521354675293 0.31749331951141357, 0.62717694044113159 -0.32593140006065369 -0.31990161538124084   0.6309363842010498, 0.5413811206817627 0.81195521354675293 0.31749331951141357, 0.62717694044113159 -0.32593140006065369 -0.31990161538124084   0.6309363842010498
1714994718.2362576,0.54141777753829956 0.81155645847320557 0.31748425960540771,  0.6275489330291748 -0.32527691125869751 -0.31925049424171448  0.63123404979705811,0.54141777753829956 0.81155645847320557 0.31748425960540771,  0.6275489330291748 -0.32527691125869751 -0.31925049424171448  0.63123404979705811
1714994718.2412586, 0.5413174033164978 0.81089949607849121 0.31758609414100647, 0.62842613458633423 -0.32384654879570007 -0.31788504123687744  0.63178569078445435, 0.5413174033164978 0.81089949607849121 0.31758609414100647, 0.62842613458633423 -0.32384654879570007 -0.31788504123687744  0.63178569078445435
1714994718.2462611,0.54129928350448608 0.81027483940124512 0.31754648685455322, 0.62903738021850586 -0.32249787449836731  -0.3164813220500946   0.6325715184211731,0.54129928350448608 0.81027483940124512 0.31754648685455322, 0.62903738021850586 -0.32249787449836731  -0.3164813220500946   0.6325715184211731
1714994718.2512591,0.54124629497528076 0.80965310335159302 0.31755387783050537, 0.62981981039047241 -0.32125440239906311 -0.31505858898162842  0.63313561677932739,0.54124629497528076 0.80965310335159302 0.31755387783050537, 0.62981981039047241 -0.32125440239906311 -0.31505858898162842  0.63313561677932739
1714994718.2562578,0.54118871688842773 0.80904108285903931 0.31756174564361572, 0.63034111261367798 -0.31982925534248352 -0.31397286057472229  0.63387727737426758,0.54118871688842773 0.80904108285903931 0.31756174564361572, 0.63034111261367798 -0.31982925534248352 -0.31397286057472229  0.63387727737426758
1714994718.2612114,0.54111921787261963 0.80880981683731079 0.31754219532012939, 0.63078922033309937 -0.31938138604164124 -0.31313398480415344  0.63407224416732788,0.54111921787261963 0.80880981683731079 0.31754219532012939, 0.63078922033309937 -0.31938138604164124 -0.31313398480415344  0.63407224416732788
1714994718.2662587, 0.5410955548286438 0.80825018882751465 0.31752878427505493, 0.63138473033905029 -0.31798070669174194 -0.31208342313766479  0.63470113277435303, 0.5410955548286438 0.80825018882751465 0.31752878427505493, 0.63138473033905029 -0.31798070669174194 -0.31208342313766479  0.63470113277435303
1714994718.2712617,0.54106974601745605 0.80775696039199829 0.31752416491508484, 0.63201028108596802 -0.31675645709037781 -0.31088122725486755  0.63528043031692505,0.54106974601745605 0.80775696039199829 0.31752416491508484, 0.63201028108596802 -0.31675645709037781 -0.31088122725486755  0.63528043031692505
1714994718.2762578,0.54104989767074585  0.8072206974029541  0.3175244927406311, 0.63262200355529785 -0.31554540991783142  -0.3095320463180542  0.63593274354934692,0.54104989767074585  0.8072206974029541  0.3175244927406311, 0.63262200355529785 -0.31554540991783142  -0.3095320463180542  0.63593274354934692
1714994718.2812581,0.54099398851394653 0.80679035186767578 0.31751838326454163, 0.63320660591125488 -0.31436994671821594 -0.30846777558326721  0.63644999265670776,0.54099398851394653 0.80679035186767578 0.31751838326454163, 0.63320660591125488 -0.31436994671821594 -0.30846777558326721  0.63644999265670776
1714994718.2862585, 0.5410342812538147 0.80649703741073608 0.31766760349273682, 0.63343566656112671 -0.31362640857696533 -0.30821067094802856  0.63671332597732544, 0.5410342812538147 0.80649703741073608 0.31766760349273682, 0.63343566656112671 -0.31362640857696533 -0.30821067094802856  0.63671332597732544
1714994718.2912619,0.54097992181777954 0.80615472793579102 0.31747725605964661, 0.63383471965789795   -0.312735915184021 -0.30700814723968506  0.63733494281768799,0.54097992181777954 0.80615472793579102 0.31747725605964661, 0.63383471965789795   -0.312735915184021 -0.30700814723968506  0.63733494281768799
1714994718.2962182,0.54090172052383423 0.80572265386581421 0.31742590665817261, 0.63431346416473389  -0.3116493821144104 -0.30589628219604492  0.63792520761489868,0.54090172052383423 0.80572265386581421 0.31742590665817261, 0.63431346416473389  -0.3116493821144104 -0.30589628219604492  0.63792520761489868
1714994718.301259,0.54092168807983398 0.80532687902450562 0.31759783625602722, 0.63486063480377197 -0.31050547957420349 -0.30497106909751892  0.63838154077529907,0.54092168807983398 0.80532687902450562 0.31759783625602722, 0.63486063480377197 -0.31050547957420349 -0.30497106909751892  0.63838154077529907
1714994718.3062153,0.54086446762084961 0.80501574277877808 0.31756404042243958, 0.63530272245407104 -0.30955016613006592 -0.30394706130027771  0.63889384269714355,0.54086446762084961 0.80501574277877808 0.31756404042243958, 0.63530272245407104 -0.30955016613006592 -0.30394706130027771  0.63889384269714355
1714994718.3112602,0.54087567329406738 0.80484050512313843 0.31754684448242188,   0.635467529296875 -0.30916920304298401 -0.30346396565437317  0.63914400339126587,0.54087567329406738 0.80484050512313843 0.31754684448242188,   0.635467529296875 -0.30916920304298401 -0.30346396565437317  0.63914400339126587
1714994718.3162611,0.54076355695724487 0.80458390712738037 0.31755355000495911, 0.63571089506149292 -0.30816766619682312 -0.30246308445930481  0.63985967636108398,0.54076355695724487 0.80458390712738037 0.31755355000495911, 0.63571089506149292 -0.30816766619682312 -0.30246308445930481  0.63985967636108398
1714994718.3212616,0.54077541828155518 0.80433517694473267 0.31744328141212463, 0.63622963428497314 -0.30721920728683472 -0.30169391632080078  0.64016330242156982,0.54077541828155518 0.80433517694473267 0.31744328141212463, 0.63622963428497314 -0.30721920728683472 -0.30169391632080078  0.64016330242156982
1714994718.3262606,0.54072833061218262 0.80413281917572021 0.31745952367782593, 0.63658720254898071 -0.30644896626472473 -0.30089840292930603  0.64055126905441284,0.54072833061218262 0.80413281917572021 0.31745952367782593, 0.63658720254898071 -0.30644896626472473 -0.30089840292930603  0.64055126905441284
1714994718.3312647,0.54147195816040039 0.80332392454147339 0.31733357906341553, 0.63683015108108521 -0.30576604604721069 -0.30052098631858826  0.64081329107284546,0.54147195816040039 0.80332392454147339 0.31733357906341553, 0.63683015108108521 -0.30576604604721069 -0.30052098631858826  0.64081329107284546
1714994718.3362586,0.54068589210510254 0.80383610725402832 0.31745755672454834, 0.63711237907409668  -0.3053741455078125 -0.29965487122535706  0.64112508296966553,0.54068589210510254 0.80383610725402832 0.31745755672454834, 0.63711237907409668  -0.3053741455078125 -0.29965487122535706  0.64112508296966553
1714994718.3412609,0.54067498445510864  0.8036767840385437 0.31747087836265564, 0.63737255334854126 -0.30469831824302673 -0.29893279075622559  0.64152497053146362,0.54067498445510864  0.8036767840385437 0.31747087836265564, 0.63737255334854126 -0.30469831824302673 -0.29893279075622559  0.64152497053146362
1714994718.3462615,0.54067021608352661 0.80354303121566772 0.31743058562278748, 0.63764005899429321 -0.30403336882591248 -0.29823130369186401  0.64190101623535156,0.54067021608352661 0.80354303121566772 0.31743058562278748, 0.63764005899429321 -0.30403336882591248 -0.29823130369186401  0.64190101623535156
1714994718.3512597,0.54067569971084595 0.80337834358215332 0.31748738884925842, 0.63799023628234863 -0.30343973636627197 -0.29774299263954163  0.64206069707870483,0.54067569971084595 0.80337834358215332 0.31748738884925842, 0.63799023628234863 -0.30343973636627197 -0.29774299263954163  0.64206069707870483
1714994718.3562574,0.54055458307266235 0.80341708660125732 0.31722402572631836, 0.63823670148849487 -0.30315425992012024 -0.29685932397842407  0.64235967397689819,0.54055458307266235 0.80341708660125732 0.31722402572631836, 0.63823670148849487 -0.30315425992012024 -0.29685932397842407  0.64235967397689819
1714994718.3612573,0.54064029455184937 0.80324643850326538 0.31744250655174255, 0.63833802938461304 -0.30273991823196411  -0.2969440221786499  0.64241522550582886,0.54064029455184937 0.80324643850326538 0.31744250655174255, 0.63833802938461304 -0.30273991823196411  -0.2969440221786499  0.64241522550582886
1714994718.3662367,0.54054266214370728 0.80324989557266235 0.31735995411872864, 0.63856267929077148 -0.30249336361885071 -0.29624444246292114  0.64263111352920532,0.54054266214370728 0.80324989557266235 0.31735995411872864, 0.63856267929077148 -0.30249336361885071 -0.29624444246292114  0.64263111352920532
1714994718.3712595,0.54049640893936157 0.80318170785903931 0.31739264726638794, 0.63879883289337158 -0.30199068784713745  -0.2958623468875885  0.64280879497528076,0.54049640893936157 0.80318170785903931 0.31739264726638794, 0.63879883289337158 -0.30199068784713745  -0.2958623468875885  0.64280879497528076
1714994718.3762589,0.54048538208007812 0.80311673879623413 0.31740504503250122, 0.63895493745803833 -0.30166852474212646 -0.29557240009307861  0.64293831586837769,0.54048538208007812 0.80311673879623413 0.31740504503250122, 0.63895493745803833 -0.30166852474212646 -0.29557240009307861  0.64293831586837769
1714994718.3812628,0.54044300317764282 0.80308294296264648 0.31749093532562256, 0.63914638757705688 -0.30138811469078064 -0.29527765512466431  0.64301496744155884,0.54044300317764282 0.80308294296264648 0.31749093532562256, 0.63914638757705688 -0.30138811469078064 -0.29527765512466431  0.64301496744155884
1714994718.3862598,0.54049479961395264 0.80296999216079712 0.31768161058425903, 0.63931596279144287 -0.30118030309677124 -0.29517835378646851  0.64298933744430542,0.54049479961395264 0.80296999216079712 0.31768161058425903, 0.63931596279144287 -0.30118030309677124 -0.29517835378646851  0.64298933744430542
1714994718.391264,0.54045796394348145 0.80300992727279663 0.31750503182411194, 0.63929754495620728 -0.30111771821975708 -0.29499351978302002  0.64312177896499634,0.54045796394348145 0.80300992727279663 0.31750503182411194, 0.63929754495620728 -0.30111771821975708 -0.29499351978302002  0.64312177896499634
1714994718.3962581, 0.5404355525970459 0.80298596620559692 0.31747874617576599, 0.63915997743606567 -0.30109888315200806 -0.29491347074508667  0.64330399036407471, 0.5404355525970459 0.80298596620559692 0.31747874617576599, 0.63915997743606567 -0.30109888315200806 -0.29491347074508667  0.64330399036407471
1714994718.4012604,0.54058319330215454 0.80291831493377686 0.31750732660293579, 0.63935697078704834 -0.30099576711654663 -0.29501193761825562  0.64311128854751587,0.54058319330215454 0.80291831493377686 0.31750732660293579, 0.63935697078704834 -0.30099576711654663 -0.29501193761825562  0.64311128854751587
1714994718.4062595,0.54056519269943237 0.80293035507202148 0.31753438711166382, 0.63919395208358765 -0.30101051926612854 -0.29502487182617188  0.64326047897338867,0.54056519269943237 0.80293035507202148 0.31753438711166382, 0.63919395208358765 -0.30101051926612854 -0.29502487182617188  0.64326047897338867
1714994718.4112592,0.54050779342651367 0.80303347110748291 0.31732374429702759, 0.63911497592926025  -0.3011353611946106 -0.29488265514373779  0.64334577322006226,0.54050779342651367 0.80303347110748291 0.31732374429702759, 0.63911497592926025  -0.3011353611946106 -0.29488265514373779  0.64334577322006226
1714994718.4162605,0.54057019948959351 0.80299103260040283 0.31757083535194397,0.63910883665084839 -0.3010743260383606 -0.2950311005115509 0.64331239461898804,0.54057019948959351 0.80299103260040283 0.31757083535194397,0.63910883665084839 -0.3010743260383606 -0.2950311005115509 0.64331239461898804
1714994718.4212594, 0.5405697226524353 0.80303943157196045 0.31746247410774231, 0.63921856880187988 -0.30105644464492798 -0.29502075910568237  0.64321643114089966, 0.5405697226524353 0.80303943157196045 0.31746247410774231, 0.63921856880187988 -0.30105644464492798 -0.29502075910568237  0.64321643114089966
1714994718.42626,0.54054808616638184 0.80308347940444946 0.31746381521224976, 0.63917595148086548 -0.30109086632728577 -0.29497683048248291  0.64326280355453491,0.54054808616638184 0.80308347940444946 0.31746381521224976, 0.63917595148086548 -0.30109086632728577 -0.29497683048248291  0.64326280355453491
1714994718.4312601,0.54052633047103882 0.80308061838150024 0.31751671433448792, 0.63922011852264404 -0.30108407139778137 -0.29499495029449463  0.64321380853652954,0.54052633047103882 0.80308061838150024 0.31751671433448792, 0.63922011852264404 -0.30108407139778137 -0.29499495029449463  0.64321380853652954
1714994718.4362607,0.54044413566589355 0.80313563346862793 0.31720650196075439, 0.63899374008178711 -0.30117657780647278 -0.29471021890640259  0.64352583885192871,0.54044413566589355 0.80313563346862793 0.31720650196075439, 0.63899374008178711 -0.30117657780647278 -0.29471021890640259  0.64352583885192871
1714994718.4412625, 0.5404927134513855 0.80307036638259888 0.31745907664299011, 0.63910949230194092 -0.30108258128166199 -0.29481571912765503  0.64340656995773315, 0.5404927134513855 0.80307036638259888 0.31745907664299011, 0.63910949230194092 -0.30108258128166199 -0.29481571912765503  0.64340656995773315
1714994718.4462605,0.54049080610275269  0.8030741810798645 0.31745263934135437, 0.63907063007354736 -0.30110177397727966 -0.29482302069664001   0.6434328556060791,0.54049080610275269  0.8030741810798645 0.31745263934135437, 0.63907063007354736 -0.30110177397727966 -0.29482302069664001   0.6434328556060791
1714994718.4512615,0.54051154851913452 0.80306637287139893 0.31747478246688843, 0.63905209302902222  -0.3011118471622467 -0.29479861259460449  0.64345771074295044,0.54051154851913452 0.80306637287139893 0.31747478246688843, 0.63905209302902222  -0.3011118471622467 -0.29479861259460449  0.64345771074295044
1714994718.4562628,0.54048573970794678  0.8030855655670166 0.31748342514038086, 0.63903146982192993 -0.30113235116004944 -0.29477441310882568  0.64347976446151733,0.54048573970794678  0.8030855655670166 0.31748342514038086, 0.63903146982192993 -0.30113235116004944 -0.29477441310882568  0.64347976446151733
1714994718.461261,0.54047209024429321 0.80307561159133911 0.31750702857971191, 0.63903450965881348   -0.301116943359375 -0.29478731751441956  0.64347797632217407,0.54047209024429321 0.80307561159133911 0.31750702857971191, 0.63903450965881348   -0.301116943359375 -0.29478731751441956  0.64347797632217407
1714994718.4662602,0.54050898551940918 0.80304914712905884  0.3174949586391449,  0.6390690803527832 -0.30110016465187073 -0.29480811953544617  0.64344197511672974,0.54050898551940918 0.80304914712905884  0.3174949586391449,  0.6390690803527832 -0.30110016465187073 -0.29480811953544617  0.64344197511672974
1714994718.4712241,0.54052668809890747 0.80306059122085571 0.31744411587715149, 0.63904863595962524 -0.30107620358467102  -0.2948324978351593  0.64346230030059814,0.54052668809890747 0.80306059122085571 0.31744411587715149, 0.63904863595962524 -0.30107620358467102  -0.2948324978351593  0.64346230030059814
1714994718.4762232,0.54048937559127808 0.80311399698257446 0.31725013256072998, 0.63902103900909424  -0.3011753261089325 -0.29471015930175781  0.64349937438964844,0.54048937559127808 0.80311399698257446 0.31725013256072998, 0.63902103900909424  -0.3011753261089325 -0.29471015930175781  0.64349937438964844
1714994718.4812572, 0.5404733419418335 0.80310630798339844 0.31725737452507019,0.63902544975280762   -0.30116006731987 -0.2947331964969635 0.64349162578582764, 0.5404733419418335 0.80310630798339844 0.31725737452507019,0.63902544975280762   -0.30116006731987 -0.2947331964969635 0.64349162578582764
1714994718.4862583,0.54052239656448364 0.80302900075912476 0.31747794151306152,0.63909786939620972 -0.3010404109954834 -0.2947869598865509  0.6434510350227356,0.54052239656448364 0.80302900075912476 0.31747794151306152,0.63909786939620972 -0.3010404109954834 -0.2947869598865509  0.6434510350227356
1714994718.4912603,0.54046124219894409 0.80312055349349976 0.31723469495773315,  0.6389959454536438 -0.30115616321563721 -0.29465353488922119  0.64355915784835815,0.54046124219894409 0.80312055349349976 0.31723469495773315,  0.6389959454536438 -0.30115616321563721 -0.29465353488922119  0.64355915784835815
1714994718.4962597,0.54041212797164917 0.80315232276916504  0.3172440230846405, 0.63897520303726196 -0.30113235116004944 -0.29469126462936401  0.64357370138168335,0.54041212797164917 0.80315232276916504  0.3172440230846405, 0.63897520303726196 -0.30113235116004944 -0.29469126462936401  0.64357370138168335
1714994718.5012593,0.54041987657546997 0.80312800407409668 0.31727084517478943, 0.63899320363998413 -0.30117291212081909 -0.29468712210655212   0.6435387134552002,0.54041987657546997 0.80312800407409668 0.31727084517478943, 0.63899320363998413 -0.30117291212081909 -0.29468712210655212   0.6435387134552002
1714994718.5062599,0.54047173261642456 0.80308079719543457 0.31724920868873596,  0.6390342116355896   -0.301165372133255 -0.29464823007583618  0.64351934194564819,0.54047173261642456 0.80308079719543457 0.31724920868873596,  0.6390342116355896   -0.301165372133255 -0.29464823007583618  0.64351934194564819
1714994718.5112581,0.54046344757080078 0.80309146642684937 0.31726816296577454, 0.63905024528503418 -0.30112731456756592 -0.29469192028045654   0.6435011625289917,0.54046344757080078 0.80309146642684937 0.31726816296577454, 0.63905024528503418 -0.30112731456756592 -0.29469192028045654   0.6435011625289917
1714994718.5162601,0.54046940803527832 0.80307149887084961 0.31726554036140442, 0.63886779546737671 -0.30121514201164246   -0.294717937707901  0.64362931251525879,0.54046940803527832 0.80307149887084961 0.31726554036140442, 0.63886779546737671 -0.30121514201164246   -0.294717937707901  0.64362931251525879
1714994718.5212581,0.54053014516830444 0.80301153659820557 0.31744402647018433, 0.63908272981643677 -0.30108422040939331 -0.29480668902397156  0.64343655109405518,0.54053014516830444 0.80301153659820557 0.31744402647018433, 0.63908272981643677 -0.30108422040939331 -0.29480668902397156  0.64343655109405518
1714994718.5262589,0.54051321744918823 0.80300754308700562  0.3174491822719574, 0.63912296295166016 -0.30105051398277283  -0.2947559654712677  0.64343559741973877,0.54051321744918823 0.80300754308700562  0.3174491822719574, 0.63912296295166016 -0.30105051398277283  -0.2947559654712677  0.64343559741973877
1714994718.5312607,0.54046595096588135 0.80310207605361938 0.31720912456512451, 0.63902091979980469 -0.30114266276359558 -0.29466345906257629  0.64353615045547485,0.54046595096588135 0.80310207605361938 0.31720912456512451, 0.63902091979980469 -0.30114266276359558 -0.29466345906257629  0.64353615045547485
1714994718.5362563,0.54043376445770264 0.80309659242630005 0.31725114583969116, 0.63888645172119141 -0.30119854211807251 -0.29464042186737061  0.64365404844284058,0.54043376445770264 0.80309659242630005 0.31725114583969116, 0.63888645172119141 -0.30119854211807251 -0.29464042186737061  0.64365404844284058
1714994718.5412662,0.54049378633499146 0.80304062366485596 0.31743699312210083, 0.63911283016204834  -0.3010847270488739 -0.29472878575325012  0.64344209432601929,0.54049378633499146 0.80304062366485596 0.31743699312210083, 0.63911283016204834  -0.3010847270488739 -0.29472878575325012  0.64344209432601929
1714994718.5462599,0.54052883386611938 0.80302226543426514 0.31748664379119873, 0.63893783092498779 -0.30113703012466431 -0.29481044411659241  0.64355403184890747,0.54052883386611938 0.80302226543426514 0.31748664379119873, 0.63893783092498779 -0.30113703012466431 -0.29481044411659241  0.64355403184890747
1714994718.5512576,0.54048192501068115 0.80309379100799561 0.31722846627235413,  0.6388392448425293  -0.3012358546257019 -0.29470503330230713  0.64365386962890625,0.54048192501068115 0.80309379100799561 0.31722846627235413,  0.6388392448425293  -0.3012358546257019 -0.29470503330230713  0.64365386962890625
1714994718.5562792,0.54046076536178589 0.80312764644622803 0.31723114848136902, 0.63899821043014526 -0.30120998620986938 -0.29462301731109619  0.64354574680328369,0.54046076536178589 0.80312764644622803 0.31723114848136902, 0.63899821043014526 -0.30120998620986938 -0.29462301731109619  0.64354574680328369
1714994718.5612864,0.54053670167922974 0.80302935838699341 0.31745785474777222, 0.63906759023666382    -0.30108642578125 -0.29482540488243103  0.64344197511672974,0.54053670167922974 0.80302935838699341 0.31745785474777222, 0.63906759023666382    -0.30108642578125 -0.29482540488243103  0.64344197511672974
1714994718.5662584,0.54051148891448975 0.80303609371185303 0.31747156381607056, 0.63904488086700439 -0.30111029744148254 -0.29475989937782288  0.64348340034484863,0.54051148891448975 0.80303609371185303 0.31747156381607056, 0.63904488086700439 -0.30111029744148254 -0.29475989937782288  0.64348340034484863
1714994718.5712578,0.54049885272979736 0.80308830738067627 0.31744095683097839, 0.63900059461593628 -0.30113467574119568 -0.29480186104774475  0.64349669218063354,0.54049885272979736 0.80308830738067627 0.31744095683097839, 0.63900059461593628 -0.30113467574119568 -0.29480186104774475  0.64349669218063354
1714994718.5762579,0.54049801826477051 0.80309242010116577 0.31743878126144409, 0.63900303840637207 -0.30116206407546997  -0.2947639524936676  0.64349877834320068,0.54049801826477051 0.80309242010116577 0.31743878126144409, 0.63900303840637207 -0.30116206407546997  -0.2947639524936676  0.64349877834320068
1714994718.5812616,0.54046398401260376 0.80308347940444946 0.31748706102371216, 0.63902038335800171 -0.30108234286308289 -0.29481711983680725  0.64349454641342163,0.54046398401260376 0.80308347940444946 0.31748706102371216, 0.63902038335800171 -0.30108234286308289 -0.29481711983680725  0.64349454641342163
1714994718.5862734,0.54050028324127197 0.80308276414871216 0.31743317842483521,  0.6390189528465271 -0.30114951729774475 -0.29481160640716553  0.64346706867218018,0.54050028324127197 0.80308276414871216 0.31743317842483521,  0.6390189528465271 -0.30114951729774475 -0.29481160640716553  0.64346706867218018
1714994718.5912161,0.54050612449645996 0.80306386947631836 0.31748214364051819, 0.63902401924133301 -0.30112910270690918 -0.29479947686195374  0.64347714185714722,0.54050612449645996 0.80306386947631836 0.31748214364051819, 0.63902401924133301 -0.30112910270690918 -0.29479947686195374  0.64347714185714722
1714994718.596216, 0.5404931902885437 0.80306947231292725 0.31748789548873901,0.63906210660934448 -0.3011360764503479 -0.2948002815246582 0.64343571662902832, 0.5404931902885437 0.80306947231292725 0.31748789548873901,0.63906210660934448 -0.3011360764503479 -0.2948002815246582 0.64343571662902832
1714994718.6012576,0.54052019119262695 0.80304569005966187 0.31747511029243469, 0.63905787467956543 -0.30113640427589417 -0.29482728242874146  0.64342737197875977,0.54052019119262695 0.80304569005966187 0.31747511029243469, 0.63905787467956543 -0.30113640427589417 -0.29482728242874146  0.64342737197875977
1714994718.6062593,0.54051429033279419 0.80306237936019897  0.3174712061882019, 0.63905191421508789  -0.3011614978313446 -0.29481002688407898   0.6434294581413269,0.54051429033279419 0.80306237936019897  0.3174712061882019, 0.63905191421508789  -0.3011614978313446 -0.29481002688407898   0.6434294581413269
1714994718.6112592,0.54053241014480591 0.80307304859161377 0.31743532419204712, 0.63899517059326172  -0.3011070191860199 -0.29482290148735046  0.64350539445877075,0.54053241014480591 0.80307304859161377 0.31743532419204712, 0.63899517059326172  -0.3011070191860199 -0.29482290148735046  0.64350539445877075
1714994718.6162617,0.54047238826751709 0.80313199758529663 0.31726124882698059, 0.63894307613372803 -0.30126604437828064 -0.29468080401420593  0.64354777336120605,0.54047238826751709 0.80313199758529663 0.31726124882698059, 0.63894307613372803 -0.30126604437828064 -0.29468080401420593  0.64354777336120605
1714994718.6212606,0.54050713777542114 0.80306947231292725 0.31743800640106201, 0.63901501893997192 -0.30115261673927307 -0.29477846622467041  0.64348471164703369,0.54050713777542114 0.80306947231292725 0.31743800640106201, 0.63901501893997192 -0.30115261673927307 -0.29477846622467041  0.64348471164703369
1714994718.6262469, 0.5404818058013916 0.80305403470993042 0.31750872731208801,  0.6390642523765564 -0.30112767219543457 -0.29478326439857483  0.64344531297683716, 0.5404818058013916 0.80305403470993042 0.31750872731208801,  0.6390642523765564 -0.30112767219543457 -0.29478326439857483  0.64344531297683716
1714994718.6312585,0.54053163528442383 0.80303376913070679 0.31746172904968262, 0.63905465602874756 -0.30112648010253906 -0.29480955004692078  0.64344334602355957,0.54053163528442383 0.80303376913070679 0.31746172904968262, 0.63905465602874756 -0.30112648010253906 -0.29480955004692078  0.64344334602355957
1714994718.6362576,0.54044920206069946 0.80309379100799561 0.31727436184883118, 0.63888734579086304 -0.30127716064453125  -0.2946174144744873  0.64362692832946777,0.54044920206069946 0.80309379100799561 0.31727436184883118, 0.63888734579086304 -0.30127716064453125  -0.2946174144744873  0.64362692832946777
1714994718.641257,0.54051554203033447 0.80304700136184692 0.31740850210189819, 0.63910025358200073 -0.30111175775527954 -0.29477006196975708  0.64342302083969116,0.54051554203033447 0.80304700136184692 0.31740850210189819, 0.63910025358200073 -0.30111175775527954 -0.29477006196975708  0.64342302083969116
1714994718.6462624,0.54053020477294922 0.80301928520202637 0.31741487979888916, 0.63911408185958862 -0.30111157894134521 -0.29474160075187683  0.64342236518859863,0.54053020477294922 0.80301928520202637 0.31741487979888916, 0.63911408185958862 -0.30111157894134521 -0.29474160075187683  0.64342236518859863
1714994718.6512587,0.54045766592025757 0.80311042070388794 0.31722038984298706, 0.63900220394134521 -0.30119630694389343 -0.29463562369346619  0.64354240894317627,0.54045766592025757 0.80311042070388794 0.31722038984298706, 0.63900220394134521 -0.30119630694389343 -0.29463562369346619  0.64354240894317627
1714994718.6562579,0.54046106338500977 0.80312687158584595 0.31722396612167358, 0.63898575305938721 -0.30121597647666931 -0.29460155963897705  0.64356511831283569,0.54046106338500977 0.80312687158584595 0.31722396612167358, 0.63898575305938721 -0.30121597647666931 -0.29460155963897705  0.64356511831283569
1714994718.6612408,0.54050099849700928 0.80305331945419312 0.31747245788574219, 0.63909351825714111 -0.30111593008041382 -0.29476645588874817  0.64342939853668213,0.54050099849700928 0.80305331945419312 0.31747245788574219, 0.63909351825714111 -0.30111593008041382 -0.29476645588874817  0.64342939853668213
1714994718.6662629,0.54049515724182129 0.80305296182632446 0.31749489903450012, 0.63907051086425781 -0.30110624432563782 -0.29474782943725586  0.64346534013748169,0.54049515724182129 0.80305296182632446 0.31749489903450012, 0.63907051086425781 -0.30110624432563782 -0.29474782943725586  0.64346534013748169
1714994718.6712594,0.54046189785003662 0.80311423540115356  0.3172360360622406, 0.63899576663970947   -0.301187664270401 -0.29457440972328186   0.6435808539390564,0.54046189785003662 0.80311423540115356  0.3172360360622406, 0.63899576663970947   -0.301187664270401 -0.29457440972328186   0.6435808539390564
1714994718.6762576,0.54044443368911743 0.80311375856399536 0.31726023554801941, 0.63903212547302246 -0.30119743943214417 -0.29463431239128113   0.6435127854347229,0.54044443368911743 0.80311375856399536 0.31726023554801941, 0.63903212547302246 -0.30119743943214417 -0.29463431239128113   0.6435127854347229
1714994718.6812572,0.54051142930984497 0.80300188064575195 0.31747737526893616, 0.63910460472106934 -0.30105802416801453 -0.29482147097587585  0.64342027902603149,0.54051142930984497 0.80300188064575195 0.31747737526893616, 0.63910460472106934 -0.30105802416801453 -0.29482147097587585  0.64342027902603149
1714994718.6862571,  0.540507972240448 0.80301165580749512  0.3174440860748291, 0.63907980918884277 -0.30109414458274841 -0.29473209381103516  0.64346897602081299,  0.540507972240448 0.80301165580749512  0.3174440860748291, 0.63907980918884277 -0.30109414458274841 -0.29473209381103516  0.64346897602081299
1714994718.6912723,0.54043924808502197  0.8031238317489624  0.3172985315322876, 0.63923931121826172 -0.30110877752304077 -0.29469937086105347  0.64331865310668945,0.54043924808502197  0.8031238317489624  0.3172985315322876, 0.63923931121826172 -0.30110877752304077 -0.29469937086105347  0.64331865310668945
1714994718.6962581,0.54042685031890869 0.80314290523529053 0.31729882955551147, 0.63922256231307983 -0.30111819505691528 -0.29478025436401367  0.64329379796981812,0.54042685031890869 0.80314290523529053 0.31729882955551147, 0.63922256231307983 -0.30111819505691528 -0.29478025436401367  0.64329379796981812
1714994718.7012808, 0.5404590368270874 0.80313199758529663 0.31733888387680054, 0.63922101259231567 -0.30111190676689148 -0.29477843642234802  0.64329910278320312, 0.5404590368270874 0.80313199758529663 0.31733888387680054, 0.63922101259231567 -0.30111190676689148 -0.29477843642234802  0.64329910278320312
1714994718.7062593,0.54047894477844238 0.80308747291564941 0.31753867864608765, 0.63929581642150879 -0.30105510354042053 -0.29484856128692627   0.6432192325592041,0.54047894477844238 0.80308747291564941 0.31753867864608765, 0.63929581642150879 -0.30105510354042053 -0.29484856128692627   0.6432192325592041
1714994718.711261,0.54052186012268066 0.80309700965881348 0.31749537587165833, 0.63924592733383179 -0.30108219385147095 -0.29486027359962463  0.64325076341629028,0.54052186012268066 0.80309700965881348 0.31749537587165833, 0.63924592733383179 -0.30108219385147095 -0.29486027359962463  0.64325076341629028
1714994718.7162628,0.54039978981018066 0.80320298671722412 0.31731203198432922, 0.63917821645736694 -0.30117803812026978 -0.29471373558044434   0.6433403491973877,0.54039978981018066 0.80320298671722412 0.31731203198432922, 0.63917821645736694 -0.30117803812026978 -0.29471373558044434   0.6433403491973877
1714994718.7212605,0.54048687219619751 0.80310970544815063 0.31747645139694214, 0.63924843072891235  -0.3010847270488739 -0.29484328627586365  0.64325493574142456,0.54048687219619751 0.80310970544815063 0.31747645139694214, 0.63924843072891235  -0.3010847270488739 -0.29484328627586365  0.64325493574142456
1714994718.7262585,0.54050576686859131 0.80309265851974487 0.31746959686279297, 0.63924390077590942 -0.30108511447906494 -0.29484248161315918  0.64325958490371704,0.54050576686859131 0.80309265851974487 0.31746959686279297, 0.63924390077590942 -0.30108511447906494 -0.29484248161315918  0.64325958490371704
1714994718.731261,0.54050290584564209  0.8030896782875061 0.31749957799911499, 0.63925576210021973 -0.30108228325843811  -0.2948487401008606  0.64324623346328735,0.54050290584564209  0.8030896782875061 0.31749957799911499, 0.63925576210021973 -0.30108228325843811  -0.2948487401008606  0.64324623346328735
1714994718.7362814,0.54050588607788086 0.80308371782302856 0.31746447086334229, 0.63928228616714478 -0.30104249715805054 -0.29485008120536804   0.6432378888130188,0.54050588607788086 0.80308371782302856 0.31746447086334229, 0.63928228616714478 -0.30104249715805054 -0.29485008120536804   0.6432378888130188
1714994718.7412169,0.54049760103225708 0.80309391021728516  0.3174642026424408,   0.639304518699646 -0.30106011033058167 -0.29486367106437683  0.64320129156112671,0.54049760103225708 0.80309391021728516  0.3174642026424408,   0.639304518699646 -0.30106011033058167 -0.29486367106437683  0.64320129156112671
1714994718.7462595,0.54052585363388062 0.80306214094161987 0.31751403212547302, 0.63928788900375366 -0.30106273293495178 -0.29489094018936157  0.64320415258407593,0.54052585363388062 0.80306214094161987 0.31751403212547302, 0.63928788900375366 -0.30106273293495178 -0.29489094018936157  0.64320415258407593
1714994718.7512596, 0.5404587984085083 0.80316638946533203 0.31727278232574463, 0.63919627666473389  -0.3011951744556427 -0.29470884799957275  0.64331662654876709, 0.5404587984085083 0.80316638946533203 0.31727278232574463, 0.63919627666473389  -0.3011951744556427 -0.29470884799957275  0.64331662654876709
1714994718.7562573,0.54049384593963623 0.80310153961181641 0.31750479340553284, 0.63929998874664307 -0.30101877450942993 -0.29480281472206116  0.64325308799743652,0.54049384593963623 0.80310153961181641 0.31750479340553284, 0.63929998874664307 -0.30101877450942993 -0.29480281472206116  0.64325308799743652
1714994718.7612581,0.54050832986831665 0.80308973789215088 0.31750455498695374, 0.63929033279418945  -0.3010602593421936 -0.29486647248268127  0.64321410655975342,0.54050832986831665 0.80308973789215088 0.31750455498695374, 0.63929033279418945  -0.3010602593421936 -0.29486647248268127  0.64321410655975342
1714994718.7662582,0.54051327705383301 0.80308151245117188 0.31750175356864929, 0.63928115367889404 -0.30102476477622986 -0.29481977224349976  0.64326125383377075,0.54051327705383301 0.80308151245117188 0.31750175356864929, 0.63928115367889404 -0.30102476477622986 -0.29481977224349976  0.64326125383377075
1714994718.7712572,0.54050916433334351 0.80308395624160767 0.31750386953353882, 0.63929897546768188 -0.30102986097335815 -0.29480591416358948  0.64324748516082764,0.54050916433334351 0.80308395624160767 0.31750386953353882, 0.63929897546768188 -0.30102986097335815 -0.29480591416358948  0.64324748516082764
1714994718.7762592,0.54043573141098022 0.80316883325576782 0.31729656457901001,  0.6392219066619873 -0.30117502808570862 -0.29471424221992493  0.64329814910888672,0.54043573141098022 0.80316883325576782 0.31729656457901001,  0.6392219066619873 -0.30117502808570862 -0.29471424221992493  0.64329814910888672
1714994718.7812567,0.54041969776153564 0.80316400527954102 0.31729859113693237,  0.6392282247543335 -0.30113700032234192  -0.2947266697883606  0.64330393075942993,0.54041969776153564 0.80316400527954102 0.31729859113693237,  0.6392282247543335 -0.30113700032234192  -0.2947266697883606  0.64330393075942993
1714994718.7862582, 0.5404399037361145 0.80312591791152954 0.31732121109962463, 0.63927149772644043 -0.30116742849349976 -0.29464784264564514  0.64328283071517944, 0.5404399037361145 0.80312591791152954 0.31732121109962463, 0.63927149772644043 -0.30116742849349976 -0.29464784264564514  0.64328283071517944
1714994718.7912972,0.54042929410934448 0.80313152074813843 0.31731143593788147, 0.63927596807479858 -0.30118086934089661 -0.29463866353034973  0.64327627420425415,0.54042929410934448 0.80313152074813843 0.31731143593788147, 0.63927596807479858 -0.30118086934089661 -0.29463866353034973  0.64327627420425415
1714994718.7962618,0.54043865203857422  0.8031156063079834 0.31729578971862793, 0.63927561044692993 -0.30111369490623474 -0.29470416903495789  0.64327806234359741,0.54043865203857422  0.8031156063079834 0.31729578971862793, 0.63927561044692993 -0.30111369490623474 -0.29470416903495789  0.64327806234359741
1714994718.8012583,0.54041433334350586  0.8031303882598877 0.31734558939933777, 0.63928890228271484 -0.30109712481498718 -0.29467636346817017  0.64328533411026001,0.54041433334350586  0.8031303882598877 0.31734558939933777, 0.63928890228271484 -0.30109712481498718 -0.29467636346817017  0.64328533411026001
1714994718.8062563,0.54121965169906616  0.8025171160697937 0.31719508767127991, 0.63914120197296143 -0.30116522312164307 -0.29519721865653992  0.64316147565841675,0.54053407907485962 0.80305057764053345  0.3174898624420166, 0.63930302858352661 -0.30109068751335144 -0.29484254121780396  0.64319819211959839
1714994718.8112569, 0.5404822826385498 0.80314123630523682 0.31728655099868774, 0.63922524452209473 -0.30110445618629456 -0.29477539658546448  0.64329981803894043, 0.5404822826385498 0.80314123630523682 0.31728655099868774, 0.63922524452209473 -0.30110445618629456 -0.29477539658546448  0.64329981803894043
1714994718.8162606,0.54042178392410278 0.80316781997680664 0.31731873750686646, 0.63921624422073364 -0.30112504959106445 -0.29474103450775146  0.64331483840942383,0.54042178392410278 0.80316781997680664 0.31731873750686646, 0.63921624422073364 -0.30112504959106445 -0.29474103450775146  0.64331483840942383
1714994718.821228,0.54049760103225708 0.80309468507766724 0.31746318936347961, 0.63927918672561646  -0.3010755181312561 -0.29482492804527283  0.64323705434799194,0.54049760103225708 0.80309468507766724 0.31746318936347961, 0.63927918672561646  -0.3010755181312561 -0.29482492804527283  0.64323705434799194
1714994718.8262599,0.54049354791641235 0.80308747291564941 0.31751671433448792,0.63930970430374146 -0.3010483980178833  -0.294838547706604 0.64321315288543701,0.54049354791641235 0.80308747291564941 0.31751671433448792,0.63930970430374146 -0.3010483980178833  -0.294838547706604 0.64321315288543701
1714994718.8312595,0.54046964645385742 0.80308961868286133 0.31753847002983093, 0.63929694890975952 -0.30105775594711304 -0.29484343528747559   0.6432192325592041,0.54046964645385742 0.80308961868286133 0.31753847002983093, 0.63929694890975952 -0.30105775594711304 -0.29484343528747559   0.6432192325592041
1714994718.8362572,0.54043567180633545 0.80317050218582153 0.31727859377861023, 0.63922834396362305 -0.30108889937400818 -0.29475024342536926  0.64331555366516113,0.54043567180633545 0.80317050218582153 0.31727859377861023, 0.63922834396362305 -0.30108889937400818 -0.29475024342536926  0.64331555366516113
1714994718.8412845,0.54048079252243042  0.8030705451965332 0.31748813390731812, 0.63932520151138306 -0.30105724930763245 -0.29476705193519592  0.64322638511657715,0.54048079252243042  0.8030705451965332 0.31748813390731812, 0.63932520151138306 -0.30105724930763245 -0.29476705193519592  0.64322638511657715
1714994718.8462603,0.54051429033279419 0.80305224657058716 0.31751203536987305, 0.63930010795593262 -0.30106496810913086 -0.29479828476905823  0.64323341846466064,0.54051429033279419 0.80305224657058716 0.31751203536987305, 0.63930010795593262 -0.30106496810913086 -0.29479828476905823  0.64323341846466064
1714994718.8512897,0.54053360223770142 0.80306565761566162 0.31753888726234436, 0.63929176330566406 -0.30109786987304688 -0.29484161734580994  0.64320647716522217,0.54053360223770142 0.80306565761566162 0.31753888726234436, 0.63929176330566406 -0.30109786987304688 -0.29484161734580994  0.64320647716522217
1714994718.8562591,0.54044961929321289 0.80317240953445435 0.31726419925689697, 0.63923412561416626 -0.30116021633148193 -0.29466778039932251   0.6433141827583313,0.54044961929321289 0.80317240953445435 0.31726419925689697, 0.63923412561416626 -0.30116021633148193 -0.29466778039932251   0.6433141827583313
1714994718.8612616,0.54052555561065674 0.80308860540390015 0.31748339533805847, 0.63929855823516846 -0.30104649066925049 -0.29487529397010803  0.64320832490921021,0.54052555561065674 0.80308860540390015 0.31748339533805847, 0.63929855823516846 -0.30104649066925049 -0.29487529397010803  0.64320832490921021
1714994718.8662608,0.54051965475082397  0.8030816912651062 0.31750032305717468, 0.63929760456085205 -0.30102020502090454 -0.29482096433639526  0.64324647188186646,0.54051965475082397  0.8030816912651062 0.31750032305717468, 0.63929760456085205 -0.30102020502090454 -0.29482096433639526  0.64324647188186646
1714994718.8712602,0.54045736789703369 0.80319082736968994 0.31728252768516541, 0.63918328285217285 -0.30117982625961304  -0.2947344183921814  0.64332497119903564,0.54045736789703369 0.80319082736968994 0.31728252768516541, 0.63918328285217285 -0.30117982625961304  -0.2947344183921814  0.64332497119903564
1714994718.8762586,0.54048937559127808 0.80312126874923706 0.31752485036849976, 0.63928115367889404 -0.30105805397033691 -0.29483437538146973  0.64323896169662476,0.54048937559127808 0.80312126874923706 0.31752485036849976, 0.63928115367889404 -0.30105805397033691 -0.29483437538146973  0.64323896169662476
1714994718.8812578,0.54043841361999512  0.8031800389289856 0.31729114055633545, 0.63920807838439941 -0.30117759108543396 -0.29471981525421143  0.64330810308456421,0.54043841361999512  0.8031800389289856 0.31729114055633545, 0.63920807838439941 -0.30117759108543396 -0.29471981525421143  0.64330810308456421
1714994718.8862572,0.54047375917434692 0.80310899019241333 0.31754255294799805, 0.63926988840103149 -0.30108374357223511 -0.29481256008148193  0.64324814081192017,0.54047375917434692 0.80310899019241333 0.31754255294799805, 0.63926988840103149 -0.30108374357223511 -0.29481256008148193  0.64324814081192017
1714994718.8912568,0.54048538208007812 0.80309110879898071  0.3175070583820343, 0.63927805423736572 -0.30107194185256958 -0.29477754235267639   0.6432616114616394,0.54048538208007812 0.80309110879898071  0.3175070583820343, 0.63927805423736572 -0.30107194185256958 -0.29477754235267639   0.6432616114616394
1714994718.8962834,0.54048484563827515  0.8030846118927002 0.31753769516944885, 0.63930147886276245 -0.30105191469192505 -0.29486072063446045  0.64320951700210571,0.54048484563827515  0.8030846118927002 0.31753769516944885, 0.63930147886276245 -0.30105191469192505 -0.29486072063446045  0.64320951700210571
1714994718.9012587,0.54040819406509399 0.80318516492843628 0.31731224060058594, 0.63926070928573608  -0.3011220395565033 -0.29473543167114258  0.64327466487884521,0.54040819406509399 0.80318516492843628 0.31731224060058594, 0.63926070928573608  -0.3011220395565033 -0.29473543167114258  0.64327466487884521
1714994718.90626,0.54053562879562378 0.80304890871047974 0.31752446293830872, 0.63929241895675659 -0.30105528235435486 -0.29486164450645447  0.64321649074554443,0.54053562879562378 0.80304890871047974 0.31752446293830872, 0.63929241895675659 -0.30105528235435486 -0.29486164450645447  0.64321649074554443
1714994718.9112115,0.54049926996231079  0.8030860424041748  0.3175184428691864,  0.6393013596534729 -0.30103179812431335 -0.29485225677490234  0.64322298765182495,0.54049926996231079  0.8030860424041748  0.3175184428691864,  0.6393013596534729 -0.30103179812431335 -0.29485225677490234  0.64322298765182495
1714994718.9162312,0.54042613506317139 0.80317169427871704 0.31732487678527832, 0.63923394680023193 -0.30115106701850891 -0.29473194479942322  0.64328926801681519,0.54042613506317139 0.80317169427871704 0.31732487678527832, 0.63923394680023193 -0.30115106701850891 -0.29473194479942322  0.64328926801681519
1714994718.9212604,0.54052954912185669 0.80307865142822266 0.31748616695404053, 0.63930809497833252 -0.30102023482322693   -0.294878751039505  0.64320951700210571,0.54052954912185669 0.80307865142822266 0.31748616695404053, 0.63930809497833252 -0.30102023482322693   -0.294878751039505  0.64320951700210571
1714994718.9262593, 0.5405200719833374 0.80304670333862305  0.3175414502620697, 0.63935005664825439 -0.30101823806762695 -0.29481837153434753  0.64319640398025513, 0.5405200719833374 0.80304670333862305  0.3175414502620697, 0.63935005664825439 -0.30101823806762695 -0.29481837153434753  0.64319640398025513
1714994718.931258,0.54045999050140381 0.80316692590713501 0.31725963950157166,   0.639243483543396 -0.30112820863723755 -0.29472669959068298  0.64329284429550171,0.54045999050140381 0.80316692590713501 0.31725963950157166,   0.639243483543396 -0.30112820863723755 -0.29472669959068298  0.64329284429550171
1714994718.9362576,0.54124104976654053 0.80252987146377563 0.31718537211418152, 0.63915133476257324 -0.30112144351005554 -0.29528239369392395  0.64313280582427979,0.54124104976654053 0.80252987146377563 0.31718537211418152, 0.63915133476257324 -0.30112144351005554 -0.29528239369392395  0.64313280582427979
1714994718.9412122,  0.540516197681427 0.80303829908370972 0.31749507784843445, 0.63934630155563354 -0.30101272463798523 -0.29485568404197693  0.64318561553955078,  0.540516197681427 0.80303829908370972 0.31749507784843445, 0.63934630155563354 -0.30101272463798523 -0.29485568404197693  0.64318561553955078
1714994718.9462605,0.54048782587051392 0.80307459831237793   0.317503422498703, 0.63936531543731689  -0.3011019229888916 -0.29476654529571533  0.64316582679748535,0.54048782587051392 0.80307459831237793   0.317503422498703, 0.63936531543731689  -0.3011019229888916 -0.29476654529571533  0.64316582679748535
1714994718.9512575,0.54043424129486084 0.80314356088638306 0.31731864809989929, 0.63931107521057129 -0.30118504166603088 -0.29458680748939514  0.64326322078704834,0.54043424129486084 0.80314356088638306 0.31731864809989929, 0.63931107521057129 -0.30118504166603088 -0.29458680748939514  0.64326322078704834
1714994718.9562573,0.54038840532302856 0.80318331718444824 0.31732892990112305, 0.63916283845901489   -0.301270991563797 -0.29450154304504395  0.64340931177139282,0.54038840532302856 0.80318331718444824 0.31732892990112305, 0.63916283845901489   -0.301270991563797 -0.29450154304504395  0.64340931177139282
1714994718.9612563,0.54048281908035278 0.80308502912521362 0.31750935316085815, 0.63945156335830688 -0.30108752846717834 -0.29468652606010437  0.64312350749969482,0.54048281908035278 0.80308502912521362 0.31750935316085815, 0.63945156335830688 -0.30108752846717834 -0.29468652606010437  0.64312350749969482
1714994718.9662621,  0.540488600730896 0.80308687686920166 0.31757727265357971, 0.63939493894577026 -0.30108919739723206  -0.2947109043598175  0.64316785335540771,  0.540488600730896 0.80308687686920166 0.31757727265357971, 0.63939493894577026 -0.30108919739723206  -0.2947109043598175  0.64316785335540771
1714994718.9712605, 0.5404433012008667 0.80316197872161865 0.31730112433433533, 0.63930827379226685 -0.30124548077583313 -0.29450178146362305  0.64327657222747803, 0.5404433012008667 0.80316197872161865 0.31730112433433533, 0.63930827379226685 -0.30124548077583313 -0.29450178146362305  0.64327657222747803
1714994718.9762182,0.54044866561889648 0.80318623781204224 0.31726861000061035, 0.63927346467971802 -0.30121633410453796  -0.2945961058139801  0.64328169822692871,0.54044866561889648 0.80318623781204224 0.31726861000061035, 0.63927346467971802 -0.30121633410453796  -0.2945961058139801  0.64328169822692871
1714994718.9812608,0.54040235280990601  0.8031998872756958 0.31727498769760132, 0.63926082849502563 -0.30116617679595947 -0.29462483525276184  0.64330452680587769,0.54040235280990601  0.8031998872756958 0.31727498769760132, 0.63926082849502563 -0.30116617679595947 -0.29462483525276184  0.64330452680587769
1714994718.986259,0.54048985242843628 0.80309450626373291 0.31754279136657715, 0.63932836055755615 -0.30113759636878967 -0.29473227262496948  0.64320158958435059,0.54048985242843628 0.80309450626373291 0.31754279136657715, 0.63932836055755615 -0.30113759636878967 -0.29473227262496948  0.64320158958435059
1714994718.9912794,0.54047507047653198 0.80309301614761353 0.31753447651863098, 0.63930773735046387 -0.30113232135772705 -0.29469335079193115  0.64324241876602173,0.54047507047653198 0.80309301614761353 0.31753447651863098, 0.63930773735046387 -0.30113232135772705 -0.29469335079193115  0.64324241876602173
1714994718.9962606, 0.5403827428817749 0.80320620536804199 0.31728547811508179, 0.63919395208358765 -0.30126219987869263 -0.29460537433624268  0.64333492517471313, 0.5403827428817749 0.80320620536804199 0.31728547811508179, 0.63919395208358765 -0.30126219987869263 -0.29460537433624268  0.64333492517471313
1714994719.001261,0.54039442539215088 0.80318200588226318 0.31730759143829346, 0.63919931650161743 -0.30124339461326599 -0.29464274644851685  0.64332127571105957,0.54039442539215088 0.80318200588226318 0.31730759143829346, 0.63919931650161743 -0.30124339461326599 -0.29464274644851685  0.64332127571105957
1714994719.0062616,0.54045170545578003 0.80307334661483765 0.31756690144538879, 0.63927936553955078 -0.30113774538040161 -0.29474472999572754  0.64324450492858887,0.54045170545578003 0.80307334661483765 0.31756690144538879, 0.63927936553955078 -0.30113774538040161 -0.29474472999572754  0.64324450492858887
1714994719.0112572,0.54045301675796509 0.80311459302902222 0.31752178072929382, 0.63916867971420288 -0.30120176076889038 -0.29478228092193604  0.64330732822418213,0.54045301675796509 0.80311459302902222 0.31752178072929382, 0.63916867971420288 -0.30120176076889038 -0.29478228092193604  0.64330732822418213
1714994719.0162973,0.54038745164871216 0.80316787958145142 0.31736332178115845, 0.63907289505004883 -0.30131608247756958 -0.29467865824699402  0.64339637756347656,0.54038745164871216 0.80316787958145142 0.31736332178115845, 0.63907289505004883 -0.30131608247756958 -0.29467865824699402  0.64339637756347656
1714994719.0212619,0.54045623540878296 0.80309391021728516  0.3175818920135498, 0.63913881778717041   -0.301322340965271 -0.29474282264709473  0.64329856634140015,0.54045623540878296 0.80309391021728516  0.3175818920135498, 0.63913881778717041   -0.301322340965271 -0.29474282264709473  0.64329856634140015
