DesiredFlux,0.641,HitTime,1715867595.1711533,DesiredPos,0.58505374193191528 0.15693068504333496 0.22130587697029114
RobotName,RosTime,JointPosition,JointVelocity,JointEffort,TorqueCmd,EEF_Position,EEF_Orientation,EEF_Velocity,EEF_DesiredVelocity,Inertia,DirGrad,HittingFlux
IIWA_7,1715867594.491926,-0.9506120288286467  1.5717623152668287  1.0769802276345781 -0.7285701073622467 -2.8181312329144994 -1.8661499464255726 -0.3234136036279775,-0.00012927581420592061  1.7228339225898936e-05  -0.0016873020857333877  -5.639359382049332e-05  -4.200545485765858e-07 -0.00026600195326234046 -0.00024618930314198223,   0.8925818176269531    71.253300941467288   -15.333489780426024    -8.311619510650635   -2.1701241493225099   0.88143818283081055 -0.055069026947021482,-0.077115388114399191  -0.12862358704551252  -0.48559337896883759  -0.97419157966291647   -3.3289184816772743 -0.087130417679515515    0.4014637768044173, 0.59349960088729858 -0.20119507610797882  0.22224484384059906,  -0.69294452667236328 -0.0044200560078024864  0.0053663840517401695    0.72095739841461182,-0.00031539495103061199 -0.00032146263401955366 -0.00065418402664363384, -0.0028157762717455626     0.70403027534484863 -0.00031460757600143552,   0.1301034539937973  0.036204330623149872  0.047185815870761871  0.036204330623149872   0.24584995210170746 -0.012829039245843887  0.047185815870761871 -0.012829039245843887   0.24008695781230927,    -1.1957144460685853    -0.34325817926106339     -0.2361401977850619      1.2864808524373217     0.50429619870673292   -0.087788463151383667 -1.9999332856457386e-05,0.00072309997631236911
IIWA_7,1715867594.4969263,-0.95060789425273184   1.5717625549223515   1.0769751942140986 -0.72857094632020147  -2.8181312329144994  -1.8661510250390505 -0.32341450247254228, 6.1962385229676623e-05  2.3368892291126102e-05  -0.0015511784877678186 -7.8673193247357322e-05 -3.3604363886126866e-07  -0.0002559461017245647  -0.0002329052251047218,   1.0001217956542969    71.272120437622064   -15.329968280792237   -8.3565186309814443   -2.1701241493225099   0.88911447143554689 -0.056737785339355466,-0.087732340234331047  -0.13813960113618107  -0.48123132436006388   -0.9699022985422584   -3.3257008827937322 -0.090573763692429948   0.40142835972131685, 0.59349954128265381 -0.20119291543960571  0.22224268317222595,  -0.69294548034667969 -0.0044203959405422211  0.0053695952519774437    0.72095644474029541,-0.00025479556643404067 -0.00017067835142370313 -0.00060978741385042667, -0.0028152596205472946     0.70403021574020386 -0.00031375748221762478,  0.13010367751121521  0.036203905940055847  0.047186315059661865  0.036203905940055847   0.24585022032260895 -0.012828992679715157  0.047186315059661865 -0.012828992679715157   0.24008658528327942,    -1.1956979498588538    -0.34325530843926089     -0.2361400842332273      1.2864641027787727     0.50430206098184271    -0.08777754309541308 -1.9999370159951013e-05,0.00062144978437572718
IIWA_7,1715867594.5019238,-0.95060381956342688   1.5717625549223515   1.0769705803271379 -0.72857178516907317  -2.8181312329144994  -1.8661518040013123 -0.32341504177928115, 0.00021255748038242196  1.8695113832900882e-05  -0.0014254982686428047 -9.6492509465812308e-05 -2.6883491108901494e-07 -0.00023591537185184576 -0.00020789644963890315,   1.0753997802734374     71.28959568405152   -15.325566406249999   -8.3732457542419425    -2.173645648956299   0.88577695465087891 -0.055402778625488279,-0.087732340234331047  -0.13813960113618107  -0.48123132436006388   -0.9699022985422584   -3.3257008827937322 -0.090573763692429948   0.40142835972131685, 0.59349954128265381 -0.20119291543960571  0.22224268317222595,  -0.69294548034667969 -0.0044203959405422211  0.0053695952519774437    0.72095644474029541,-0.00025479556643404067 -0.00017067835142370313 -0.00060978741385042667, -0.0028149140998721123     0.70403033494949341 -0.00031294760992750525,  0.13010367751121521  0.036203905940055847  0.047186315059661865  0.036203905940055847   0.24585022032260895 -0.012828992679715157  0.047186315059661865 -0.012828992679715157   0.24008658528327942,    -1.1956979498588538    -0.34325530843926089     -0.2361400842332273      1.2864641027787727     0.50430206098184271    -0.08777754309541308 -1.9999370159951013e-05,0.00062144978437572718
IIWA_7,1715867594.506923,-0.95060040406316382   1.5717626748046545   1.0769662060956999 -0.72857232447581211  -2.8181312329144994  -1.8661522234257482 -0.32341606039706583, 0.00030666599482833008  1.9751383185262737e-05  -0.0013153678724323865 -9.8766277129996004e-05 -2.1506792887121196e-07 -0.00020550927491543985 -0.00020706187109816436,   1.1157272720336915    71.272120437622064    -15.31588228225708   -8.3882121276855468   -2.1710045242309568   0.88878071975708006 -0.054067771911621092, 20.061532796948764  2.1340038915880077  2.5287980947092477 -11.506738802787964 -2.9604450386711676  1.5110407815978122 0.40139549474065822, 0.59349954128265381 -0.20119048655033112  0.22224074602127075,  -0.69294619560241699 -0.0044211489148437977  0.0053729373030364513    0.72095572948455811,-0.00020467463764362037 -3.9202874177135527e-05 -0.00056494545424357057, -0.0028147848788648844     0.70403033494949341 -0.00031221532844938338,  0.13010382652282715  0.036203447729349136  0.047186784446239471  0.036203447729349136   0.24585050344467163 -0.012828905135393143  0.047186784446239471 -0.012828905135393143   0.24008625745773315,    -1.1956799412793373    -0.34325110515887047    -0.23613908370734293      1.2864451595246962     0.50430802730261348   -0.087765375681669866 -1.9999122358171917e-05,0.00054824189282953739
IIWA_7,1715867594.5119445,-0.95056960467418616   1.5717677081160513   1.0769709997515737 -0.72860282432265688  -2.8181312329144994  -1.8661365240800434 -0.32341737866606651,  0.0014095467015138496   0.0002130151553498935 -0.00062132704999720817  -0.0012793689301228883 -1.3764347447757569e-07   0.0005012414390349767 -0.00017949775231529668,  0.82536933135986323    71.151137962341309   -15.470828266143799   -7.9964452934265138   -2.1956550216674806   0.83471294784545902 -0.054735275268554685, 20.055506713204945  2.1366166623925573  2.5254189537375251 -11.504455864604655 -2.9615333041800742  1.5111801628297952 0.40137364522983437, 0.59349972009658813 -0.20118613541126251  0.22223742306232452,   -0.6929476261138916 -0.0044223051518201828  0.0053786104544997215     0.7209542989730835,-0.00012444707681424916  0.00012927906936965883 -0.00048150197835639119,  -0.002814785111695528     0.70403039455413818 -0.00031221535755321383,  0.13010405004024506  0.036202605813741684  0.047187581658363342  0.036202605813741684   0.24585102498531342 -0.012828751467168331  0.047187581658363342 -0.012828751467168331   0.24008569121360779,    -1.1956470428078347    -0.34324370210381261    -0.23613778678832631      1.2864107993530993     0.50431816741092206   -0.087744826271496379 -1.9998912748064868e-05,0.00046784439473412931
IIWA_7,1715867594.5169327,-0.95010761274869093   1.5718046195389863   1.0770611810231072 -0.72895647886182535  -2.8181305616608689   -1.866034058963068 -0.32341809774171831,  0.019607314381020317   0.001646869041681862  0.0031101892213416284  -0.015169676710837058 2.6740030438722474e-05  0.0044995978302449962  -0.000172361227924258,   -7.471339973449707    69.089058883666993   -16.130229072570799   -3.2459422874450685   -1.9711594200134277    1.0493152770996095 -0.065081577301025387, 20.054411537728051  2.1380663498262984  2.5238415656969151 -11.504239793255826 -2.9620931190487445  1.5112567775275891  0.4013873588512939, 0.59349960088729858 -0.20118482410907745  0.22223605215549469,  -0.69294822216033936 -0.0044225836172699928  0.0053806318901479244    0.72095370292663574,-0.00010279869457008317  0.00015642125799786299 -0.00043949627433903515, -0.0028147073462605476     0.70403045415878296 -0.00031156116165220737,   0.1301041841506958  0.036202356219291687  0.047187898308038712  0.036202356219291687   0.24585117399692535 -0.012828725390136242  0.047187898308038712 -0.012828725390136242   0.24008545279502869,   -1.1956373481147864   -0.34324199674262701   -0.23613771198238709      1.286401003954829    0.50432201404948529  -0.087737818246225174 -1.999890564263751e-05,0.00043492400436662138
IIWA_7,1715867594.5219245,-0.95010761274869093   1.5718046195389863   1.0770611810231072 -0.72895647886182535  -2.8181305616608689   -1.866034058963068 -0.32341809774171831,  0.019607314381020317   0.001646869041681862  0.0031101892213416284  -0.015169676710837058 2.6740030438722474e-05  0.0044995978302449962  -0.000172361227924258,   -7.471339973449707    69.089058883666993   -16.130229072570799   -3.2459422874450685   -1.9711594200134277    1.0493152770996095 -0.065081577301025387, 20.019457898054682  2.1321652780522187  2.5160626541655375 -11.484461968275093 -2.9620579535469345  1.5132568424629975 0.40037241011442093, 0.5935051441192627  -0.201155886054039 0.22223389148712158,  -0.69294261932373047 -0.0044347643852233887  0.0053962734527885914     0.7209588885307312,  0.0001378991873934865    0.001282493001781404 -0.00043818616541102529, -0.0028146980330348015     0.70403057336807251 -0.00031044607749208808, 0.13010309636592865 0.036193814128637314 0.047189787030220032 0.036193814128637314  0.24585586786270142 -0.01282556913793087 0.047189787030220032 -0.01282556913793087   0.2400861531496048,    -1.1953090772562902    -0.34313727942780758    -0.23607434138472883      1.2860079921006573     0.50429914170457835   -0.087658833105130896 -1.9988127597514449e-05,0.0012403069995343685
IIWA_7,1715867594.5269246,-0.94957832954480204    1.571794672689413   1.0770974932526935 -0.72923649021495363  -2.8181267268234365   -1.865926680307916 -0.32342055451080665,    0.03685717966037215  0.00091962125041192885   0.0039406405605266117   -0.023336195493800581  0.00017478552165068107   0.0078948244702751781 -0.00023615974587270995,  -16.589385860443116    68.476081008911137   -17.015886230468748   -1.4526185989379883   -1.9068920516967773   0.56837910842895512 -0.035711429595947267, 19.502037587687809  2.0412735432012803  2.4451860490082344 -11.176391425663049 -2.9534212166974196  1.5675089587426925 0.38846648041730536, 0.59357637166976929 -0.20074295997619629  0.22222264111042023,  -0.69287353754043579 -0.0046522677876055241  0.0056561105884611607    0.72102189064025879,  0.0029527929145842791     0.01754348911345005 -0.00079963490134105086, -0.0028145653195679188     0.70403176546096802 -0.00030997899011708796,   0.1300806999206543  0.036084625869989395  0.047212563455104828  0.036084625869989395   0.24591919779777527 -0.012781464494764805  0.047212563455104828 -0.012781464494764805   0.24009430408477783,     -1.191083410163607    -0.34166578197947217    -0.23525172520688642      1.2809448713477778     0.50421839548242531   -0.086326713866213822 -1.9830983966073745e-05,0.016213342547416687
IIWA_7,1715867594.5319233,-0.94917428135055915   1.5718009643832003   1.0771278133306252 -0.72956797383663408  -2.8181291236840984  -1.8659061274197275 -0.32342253196884918,   0.045647671498013312  0.00098736475182142295   0.0043653155656888584   -0.031928301262258492  4.3953990842696036e-05   0.0071379751037591119 -0.00026802611839955539,  -21.432717620849608    68.778537197113039     -17.3539501953125   0.22889747619628906   -1.9209780502319336   0.73225118255615229 -0.077096637725830072, 19.064085854039114  1.9983964965234027   2.394813866594165 -10.937113671774133 -2.9539756723482418  1.6018283755276632 0.38417467342008116, 0.59367060661315918 -0.20032493770122528  0.22221958637237549,  -0.69283926486968994 -0.0048705572262406349  0.0059129241853952408    0.72105133533477783,  0.0061161820776760578     0.03075762465596199 -0.00076081225415691733, -0.0028184172697365284     0.70404797792434692 -0.00030947907362133265,  0.13005192577838898  0.035979989916086197  0.047231320291757584  0.035979989916086197   0.24597969651222229 -0.012739664874970913  0.047231320291757584 -0.012739664874970913   0.24010197818279266,    -1.1870396024056262    -0.34024991195735765    -0.23455517779513713      1.2761725761682996     0.50425277261290091   -0.084991733046102524 -1.9702373954544328e-05,0.028559077531099319
IIWA_7,1715867594.5369236,-0.94895628830890499   1.5717995262318967   1.0771853376374418 -0.72995362626056104  -2.8181216454718525   -1.865841652230082 -0.32342516839776736,   0.045237858864576729  0.00073236574931309715   0.0057932247252152121   -0.040968737966885327  0.00033429168250986624   0.0082893876688262605 -0.00031987805144680656,  -20.424530326843261    68.172280570983887   -17.208688335418699   0.52998569488525393   -1.5476990890502929   0.40984706115722658 -0.055069026947021482, 18.789686712814589  1.9403109741769935  2.3783155605208348 -10.744345636215435 -2.9414550311213463  1.6705748703726102 0.37494537458674976, 0.59371107816696167 -0.19996191561222076  0.22220857441425323,  -0.69278621673583984 -0.0050804717466235161  0.0061807991005480289    0.72109866142272949, 0.0064904429018497467   0.039127666503190994 -0.0010479381307959557, -0.0028680800460278988     0.70406323671340942 -0.00030851425253786147,  0.13003605604171753  0.035887438803911209   0.04725344106554985  0.035887438803911209   0.24603495001792908 -0.012700103223323822   0.04725344106554985 -0.012700103223323822   0.24010732769966125,    -1.1834492318048007    -0.33894089071040412    -0.23384758365097014      1.2718467769197161     0.50431647203552643   -0.083651858060029838 -1.9559068142882552e-05,0.036121323704719543
IIWA_7,1715867594.5419245,-0.94883267100130941   1.5717923356935446   1.0772567037142236 -0.73041058476557652  -2.8181252886721331  -1.8657842478055684 -0.32342714585580989,  0.041134979395484599   0.000298271065367462  0.0074892228514405398   -0.05105333057412751 0.00012170533478519192  0.0089276871156061914 -0.0003350007628588327,  -15.889031753540038    67.709858665466314   -17.684090785980224 -0.084515991210937502   -2.2643242645263673   0.86708686065673823 -0.055736530303955076, 18.694079993370384   1.910240758051468  2.3625138479443031 -10.647935606508845 -2.9385782359730408  1.7294577822197768 0.36743722563740278,0.59371984004974365 -0.1996883749961853 0.22220753133296967,  -0.69272440671920776 -0.0052318954840302467  0.0063779139891266823    0.72115522623062134,  0.0055250399746000767     0.04224298894405365 -0.00087727291975170374,-0.0029349860269576311    0.70407712459564209 -0.0003112180856987834,  0.13003359735012054  0.035806499421596527  0.047273579984903336  0.035806499421596527   0.24608103930950165 -0.012665823101997375  0.047273579984903336 -0.012665823101997375   0.24011635780334473,    -1.1803336554185861    -0.33784544335624389    -0.23320143753302602      1.2680265797655466     0.50420964262887225   -0.082660394314260088 -1.9433301190474594e-05,0.038793288171291351
IIWA_7,1715867594.5469246,-0.94863025742305707   1.5717911373068469   1.0773311257534424 -0.73100584119702472  -2.8181236588836773  -1.8656848985376402  -0.3234286438937235,  0.041004526646481569 0.00019068138438781241  0.0089682598499049651  -0.064652921717229972 0.00016255580605807862   0.011116120409613192 -0.0003279221268312808, -13.598430221557617   67.933004119873047  -16.761457881927491  -1.2439697456359864  -1.7801180648803712  0.72590990066528316 -0.05106400680541992, 18.660762981707464  1.8825128099009791  2.3530677609107791  -10.57329386302921 -2.9331899630483989  1.7980849659090818 0.35842897128631929, 0.59369885921478271 -0.19944459199905396  0.22220908105373383,  -0.69265437126159668 -0.0053729708306491375  0.0065701855346560478    0.72121971845626831, 0.0035622271243482828    0.04354410246014595 -0.0006359752151183784, -0.0029636265244334936     0.70408886671066284 -0.00030901629361324012,  0.13003985583782196  0.035727787762880325  0.047294888645410538  0.035727787762880325   0.24612608551979065 -0.012630805373191833  0.047294888645410538 -0.012630805373191833   0.24012714624404907,    -1.1773037537414766    -0.33675731179005908    -0.23251827338643949      1.2642321619926733      0.5040594752845351   -0.081696399290898114 -1.9303503684398038e-05,0.039778027683496475
IIWA_7,1715867594.5519245,-0.94831812830286732     1.57179455280711   1.0774745768735747 -0.73177031493526923  -2.8181214536601678  -1.8655977732285438 -0.32343152008724768,    0.04528878612477491  0.00028916511803264244     0.01291265268521858   -0.082301286903564336  0.00021825358522954615    0.012377908691545788 -0.00037738544243229143,  -13.719412696838379     68.29864004516601   -16.826605625152588   -1.6735927009582519   -1.9773220443725585   0.72624365234374999 -0.057071537017822263, 18.511395884155185  1.8196495722819255  2.3444939099780182 -10.427700720708133 -2.9211527455179143  1.8764341986231488 0.34407684056270804, 0.59368300437927246 -0.19910283386707306  0.22219973802566528,  -0.69256514310836792 -0.0055550895631313324  0.0068334490060806274    0.72130155563354492,  0.0021905738394707441    0.048503022640943527 -0.00087612320203334093,  -0.00296993856318295    0.70410043001174927 -0.0003090038662776351,  0.13004706799983978  0.035618852823972702  0.047325115650892258  0.035618852823972702   0.24618737399578094 -0.012584379874169827  0.047325115650892258 -0.012584379874169827   0.24013988673686981,    -1.1731242363692829    -0.33530243893054035    -0.23161370477886578      1.2590535493570698     0.50385275261977114   -0.080410655558083022 -1.9132873063654188e-05,0.044207077473402023
IIWA_7,1715867594.5569234,-0.94793487276141886   1.5717948524583258   1.0776811250277418 -0.73269423868148364  -2.8181227959928954  -1.8654646884915038 -0.32343385697403304,   0.051561250557758669  0.00024331814305973047    0.018592048314858729    -0.10279797937142814  0.00012090955907809666    0.015225716434836237 -0.00039538382536019471,  -15.054252674102782    68.498933254241948   -17.029091854095459   -1.5529813385009765   -1.9729201698303223   0.46892110824584959 -0.058740295410156247, 18.224319403138534  1.7529108012401289  2.2890999500296685 -10.189897441821261 -2.9172871538899843  1.9907055545939771 0.32937877969355289, 0.59366816282272339 -0.19862952828407288  0.22220589220523834,  -0.69243413209915161 -0.0058342437259852886  0.0071907807141542435    0.72142165899276733,  0.0011136964894831181     0.05772935226559639 -0.00044434834853745997, -0.0029549803584814072      0.7041161060333252 -0.00030872342176735401,  0.13004939258098602  0.035474177449941635  0.047361787408590317  0.035474177449941635   0.24627004563808441 -0.012520397081971169  0.047361787408590317 -0.012520397081971169    0.2401583194732666,    -1.1675674275881676    -0.33329695363093492    -0.23037518125779144      1.2521600365014152     0.50362608957321697   -0.078602793409210392 -1.8887008401691219e-05,0.052563842386007309
IIWA_7,1715867594.5619235,-0.94753669694561049    1.571794432924807   1.0779390854547681 -0.73375190646286292  -2.8181221249137978  -1.8652378869912811  -0.3234367332766403,  0.057176033078541577 0.00017787317369522584   0.025192055732939173   -0.12454509475231368 0.00012357081116747665     0.0212526331567768 -0.0004313591645784588,  -15.628247306823731    68.259656803131108   -17.371557693481446   -1.2448501205444336   -1.9693986701965331   0.45256727600097657 -0.052732765197753904, 17.861946071043061   1.687871751066591  2.2030348969896272 -9.9087192844924505  -2.919690507503681  2.1165710718739641 0.31444525138277069, 0.59365999698638916 -0.19805189967155457  0.22222469747066498, -0.69227445125579834 -0.006174460519105196 0.0076068039052188396   0.72156780958175659,0.00050166883738711476   0.069282174110412598 0.00041388894896954298, -0.0029433320742100477     0.70413738489151001 -0.00030488465563394129,  0.13004931807518005   0.03529677540063858  0.047403231263160706   0.03529677540063858   0.24637049436569214 -0.012441780418157578  0.047403231263160706 -0.012441780418157578   0.24018321931362152,    -1.1607720811364075      -0.330840404870969    -0.22886015557421757      1.2437397065330202     0.50331089003829987   -0.076457214653657957 -1.8589660477630332e-05,0.063069812953472137
IIWA_7,1715867594.5669248,-0.94665963147190435   1.5717952118870688   1.0785795224609811  -0.7361880597220769  -2.8181221249137978  -1.8642156325949231  -0.3234454217438229,   0.068310109915077244  0.00015841890358608547    0.039333963870218244    -0.16781352721377898  0.00010055985026407907    0.051352952737458588 -0.00059388821346648103,  -15.598673812866211    68.665620220184323   -17.079273223876953   -1.5160055923461915   -1.9007294273376465   0.22027610778808593 -0.047726490020751952, 17.495923202673175  1.6241395200495998  2.1047349533765809 -9.6337218054942593 -2.9262862234611617  2.2324516875143274 0.29928290610588815,0.59366041421890259 -0.1974128782749176 0.22224971652030945,  -0.69209551811218262 -0.0065310541540384293  0.0080372104421257973    0.72173166275024414,0.00033507696934975684   0.080980196595191956  0.0013559490907937288, -0.0029330567922443151     0.70416319370269775 -0.00030643914942629635,  0.13005085289478302  0.035093829035758972  0.047448154538869858  0.035093829035758972   0.24648246169090271 -0.012353775091469288  0.047448154538869858 -0.012353775091469288   0.24021416902542114,    -1.1530389201848124     -0.3281050547609965    -0.22715691210972722       1.234182363659464     0.50283142897544764   -0.074215535674326816 -1.8265919443649636e-05,0.07372361421585083
IIWA_7,1715867594.5719228,-0.94665963147190435   1.5717952118870688   1.0785795224609811  -0.7361880597220769  -2.8181221249137978  -1.8642156325949231  -0.3234454217438229,   0.068310109915077244  0.00015841890358608547    0.039333963870218244    -0.16781352721377898  0.00010055985026407907    0.051352952737458588 -0.00059388821346648103,  -15.598673812866211    68.665620220184323   -17.079273223876953   -1.5160055923461915   -1.9007294273376465   0.22027610778808593 -0.047726490020751952, 17.131615925958101  1.5591353578740963  2.0042731325237559 -9.3852059881228289   -2.93366375056979  2.3138861566184459 0.28377601720193807,0.59368866682052612 -0.1967165619134903 0.22227294743061066,  -0.69191277027130127 -0.0068750055506825447  0.0084546590223908424    0.72189885377883911,0.0012927026255056262  0.092634223401546478 0.0020453606266528368, -0.0029280837625265121     0.70419186353683472 -0.00031260791001841426,  0.13005314767360687  0.034863818436861038  0.047495495527982712  0.034863818436861038   0.24660478532314301 -0.012258266098797321  0.047495495527982712 -0.012258266098797321   0.24025125801563263,    -1.1443332674554441    -0.32514394375482425    -0.22530638219642185      1.2234956123151619     0.50212467363230928   -0.072021267875754802 -1.7939024488100586e-05,0.084345780313014984
IIWA_7,1715867594.5769231, -0.9461815806628785   1.5718010842655032   1.0789842297351828 -0.73759075335296909  -2.8181221249137978  -1.8633364698899546 -0.32345249250895503,  0.073770120293095959  0.0003616302602453802    0.04765546206424344   -0.19035856700671047 8.0447880211263263e-05   0.076248870388705328 -0.0007579411760580743,  -14.731632740020752    69.515186046600348   -17.245664081573487   -1.3020744895935059   -1.9773220443725585   0.23662994003295898 -0.054401523590087889, 16.763396102418717  1.4878491696829492  1.9050054172559541 -9.1715003997060283 -2.9419201100856855  2.3439679810389333 0.26757351263797136, 0.59376406669616699 -0.19595754146575928  0.22228723764419556,  -0.69173264503479004 -0.0071822036989033222  0.0088367648422718048    0.72206389904022217,0.0039192670956254005   0.10447540134191513 0.0022479884792119265, -0.0029295259155333042     0.70422327518463135 -0.00032126266160048544,  0.13005568087100983  0.034601952880620956  0.047545455396175385  0.034601952880620956    0.2467375248670578 -0.012156365439295769  0.047545455396175385 -0.012156365439295769   0.24029485881328583,    -1.1345026254083734    -0.32198501417646241    -0.22332840636529738      1.2115522296411996     0.50110510300260813   -0.069999333181414158 -1.7622910242209855e-05,0.095179326832294464
IIWA_7,1715867594.5819237,-0.94564864219412048   1.5718066568836386   1.0794173396249669 -0.73909207706705449  -2.8181230836231559  -1.8621426014134053 -0.32346261912744129,   0.08033363498479737 0.00051220893361172233   0.055448765242757429   -0.21233980216878443 2.6009929844084841e-05    0.10875383537293795 -0.0010114176802969153,  -14.878155960083008    69.312204338073727   -17.248305206298827   -2.2299896430969239   -1.9570734214782715   0.04372146987915039 -0.047726490020751952, 16.389374449950179  1.4160801024725633  1.7940502112581191 -8.9816520415132768 -2.9528156123044207  2.3365497836958271 0.25090476696771763, 0.59388327598571777 -0.19513006508350372  0.22229848802089691,  -0.69154918193817139 -0.0074589713476598263  0.0091821830719709396    0.72223252058029175, 0.007741421926766634   0.11669966578483582 0.0023000584915280342, -0.0029508562292903662     0.70425724983215332 -0.00033048182376660407, 0.13005919754505157 0.034304589033126831 0.047597572207450867 0.034304589033126831  0.24688239395618439  -0.0120457848533988 0.047597572207450867  -0.0120457848533988  0.24034702777862549,    -1.1234172651777286    -0.31856817262809756    -0.22117396363974251      1.1981722071290335     0.49974044694334196   -0.068131526934855913 -1.7311958089294421e-05,0.10646502673625946
IIWA_7,1715867594.5869236,-0.94445651141100739   1.5718051588457251   1.0803619961373656 -0.74243363852894684  -2.8181231794417321  -1.8588401684880131 -0.32349395793224084,  0.094475244390579097 0.00027987650427968336   0.069602942477937052   -0.25637057295417431  5.143937187846359e-06    0.18978122013445475 -0.0017982742899277852,  -15.172546649932862    69.197943111419676   -17.666483287811278   -1.2149173736572265   -2.0169389152526853   0.16554083251953125 -0.048060241699218749,  16.00353282650174  1.3346890490424486  1.6940937445437543 -8.8269860856375644 -2.9604850726343952  2.2705375694308056 0.23303842336735509,0.59406876564025879 -0.1942293643951416 0.22229251265525818,  -0.69138342142105103 -0.0076773762702941895  0.0094757368788123131    0.72238510847091675,0.013418184593319893  0.12942487001419067 0.001663321047089994, -0.0030059742275625467     0.70429414510726929 -0.00033867216552607715,  0.13006268441677094  0.033969566226005554  0.047652166336774826  0.033969566226005554   0.24703831970691681 -0.011928876861929893  0.047652166336774826 -0.011928876861929893   0.24040621519088745,    -1.1110240038929575    -0.31495304908268906    -0.21890455562267874       1.183368030766907      0.4980050530649649   -0.066524169575643555 -1.7031725363381156e-05,0.11842681467533112
IIWA_7,1715867594.5919228,-0.94445651141100739   1.5718051588457251   1.0803619961373656 -0.74243363852894684  -2.8181231794417321  -1.8588401684880131 -0.32349395793224084,  0.094475244390579097 0.00027987650427968336   0.069602942477937052   -0.25637057295417431  5.143937187846359e-06    0.18978122013445475 -0.0017982742899277852,  -15.172546649932862    69.197943111419676   -17.666483287811278   -1.2149173736572265   -2.0169389152526853   0.16554083251953125 -0.048060241699218749, 15.599297023036353  1.2418196452569921  1.6041210289337005 -8.6828923403473315 -2.9650676328157655  2.1724571976411426 0.21269597014648825, 0.59430742263793945 -0.19324450194835663  0.22227144241333008,  -0.69122803211212158 -0.0078509086742997169  0.0097391428425908089    0.72252839803695679,  0.02004406601190567   0.14299109578132629 0.0005617342540062964, -0.0030936999246478081     0.70433372259140015 -0.00034779196721501648,  0.13006937503814697  0.033592991530895233  0.047711264342069626  0.033592991530895233   0.24720732867717743 -0.011803059838712215  0.047711264342069626 -0.011803059838712215   0.24047310650348663,   -1.0971854492352051   -0.31107095249094385   -0.21647343337427571     1.1669533186315917    0.49591539519955319  -0.065077592966034103 -1.676923755411508e-05,0.13139726221561432
IIWA_7,1715867594.5969238,-0.94382943686371379    1.571805578270161   1.0808771380291566 -0.74421167808728361  -2.8181227959928954  -1.8567039203901572 -0.32351385174047048,   0.10066317740420747 0.00024067818085770991   0.076288029653990702   -0.27621804069681044 1.9453103217586349e-05    0.23727490002180193 -0.0022343717611279451,  -14.827074470520019    69.550136539459231   -17.920911636352539   -1.8611125564575195   -2.0266230392456053   0.18856969833374024 -0.042052711486816406, 15.229203438759995  1.1547236692693357  1.5225793858005479 -8.5996790653821868 -2.9695463830035607  2.0165940495889911 0.19374277901744133, 0.59461748600006104 -0.19221663475036621  0.22223375737667084,  -0.69109952449798584 -0.0079457154497504234  0.0099190426990389824    0.72264784574508667,   0.028168806806206703     0.15558451414108276 -0.00097440392710268497, -0.0032318832818418741      0.7043764591217041 -0.00035370860132388771,  0.13007551431655884  0.033187597990036011  0.047769665718078613  0.033187597990036011   0.24738143384456635 -0.011675161309540272  0.047769665718078613 -0.011675161309540272   0.24054619669914246,    -1.0823975003786401    -0.30712619143891118    -0.21400868958831865      1.1495693336218693     0.49345693586122508   -0.064036049315596699 -1.6557273774253645e-05,0.14387968182563782
IIWA_7,1715867594.6019251,-0.94317072396948776   1.5718122295017742   1.0813913211897725 -0.74609493907381685  -2.8181237547022535  -1.8542674675888104  -0.3235344046286589,    0.10687905769240727   0.0004585918092162784    0.081597750147828996    -0.29630487201877803 -2.2785891750856693e-05     0.28727803207131131  -0.0026096129364391049,  -14.046065380096435    70.027345191955561     -17.4992120552063   -1.8558303070068358   -1.9597145462036132   0.25331752395629881 -0.056404033660888669, 14.891818172333103    1.06756621203951  1.4496972841609412 -8.5601369165124606 -2.9730832706390644  1.8206893723778086 0.17379746834249424,0.59498888254165649  -0.191144660115242  0.2221795916557312,   -0.6909911036491394 -0.0079612424597144127   0.010023664683103561    0.72274994850158691,  0.037087257951498032    0.16744369268417358 -0.0028521891217678785, -0.0034140411298722029     0.70442020893096924 -0.00035623449366539717,  0.13008467853069305  0.032750632613897324  0.047828979790210724  0.032750632613897324   0.24756155908107758 -0.011543852277100086  0.047828979790210724 -0.011543852277100086   0.24062620103359222,    -1.0665682922761377    -0.30308785706445462    -0.21147842191471256      1.1310889290143677     0.49061015401719033   -0.063374524508219565 -1.6389117618587079e-05,0.15607063472270966
IIWA_7,1715867594.6069229,-0.94168959360576487   1.5718106116906407   1.0824948885124854 -0.75019612062238705  -2.8181249052232964  -1.8485395473294295 -0.32358120301455723,    0.12196680926271031   0.0002225546144656353    0.092093595438118001    -0.33777404075144268 -8.7448372596336224e-05     0.39103882541594709  -0.0033556132473125198,  -12.669553661346436    69.302794589996338   -17.588129920959471   -2.2590420150756834   -2.0917707824707032   0.25331752395629881 -0.072757865905761721, 14.562197596838095 0.95549915891266834  1.4063715203450886 -8.5338993691993021 -2.9645412097674839  1.6009396517115417 0.14871889482515854, 0.59541326761245728 -0.19001168012619019   0.2220950722694397,  -0.69090259075164795 -0.0079057551920413971   0.010086396709084511    0.72283428907394409,  0.046300515532493591      0.179388627409935 -0.0055589759722352028, -0.0036586921196430922     0.70446521043777466 -0.00035496856435202062,  0.13009963929653168  0.032278947532176971  0.047893065959215164  0.032278947532176971   0.24774965643882751 -0.011407675221562386  0.047893065959215164 -0.011407675221562386   0.24071052670478821,     -1.049585522130414    -0.29891001522130978    -0.20885252316293901      1.1113831348437131     0.48742936042422969   -0.062973860178061614 -1.6255875756598925e-05,0.16863870620727539
IIWA_7,1715867594.6119235,-0.94168959360576487   1.5718106116906407   1.0824948885124854 -0.75019612062238705  -2.8181249052232964  -1.8485395473294295 -0.32358120301455723,    0.12196680926271031   0.0002225546144656353    0.092093595438118001    -0.33777404075144268 -8.7448372596336224e-05     0.39103882541594709  -0.0033556132473125198,  -12.669553661346436    69.302794589996338   -17.588129920959471   -2.2590420150756834   -2.0917707824707032   0.25331752395629881 -0.072757865905761721, 14.223415499982831 0.84536100091091992  1.3648412043489211 -8.5174203734788438 -2.9571013833291615  1.3608273158533268 0.12296000702386037,  0.5958983302116394 -0.18880550563335419  0.22199483215808868,  -0.69083207845687866 -0.0077935201115906239   0.010102574713528156    0.72290265560150146,  0.056050825864076614    0.19189082086086273 -0.0083437850698828697, -0.0039641172625124454     0.70451176166534424 -0.00034861182211898267,  0.13011717796325684  0.031769987195730209  0.047959517687559128  0.031769987195730209   0.24794642627239227 -0.011265067383646965  0.047959517687559128 -0.011265067383646965   0.24080154299736023,    -1.0313684691540814    -0.29454774565973452    -0.20611957415717086      1.0903644188440254     0.48391532561975481   -0.062812219116636925 -1.6153644644134602e-05,0.18202999234199524
IIWA_7,1715867594.6169229,-0.94085668997995586   1.5718109712284665    1.083089186212759 -0.75239930046081094  -2.8181220289206892  -1.8453278949780032 -0.32360660966339544,   0.13088959244252873 0.00019242520460185724   0.097446784361435487   -0.35834642613810958 4.5093406211013567e-05    0.44129715438980915  -0.003700756551378455,  -13.004271842956543    69.115943878173823   -17.589010295867919   -2.3197878837585448    -1.965877170562744   0.15786454391479493 -0.082102912902832031, 13.861290134090607 0.73659093685011479  1.3167141612966411 -8.4845389231625461 -2.9487750111167017  1.1261795137191604 0.09571640968355552,0.59642946720123291 -0.1875125914812088 0.22188456356525421,  -0.69076943397521973 -0.0076561719179153442   0.010103193111717701    0.72296392917633057, 0.065637156367301941   0.20538049936294556 -0.010958988219499588, -0.0043295822106301785     0.70456010103225708 -0.00032983036362566054,  0.13013692200183868  0.031223539263010025  0.048028461635112762  0.031223539263010025   0.24815353751182556 -0.011112991720438004  0.048028461635112762 -0.011112991720438004   0.24089913070201874,      -1.01190631410919    -0.28991814271162042    -0.20321994703653701      1.0679820577026433     0.48014673081819836   -0.062723774674644517 -1.6061837193603878e-05,0.19639758765697479
IIWA_7,1715867594.6219244,-0.93999047020038784   1.5718062973458127   1.0836897757159027 -0.75471770879086375  -2.8181239465139383  -1.8419026835938874 -0.32363800824572192,    0.13936046513674388 -3.3015142470273461e-05     0.10198100761489996    -0.37941347411260018  -4.062900499434592e-05      0.4900461788764785  -0.0042165485341619895,   -12.84565037536621    68.689816715240482   -17.494810180664061   -1.8901649284362794   -2.0433501625061035   0.18289591979980468 -0.076095382690429689,  13.494560744699713  0.62987177895656288   1.2659576641958203  -8.4482877618691923  -2.9421861825119699  0.89309800555936303 0.068094079121538587, 0.59700703620910645 -0.18614481389522552  0.22176352143287659,  -0.69071292877197266 -0.0074891257099807262   0.010081441141664982    0.72302001714706421, 0.075106427073478699   0.21918448805809021 -0.013470538891851902, -0.0047702915035188198     0.70461040735244751 -0.00030305597465485334,  0.13015873730182648  0.030644509941339493  0.048099517822265625  0.030644509941339493   0.24836765229701996 -0.010954077355563641  0.048099517822265625 -0.010954077355563641   0.24100179970264435,   -0.99139547817905793     -0.2851004439854421    -0.20020208372795167      1.0444959067257287     0.47614263297379722   -0.062752519188080669 -1.5982053902519056e-05,0.21111328899860382
IIWA_7,1715867594.6269245,-0.93910231926793775   1.5718004849630713   1.0843158915320217 -0.75711011951753338  -2.8181216454718525  -1.8383192205884993 -0.32367785585787417,    0.14701440940739885 -0.00025890742362952101      0.1066294387366773    -0.39922720835686515    5.95384794349893e-05     0.53537546331670849  -0.0049671433134197947,    -12.7327333984375    67.935692619323731   -17.000919857025146   -1.7484245681762696   -1.8945668029785157   0.69954351806640624 -0.073425369262695314, 13.140224971253751  0.5167315857907202  1.2297445388417065 -8.4083799811113789 -2.9295060739686378 0.66880460364516425 0.03841871229266075, 0.59761667251586914 -0.18471212685108185  0.22162601351737976,  -0.69066786766052246 -0.0072896345518529415   0.010045870207250118    0.72306555509567261, 0.083903878927230835   0.23284067213535309 -0.016128400340676308,-0.0052816723473370075    0.70466166734695435 -0.0002686802763491869,  0.13018713891506195  0.030034741386771202  0.048174005001783371  0.030034741386771202   0.24858801066875458 -0.010788110084831715  0.048174005001783371 -0.010788110084831715   0.24110871553421021,   -0.96991053850903342     -0.2800994487577313    -0.19706258789486952      1.0199745723769027      0.4719356351108317    -0.06286825987178446 -1.5917159146283666e-05,0.22559009492397308
IIWA_7,1715867594.6319232,-0.93818432767768467   1.5717874821510609   1.0850039058863947 -0.75959067438925043  -2.8181225083626344  -1.8345209403861973 -0.32373124558877575,     0.1543311911360421 -0.00072723841932133943     0.11282412516426366    -0.41860396155417434   1.311515227044846e-05     0.58023157874544662  -0.0061093038867988869,  -12.445063957214355    67.626515182495112   -17.333701572418214   -2.0688810348510742   -2.0107762908935545   0.35177426910400389 -0.046391483306884765,  12.818994547580383  0.41815628047294201   1.1871604914123108  -8.3772889379536863  -2.9214902360110231  0.45849721204234617 0.010707180418521034, 0.59825217723846436 -0.18323506414890289  0.22148530185222626,  -0.69062554836273193 -0.0070695802569389343  0.0099862692877650261    0.72310906648635864, 0.091928049921989441   0.24555353820323944 -0.018371844664216042,  -0.005872607696801424     0.70471334457397461 -0.00022483896464109421,  0.13021957874298096  0.029403401538729668  0.048248793929815292  0.029403401538729668   0.24881061911582947 -0.010617340914905071  0.048248793929815292 -0.010617340914905071   0.24121984839439392,   -0.94778611091328457    -0.27498688880456257    -0.19384165596036951     0.99480347664737678     0.46756966385785859   -0.063087091491276226 -1.5861082225399059e-05,0.2390487939119339
IIWA_7,1715867594.6369224,-0.93723002385784548   1.5717837669995818   1.0857022266281671 -0.76217333473103377  -2.8181226041812106  -1.8306683716084289 -0.32379542112720544,    0.16163710570240114 -0.00073039679462196232     0.11819212980230454    -0.43818958291467303   6.659378768975977e-06     0.61828801410709355  -0.0074544646466266845,  -12.376507221221924     67.87251288223267   -17.287922077178955   -1.9605949211120606   -1.9350640487670898   0.74860501480102537 -0.072090362548828127, 12.510968223371359 0.34840952584207241  1.1156290959848785 -8.3601621067017984 -2.9247934617687408 0.24691758128361718 -0.0123056463487482, 0.59892821311950684 -0.18170115351676941   0.2213517427444458,  -0.69058722257614136 -0.0068292194046080112  0.0098810428753495216    0.72314935922622681, 0.099911920726299286    0.2580128014087677 -0.019863063469529152, -0.0065364795736968517       0.704764723777771 -0.00016656669322401285,  0.13025350868701935  0.028744282200932503  0.048321161419153214  0.028744282200932503   0.24903716146945953 -0.010439774952828884  0.048321161419153214 -0.010439774952828884   0.24133865535259247,  -0.92481433308488903   -0.26970735353515352   -0.19050745128357249    0.96874583175043938     0.4629770300486058  -0.063459974157353827 -1.581807396178192e-05,0.25226482748985291
IIWA_7,1715867594.6419246,-0.93625954127217259   1.5717821491884483   1.0864267928676494 -0.76486283453031334  -2.8181227959928954  -1.8266902680607155 -0.32390088221092489,    0.16812898798883666 -0.00064902988103769036     0.12353635342113806     -0.4581316583029213  -2.344964375126465e-06     0.65375455319420805   -0.010182015066079315,   -11.744709850311279     67.681629421234135    -17.352189445495604    -2.5953452301025388    -1.9764416694641114     0.2122660675048828 -0.0093450469970703127,    12.20464958384634   0.26349987007212328     1.055151326405716   -8.3047406748453341   -2.9206564476798174   0.08219785262889083 -0.037667125207886454,  0.5996023416519165 -0.18010468780994415  0.22120998799800873,   -0.6905364990234375 -0.0066087623126804829  0.0098091643303632736    0.72320085763931274,  0.10616075247526169    0.2704976499080658 -0.021369088441133499,-0.0072737094014883041    0.70481562614440918 -9.888176282402128e-05,  0.13029462099075317  0.028064101934432983  0.048397354781627655  0.028064101934432983   0.24926722049713135 -0.010254440829157829  0.048397354781627655 -0.010254440829157829   0.24145875871181488,   -0.90122122463487386     -0.2642372436376661    -0.18702887169386173     0.94203026987305094     0.45835887464562575   -0.063681773319501644 -1.5752778637079246e-05,0.26495122909545898
IIWA_7,1715867594.6469221,-0.93526041652447756   1.5717785539192723   1.0871825181430184 -0.76768320195306738  -2.8181239465139383  -1.8227296015521435 -0.32405997279015192,    0.17446818029887073 -0.00066303467186721926     0.12905809375166782    -0.47932002355249881 -4.7896813215334187e-05     0.68143030289824946   -0.014509235221944574,  -10.908586521148681    67.676252422332766   -17.375079193115234   -2.5073077392578123   -2.0327856636047361   0.62344813537597654 -0.040383953094482422,   11.913672947837016   0.18090109237404742   0.99142115650957741   -8.2432462226747347   -2.9169407467865778 -0.063854342023258764 -0.058921794888707968, 0.60028713941574097 -0.17845481634140015  0.22106410562992096,  -0.69048041105270386 -0.0063946768641471863  0.0097252214327454567    0.72325748205184937,  0.11152741312980652   0.28263616561889648 -0.022723333910107613, -0.0081097390502691269     0.70486545562744141 -2.6808911570697092e-05,  0.13034312427043915  0.027360716834664345  0.048475217074155807  0.027360716834664345   0.24949972331523895 -0.010062152519822121  0.048475217074155807 -0.010062152519822121   0.24158261716365814,   -0.87695089653205827    -0.25860600799099132    -0.18342426186102045     0.91461158879369009     0.45362536833692957   -0.063900937862904073 -1.5680807763374105e-05,0.27704417705535889
IIWA_7,1715867594.6519241,-0.93421383409275915    1.571780111843796   1.0879658669626247  -0.7706186779851476  -2.8181214536601678  -1.8187087743078365 -0.32427772617628309,    0.18143784150783265 -0.00046811075654938747     0.13458042778558582    -0.50087506012520788  6.1396700248505929e-05     0.70597733209087832   -0.020317523622802452,  -9.9407267189025887    68.197821315765381   -17.019407730102539   -2.0750436592102051   -1.8716770553588866   0.55302653121948242 -0.020358852386474609,   11.611845603877946    0.1055330502680342   0.91193769891758647   -8.1309544826818456   -2.9163026045552254  -0.14591421858541193 -0.074311359008606054, 0.60094988346099854 -0.17673636972904205  0.22092747688293457,   -0.6903989315032959 -0.0062516392208635807  0.0096842022612690926    0.72333699464797974,  0.11486825346946716   0.29510951042175293 -0.023415116593241692,-0.0089976862072944641    0.70491433143615723 5.9303227317286655e-05,   0.13039945065975189   0.026637829840183258   0.048555478453636169   0.026637829840183258    0.24973553419113159 -0.0098592964932322502   0.048555478453636169 -0.0098592964932322502    0.24170936644077301,  -0.85212148944346922   -0.25271858922604196   -0.17963186860914249    0.88657363536448486    0.44894473652323796  -0.063814306100695717 -1.556341455710708e-05,0.2887018620967865
IIWA_7,1715867594.6569231,-0.93309013330629376   1.5717806511505348   1.0887959542815195 -0.77364259748624165  -2.8181226041812106   -1.814664338103821 -0.32455827694523337,    0.19009830466488206 -0.00035291633568660475     0.14086783498426425      -0.521656828143928  3.0965184835717288e-06     0.72655931383332317   -0.027476049656253276,   -10.05498794555664    68.403491523742673   -17.504494304656983   -2.3400365066528321   -2.0345464134216309   0.76295633697509768 -0.047392738342285155,   11.292317997016189  0.029646633451873822   0.82284535477493403   -7.9918141871574315   -2.9172227911095234  -0.20175985815300423 -0.084498851264819264, 0.60161221027374268 -0.17494252324104309  0.22079136967658997,  -0.69030076265335083 -0.0061554443091154099  0.0096607254818081856    0.72343182563781738,  0.11744597554206848   0.30812376737594604 -0.023926850408315659,-0.0099566541612148285    0.70496183633804321 0.00015802342386450619,   0.13046292960643768   0.025890586897730827    0.04863801971077919   0.025890586897730827    0.24997428059577942 -0.0096469717100262642    0.04863801971077919 -0.0096469717100262642    0.24183908104896545,  -0.82658535666357835   -0.24660322645164712   -0.17567166692167291    0.85780116713962684    0.44423659205250488   -0.06355138676372718 -1.541668570581578e-05,0.30056193470954895
IIWA_7,1715867594.6619236,-0.93192736386993791   1.5717828082684071   1.0896268206717592 -0.77676227098608797  -2.8181226041812106  -1.8106412936368657 -0.32490234406357144,    0.19858942118613959 -0.00019604835365625813     0.14592892359699777    -0.54211240250899517  2.4772147868573831e-06     0.74216922974487209   -0.035743524458525223,   -10.408525623321534     68.666964469909672    -17.752760028839113    -1.4332503509521484    -1.9086528015136719      0.941513484954834 -0.0056737785339355468,   10.942603197926401 -0.028020870352263971   0.70579062723676422   -7.8233219928816187   -2.9257788159458942  -0.22818698101524321 -0.086126434376989636, 0.60227662324905396 -0.17306450009346008   0.2206687331199646,  -0.69018542766571045 -0.0061318082734942436  0.0096598751842975616    0.72354209423065186,  0.11950590461492538   0.32192575931549072 -0.023773930966854095, -0.010940723121166229    0.70500850677490234 0.00026043871184810996,   0.13052906095981598   0.025121076032519341   0.048719689249992371   0.025121076032519341    0.25021541118621826 -0.0094242766499519348   0.048719689249992371 -0.0094242766499519348    0.24197264015674591,    -0.8004183537932974    -0.24023534559969306     -0.1715391277081757     0.82838250032413185     0.43956357332186613   -0.063038844494212043 -1.5234538519592888e-05,0.31289702653884888
IIWA_7,1715867594.6669223,-0.92952985972709545   1.5717801717304059   1.0912985600793386 -0.78322985763730701  -2.8181229876300473  -1.8026497930387204 -0.32578624053780364,    0.21350924440691829 -0.00021319555786695668     0.15360900821372486    -0.58021624980432629 -1.0684945310258685e-05     0.76240836903691611   -0.054920713330639158,  -9.9313169708251952    68.403491523742673   -17.696416034698487   -2.4192702484130857   -2.0231015396118162   0.68852971267700191 -0.069754100799560542,   10.598048980850876 -0.093347552282287222   0.59900324807148042   -7.6294311551494598   -2.9295931766257755  -0.21756952747704239 -0.084032533080534655, 0.60292041301727295 -0.17112572491168976  0.22054499387741089,  -0.69005399942398071 -0.0061705335974693298  0.0096979411318898201    0.72366660833358765, 0.12025147676467896  0.33541586995124817 -0.02367815189063549, -0.011980513110756874    0.70505338907241821 0.00037226034328341484,    0.1306045800447464   0.024336263537406921   0.048804018646478653   0.024336263537406921    0.25045588612556458 -0.0091935386881232262   0.048804018646478653 -0.0091935386881232262    0.24210643768310547,  -0.77386681158042592   -0.23369008315388129   -0.16726925415877503    0.79859927820447041    0.43497898550715064  -0.062259149222754218 -1.501755075850042e-05,0.32458823919296265
IIWA_7,1715867594.6719246,-0.92952985972709545   1.5717801717304059   1.0912985600793386 -0.78322985763730701  -2.8181229876300473  -1.8026497930387204 -0.32578624053780364,    0.21350924440691829 -0.00021319555786695668     0.15360900821372486    -0.58021624980432629 -1.0684945310258685e-05     0.76240836903691611   -0.054920713330639158,  -9.9313169708251952    68.403491523742673   -17.696416034698487   -2.4192702484130857   -2.0231015396118162   0.68852971267700191 -0.069754100799560542,    10.28457385894219  -0.15126586524685803   0.49819963485103236   -7.4434369108994387   -2.9332950377771017  -0.19198564729300086 -0.075433897782304582, 0.60355275869369507 -0.16914896667003632  0.22042244672775269, -0.68991714715957642 -0.006252659484744072 0.0097419340163469315   0.72379577159881592,  0.12032353132963181    0.3477398157119751 -0.023539463058114052, -0.013081034645438194    0.70509535074234009 0.00048392021562904119,   0.13068807125091553   0.023541407659649849   0.048888437449932098   0.023541407659649849    0.25069263577461243 -0.0089578628540039062   0.048888437449932098 -0.0089578628540039062    0.24224084615707397,   -0.74711812212147066    -0.22705650922416609     -0.1629232748130427     0.76868593844903188     0.43045453317702709   -0.061348342482059337 -1.4784253821176208e-05,0.33511611819267273
IIWA_7,1715867594.6769245,-0.92828631667112338   1.5717847856173666   1.0921475824752882 -0.78662678617906046  -2.8181223165509497  -1.7987101588384655 -0.32631977819991054,    0.2205491177644176 1.3999032134984343e-05    0.15684810240896546    -0.6000501415135987 1.8295207656792352e-05    0.76751206323972865  -0.065278077148787236,  -9.6073527870178221    69.097124382019047   -17.468398933410644   -2.6235172271728517   -1.8311798095703125   0.82536790084838862 -0.025698879241943359,   9.9710898143467244  -0.21462373965591622   0.39914548779537823   -7.2224192427718084   -2.9339906317394031  -0.12041594185344755 -0.065263780455180054, 0.60414928197860718 -0.16711489856243134  0.22030451893806458,  -0.68975579738616943 -0.0064105936326086521  0.0098412567749619484    0.72394680976867676,  0.11887215822935104   0.35990557074546814 -0.023224413394927979, -0.014204100705683231    0.70513427257537842 0.00060490617761388421,   0.13078255951404572   0.022734133526682854    0.04897516593337059   0.022734133526682854    0.25092744827270508 -0.0087134428322315216    0.04897516593337059 -0.0087134428322315216    0.24237553775310516,   -0.72008578682813962    -0.22023534748738527    -0.15842359450823906     0.73851016130843661     0.42606077808882148   -0.060100073558722045 -1.4504549561422664e-05,0.34510120749473572
IIWA_7,1715867594.6819236, -0.9270174268529231   1.5717877816931938   1.0930184761375099 -0.79012270434183307  -2.8181229876300473  -1.7947710640540326 -0.32693259155280296,    0.22719488693954532  0.00013104225879641672     0.16031422841604059    -0.61987683972178353 -1.2206997779565418e-05     0.77157344196909827   -0.076734995834726885,-8.8868349342346189   69.20063161087036 -17.963169631958007 -2.6041489791870118  -2.107617530822754 0.77764141082763671 0.01168130874633789,   9.6507756186998943  -0.28576190924607048   0.30160830557333612   -6.9782675219437165   -2.9315448056134739 -0.023378287038603264 -0.053034549749266829, 0.60472029447555542 -0.16501811146736145   0.2201867550611496,  -0.68957394361495972 -0.0066331839188933372   0.009981248527765274    0.72411608695983887,  0.11660587787628174   0.37215939164161682 -0.022944789379835129,  -0.01536270510405302    0.70517009496688843 0.00073365407297387719,   0.13088846206665039   0.021910820156335831   0.049064163118600845   0.021910820156335831    0.25116017460823059 -0.0084603046998381615   0.049064163118600845 -0.0084603046998381615    0.24251089990139008,   -0.69265604157742189    -0.21322804034440423    -0.15376966649016666     0.70796893177815789     0.42174836711250663   -0.058579625687116277 -1.4185742802652612e-05,0.35500818490982056
IIWA_7,1715867594.686923,-0.92436190239644445   1.5717859241174543   1.0947158018537575  -0.7973333727760703  -2.8181220289206892  -1.7869659780372189 -0.32836171034123496,   0.24113519499183317 2.6820959030307351e-05    0.16372736242649305   -0.65646774647947304 2.9002798530603499e-05    0.77480112471040252   -0.10085923774092757, -8.7107382202148429   68.774504447937005  -17.782692775726318 -0.96224977493286135  -1.9086528015136719  0.76696135711669922 -0.02236136245727539,   9.3332319975428248  -0.34834644744987997   0.19310945160644949   -6.7284172627846059    -2.932183712403253  0.088119994510939187 -0.034271712641940622, 0.60527187585830688 -0.16286589205265045  0.22007597982883453,  -0.68937551975250244 -0.0069193365052342415   0.010138053447008133    0.72430014610290527,  0.11393480002880096   0.38419017195701599 -0.022419990971684456,-0.016507383435964584   0.70520377159118652 0.0008656367426738143,   0.13100446760654449   0.021072600036859512   0.049153082072734833   0.021072600036859512    0.25138956308364868 -0.0081992251798510551   0.049153082072734833 -0.0081992251798510551    0.24264839291572571,  -0.66487261427372601   -0.20605913518201291   -0.14897972606497945    0.67712211177450854    0.41749306296123834  -0.056851900022358848 -1.383483061445645e-05,0.36468395590782166
IIWA_7,1715867594.6919224,-0.92436190239644445   1.5717859241174543   1.0947158018537575  -0.7973333727760703  -2.8181220289206892  -1.7869659780372189 -0.32836171034123496,   0.24113519499183317 2.6820959030307351e-05    0.16372736242649305   -0.65646774647947304 2.9002798530603499e-05    0.77480112471040252   -0.10085923774092757, -8.7107382202148429   68.774504447937005  -17.782692775726318 -0.96224977493286135  -1.9086528015136719  0.76696135711669922 -0.02236136245727539,   9.0103123675511796  -0.42280758282379305   0.10457568012811946   -6.4595244787031199     -2.92552206454695   0.22012879586344503 -0.014215788532071366, 0.60579562187194824 -0.16065552830696106  0.21995963156223297,  -0.68916761875152588 -0.0072673768736422062   0.010343406349420547     0.7244916558265686,  0.11059646308422089   0.39614826440811157 -0.022210219874978065,-0.017651347443461418   0.70523470640182495 0.0010044471127912402,   0.13113315403461456   0.020222118124365807   0.049244798719882965   0.020222118124365807    0.25161457061767578 -0.0079307211562991142   0.049244798719882965 -0.0079307211562991142    0.24278455972671509,    -0.6368241470524616    -0.19874198617619854    -0.14406897894225779     0.64609046487884569     0.41337650079409372   -0.054836729129981165 -1.3451449731860521e-05,0.37423121929168701
IIWA_7,1715867594.696924,-0.92300834414731903   1.5717823288482782   1.0955646445898772 -0.80098125108449403  -2.8181225083626344  -1.7830256247613123 -0.32917711704129271,    0.24705048595848333 -0.00012235399982170287     0.16493559938598393    -0.67108932952052747  4.0245610142490817e-06     0.77745503080458533    -0.11330365819505217,  -9.0185714073181149    68.504310253143316   -17.637430915832518   -2.4694516181945803   -1.8760789299011231    0.5707153701782226 -0.043053966522216797,  8.7075938042074874 -0.48748949235333422 0.012372515692173236  -6.2088222423948443  -2.9211080488665648  0.34810707238420924 0.012066588129817118,0.60630893707275391 -0.1584073007106781 0.21984486281871796,   -0.6889532208442688 -0.0076611554250121117   0.010549508966505527    0.72468858957290649,  0.10744130611419678   0.40723258256912231 -0.021965831518173218,-0.018801648169755936   0.70526248216629028  0.001143730478361249,   0.13127003610134125   0.019363483414053917   0.049335207790136337   0.019363483414053917    0.25183281302452087 -0.0076579749584197998   0.049335207790136337 -0.0076579749584197998    0.24292090535163879,   -0.60865035095414299    -0.19136251952200922    -0.13909024397573688     0.61504750391705443     0.40932722683129086   -0.052708958405034423 -1.3050247993362518e-05,0.38314452767372131
IIWA_7,1715867594.7019243,-0.92164915328436525   1.5717857444576244   1.0964226551042253 -0.80473968378372684  -2.8181232752603078  -1.7791118765209415 -0.33002673863059118,   0.25200802328493765 3.8741173992507279e-05    0.16626890008271053   -0.68720877158573468 -2.745625812321926e-05    0.77851395425850145   -0.12462779012798038,  -8.6596567306518555    68.876667427062984   -17.731631031036375   -3.5945707511901857   -2.0996941566467284   0.80868031692504883 0.0020025100708007814,   8.4485484917424625  -0.53982922100113118 -0.075120663078269811   -5.9982807961068279   -2.9182500758953527   0.45812329341040658   0.04294823335026815, 0.60681790113449097 -0.15614315867424011   0.2197294682264328,  -0.68874317407608032 -0.0080721583217382431   0.010734792798757553    0.72488099336624146,  0.10469140857458115   0.41673770546913147 -0.021787062287330627,-0.019936926662921906   0.70528692007064819 0.0012940000742673874,   0.13141527771949768   0.018500553444027901   0.049423292279243469   0.018500553444027901    0.25204238295555115 -0.0073836822994053364   0.049423292279243469 -0.0073836822994053364    0.24305741488933563,   -0.58047780500691815    -0.18399422737225279      -0.134093211791253     0.58414556174746224     0.40531016874112424   -0.050593220899397551 -1.2650190672758299e-05,0.39083576202392578
IIWA_7,1715867594.7069244,-0.92027528169349126   1.5717847856173666   1.0972803061898306 -0.80862886433321424  -2.8181223165509497  -1.7750980600460737 -0.33094215367853591,   0.25656128226290964 -7.360671120339766e-06    0.16732116349038104   -0.70533423924808347  1.638336782635036e-05    0.78336382240151159    -0.1363188340201737, -8.0829735984802245   68.758373451232913  -17.903304138183593  -3.9115057182312012  -1.9958099174499511  0.34543298721313476 0.015352577209472655,  8.1883580464149119 -0.60485294909233867 -0.15897135283123465  -5.7637857262920562  -2.9101792715769417  0.59334591586486951 0.069235330640912751, 0.60729247331619263 -0.15383148193359375  0.21961408853530884,  -0.68851178884506226 -0.0085300756618380547    0.01096456591039896    0.72509211301803589,  0.10104271769523621   0.42624273896217346 -0.021622786298394203,-0.021090332418680191   0.70530688762664795   0.00144968181848526,    0.1315750926733017   0.017625709995627403   0.049512714147567749   0.017625709995627403    0.25224611163139343 -0.0071018668822944164   0.049512714147567749 -0.0071018668822944164    0.24319437146186829,   -0.55204911254236322    -0.17648346456455855    -0.12895655506506287     0.55305915350567503     0.40137149547092577   -0.048247522074440496 -1.2213248190562354e-05,0.39839160442352295
IIWA_7,1715867594.7119238,-0.91888972555960757   1.5717793328815342   1.0981153669335122 -0.81261122223006244  -2.8181241381510902  -1.7711053356570501 -0.33191569222664596,     0.2606712711656754 -0.00022399797019274795     0.16725936053956722    -0.72356170727239477 -5.9757311359152034e-05     0.78640003348215526    -0.14799660914054108,   -7.1379660415649413     67.670875423431397    -18.008949127197265     -3.652675495147705    -2.1454736518859865    0.98122993469238284 -0.0063412818908691404,  7.9163565964674456  -0.6803464356841723 -0.23539161031211658  -5.5281118925221531  -2.8981407086372419  0.71835156838642933 0.096169820504322268, 0.60775750875473022 -0.15145987272262573  0.21949085593223572,  -0.68827635049819946 -0.0090094450861215591   0.011197615414857864    0.72530627250671387, 0.097650274634361267   0.43624797463417053 -0.021787667647004128,-0.022274596616625786   0.70532244443893433 0.0016133803874254227,   0.13175138831138611   0.016729101538658142     0.0496036596596241   0.016729101538658142    0.25244447588920593 -0.0068121622316539288     0.0496036596596241 -0.0068121622316539288    0.24333342909812927,   -0.52305073947200853    -0.16881977207416909    -0.12368072944202169     0.52148845139798894     0.39739945775352226   -0.045826522362624189 -1.1763005680620608e-05,0.4065241813659668
IIWA_7,1715867594.7169397,-0.91596683302418513   1.5717590195397855   1.0997658343772514 -0.82061572574930131  -2.8181209743927549  -1.7627899015134023 -0.33398249160098664,    0.27219971237890461 -0.00086145609570270772     0.16646425643490623    -0.75107959214215536  8.3703569971086748e-05     0.80301669013994548      -0.169240052713239,  -7.2226537742614747    66.924816825866699    -17.27647720336914   -2.7626164627075194   -1.9042509269714356   0.61009806823730472 -0.060075302124023434,  7.6498949206616613 -0.76496643373207773 -0.29523462876837175  -5.2795979854802972  -2.8790937110116506  0.86152443281698998  0.12318701954652019, 0.60818952322006226 -0.14904677867889404  0.21936093270778656,  -0.68803352117538452 -0.0095338784158229828   0.011466600000858307    0.72552567720413208, 0.093541577458381653   0.44590762257575989 -0.022174937650561333,-0.023416716605424881   0.70533585548400879 0.0017814025050029159,   0.13194350898265839   0.015823548659682274    0.04969632625579834   0.015823548659682274    0.25263497233390808 -0.0065162396058440208    0.04969632625579834 -0.0065162396058440208    0.24347126483917236,   -0.49389315372971865     -0.1610487023770979     -0.1182960907897268      0.4898721357782243      0.3935406336212921   -0.043194483065001066 -1.1286039658386926e-05,0.41428735852241516
IIWA_7,1715867594.721915,-0.91448120854672132   1.5717556640352155   1.1006208489248552 -0.82468808525785331  -2.8181235628905688  -1.7584940961182807 -0.33507263668725323,    0.27718474900167611 -0.00082338505936134911     0.16737198705207854    -0.76375805405580444 -3.6577056577981448e-05     0.81424556791682212    -0.17899784562125487,-7.1110810470581054  67.590220439910894 -17.828472270965577  -4.132479820251465 -2.1287465286254883 0.76996512222290037 0.07309161758422851,  7.3749562611452619 -0.84409058013441418 -0.35141191286814533  -5.0585993107974208  -2.8610738545092325  0.96839548196338021  0.15179289539243995, 0.60863691568374634 -0.14658166468143463  0.21922279894351959, -0.68780392408370972 -0.010059581138193607  0.011720147915184498   0.72573220729827881,0.090787589550018311  0.45572033524513245 -0.02280782163143158,-0.024572351947426796   0.70534491539001465 0.0019644023850560188,   0.13214561343193054   0.014901967719197273   0.049787402153015137   0.014901967719197273    0.25281724333763123 -0.0062162331305444241   0.049787402153015137 -0.0062162331305444241    0.24360984563827515,   -0.46435161061708641    -0.15321782661992245    -0.11284900484875848     0.45802921443671707     0.38966422574304715    -0.04059508565168457 -1.0817206685942438e-05,0.42250809073448181
IIWA_7,1715867594.7269247,-0.91448120854672132   1.5717556640352155   1.1006208489248552 -0.82468808525785331  -2.8181235628905688  -1.7584940961182807 -0.33507263668725323,    0.27718474900167611 -0.00082338505936134911     0.16737198705207854    -0.76375805405580444 -3.6577056577981448e-05     0.81424556791682212    -0.17899784562125487,-7.1110810470581054  67.590220439910894 -17.828472270965577  -4.132479820251465 -2.1287465286254883 0.76996512222290037 0.07309161758422851,  7.1419886277797016 -0.90431219913867411 -0.40912694987334031  -4.8964900601629617  -2.8477456185787346   1.0352264968519374  0.18266350413363247,0.60910522937774658 -0.1441056877374649 0.21908096969127655, -0.68759047985076904 -0.010567568242549896  0.011931164190173149   0.72592377662658691,0.089376196265220642   0.4640057384967804 -0.02346191368997097,-0.025679847225546837   0.70535171031951904 0.0021588150411844254,  0.13235220313072205  0.013977853581309319  0.049873631447553635  0.013977853581309319   0.25298810005187988 -0.005917771253734827  0.049873631447553635 -0.005917771253734827   0.24374814331531525,   -0.43485464990622447    -0.14547207702353404    -0.10743556734027493     0.42642629069922222     0.38577285901864045   -0.038160006384568845 -1.0370926784020185e-05,0.42963969707489014
IIWA_7,1715867594.7319233,-0.91297940541250699   1.5717599183843503   1.1014533331262284 -0.82889550685240476  -2.8181220289206892   -1.754032069601273 -0.33619849459159107,   0.28181992456991412 -0.0004885340820987604    0.16719695769658935    -0.7793033070267017 3.2097149920157121e-05    0.82987751501376439   -0.18823259267051728,   -7.1272120437622073     68.099691085815437    -17.634789791107178    -4.5638635253906248    -1.8928060531616211    0.10546553039550781 -0.0070087852478027341,  6.9115531771282486 -0.96242714116701655 -0.47901363438000266  -4.7365650178379388  -2.8346445730666852   1.0996321060316678  0.21313039475994677, 0.60956752300262451 -0.14158669114112854  0.21893946826457977, -0.68737113475799561 -0.011087098158895969  0.012131630443036556   0.72612041234970093,0.087937474250793457  0.47235584259033203  -0.0239533931016922,-0.026860374957323074   0.70535093545913696 0.0023725498467683792,  0.13257214426994324  0.013038307428359985    0.0499575175344944  0.013038307428359985   0.25315040349960327 -0.005613578949123621    0.0499575175344944 -0.005613578949123621   0.24388919770717621,   -0.40498251449117006    -0.13763063839267176    -0.10191203063358856     0.39456199886345189     0.38184063561930159    -0.03572088955028363 -9.9164068068091638e-06,0.43683448433876038
IIWA_7,1715867594.7369564,-0.91147754239168277   1.5717551846150866   1.1022862367520374 -0.83317747047756119  -2.8181223165509497  -1.7495160541600148 -0.33735551164089855,    0.28553046048890024 -0.00058017803622650009     0.16707371118963196    -0.79472119062761848  1.4172509516199227e-05     0.84454262966134097    -0.19686675610871324, -6.3448587036132809   67.049832050323488  -18.022154750823976  -3.4598733901977536  -2.0591969108581543  0.59407798767089848 -0.11848184585571289,  6.6651859099516564  -1.0578342738064228 -0.51621827845405743  -4.5669997990236837  -2.8058271092629603   1.1505494973212684  0.23624607206162473, 0.61002767086029053 -0.13900472223758698  0.21877135336399078,  -0.6871565580368042 -0.011587463319301605  0.012335467152297497   0.72631222009658813, 0.086604684591293335   0.48155936598777771 -0.025399291887879372,-0.028132457286119461   0.70534211397171021 0.0026024214457720518,    0.1328137218952179   0.012073802761733532   0.050044812262058258   0.012073802761733532    0.25330457091331482 -0.0053021260537207127   0.050044812262058258 -0.0053021260537207127    0.24403031170368195,   -0.37443301988959732    -0.12965398756925595   -0.096249752781218945     0.36215024067542956     0.37782493633065073   -0.033304929162536467 -9.4642329528937807e-06,0.44486889243125916
IIWA_7,1715867594.7419257,-0.90836236300557727   1.5717258831549394   1.1039449733476066 -0.84165798735209041   -2.818119823871712  -1.7399039267759333 -0.33971472620519533,    0.2950618804922982 -0.0014244892470707828    0.16664840382915996   -0.81382765132640944 0.00012871900949932918    0.88726412037759628   -0.21102375992936989,-5.8515190544128419  66.830719345092774 -17.785333900451661 -3.2054450416564939 -1.9465089225769043 0.44589224243164061 0.04372146987915039,  6.4366880777034066  -1.1416984199500588 -0.55579921670056243   -4.403097877909004  -2.7791078409564958   1.2086590298579862  0.25963953077839574, 0.61047273874282837 -0.13639302551746368  0.21860335767269135, -0.68694311380386353 -0.012097861617803574  0.012541246600449085   0.72650223970413208,0.084865696728229523  0.49010771512985229 -0.02654033899307251,-0.029425922781229019   0.70532798767089844  0.002840596716850996,   0.13306973874568939    0.01110056322067976   0.050130058079957962    0.01110056322067976    0.25344789028167725 -0.0049864533357322216   0.050130058079957962 -0.0049864533357322216    0.24417248368263245,   -0.34371480219030914    -0.12162066706356001   -0.090508655351317913     0.32971698013106732     0.37383689048953173   -0.030855188083211971 -9.0070635394567944e-06,0.45225894451141357
IIWA_7,1715867594.7469237,-0.90836236300557727   1.5717258831549394   1.1039449733476066 -0.84165798735209041   -2.818119823871712  -1.7399039267759333 -0.33971472620519533,    0.2950618804922982 -0.0014244892470707828    0.16664840382915996   -0.81382765132640944 0.00012871900949932918    0.88726412037759628   -0.21102375992936989,-5.8515190544128419  66.830719345092774 -17.785333900451661 -3.2054450416564939 -1.9465089225769043 0.44589224243164061 0.04372146987915039,  6.2436769221307937  -1.2033698196390854 -0.59194879301674896  -4.3128324859388218  -2.7574368746825559   1.2045958757307893  0.28418698765750594, 0.61095863580703735 -0.13376840949058533  0.21842673420906067, -0.68676519393920898 -0.012550104409456253  0.012678668834269047   0.72666043043136597, 0.085062675178050995   0.49746769666671753 -0.027805574238300323, -0.03075544536113739   0.70530682802200317 0.0031212710309773684,   0.13333198428153992   0.010119132697582245   0.050209686160087585   0.010119132697582245    0.25357899069786072 -0.0046726763248443604   0.050209686160087585 -0.0046726763248443604    0.24431578814983368,   -0.3128411683452903   -0.11367696139963357  -0.084805384132913275    0.29733589076652578    0.36974887538754331  -0.028722640355915985 -8.602069723195882e-06,0.45890560746192932
IIWA_7,1715867594.7519267,-0.90676870068391968   1.5717305570375932   1.1047705066661504  -0.8459783603290123  -2.8181263433745998  -1.7348130280225025 -0.34091464672000921,    0.29979599726014194 -0.00095263609150486703     0.16634005580508188    -0.82387704013800334 -0.00015780490791132028     0.91344724643931019    -0.21681582853605108, -5.7291923294067386   68.091625587463383  -18.515164699554443  -4.5876336479187012  -2.2097410202026366  0.57371913528442386 -0.07075535583496094,   6.069605363060159  -1.2508623520010651 -0.63063427355744228  -4.2702902640599412   -2.740612973367218   1.1578454850035824   0.3110603629240557, 0.61148136854171753 -0.13112081587314606  0.21824201941490173, -0.68661165237426758 -0.012959630228579044  0.012754758819937706   0.72679698467254639, 0.086646877229213715    0.5042804479598999 -0.029147114604711533,-0.032079223543405533   0.70528024435043335 0.0034106271341443062,   0.13360109925270081  0.0091278254985809326   0.050284508615732193  0.0091278254985809326     0.2536979615688324 -0.0043598930351436138   0.050284508615732193 -0.0043598930351436138    0.24445988237857819,   -0.28175101820471227    -0.10579780038399988   -0.079118098114339119     0.26493894266410578     0.36556579412572177    -0.02685659877021962 -8.2362112685530064e-06,0.46528321504592896
IIWA_7,1715867594.7569237,-0.90515790108341987   1.5717429007696448    1.105549780905535 -0.85042654518513783  -2.8181225083626344   -1.729576521031067 -0.34211984020174258,    0.30426878182810607 -0.00026835959113942303     0.16424301421945028    -0.83702902635542376  2.7156552283952073e-05     0.94021807680886893    -0.22166040209817561,  -5.9173872909545899    68.646800724029546   -17.826711521148681   -4.8262152481079097   -1.7695535659790038    0.2356286849975586 -0.092115463256835936,  5.8889609091953679  -1.3351295760950666 -0.64092578800109279   -4.223306154461798  -2.7046011436183286   1.0964930263006165  0.32810910783086966, 0.61201357841491699 -0.12842431664466858  0.21802836656570435, -0.68647158145904541 -0.013324937783181667  0.012816471047699451   0.72692155838012695, 0.088216304779052734   0.51169019937515259 -0.031369499862194061,-0.033565111458301544   0.70524001121520996 0.0037305213045328856,   0.13388910889625549  0.0081157507374882698   0.050360023975372314  0.0081157507374882698    0.25380650162696838 -0.0040419832803308964   0.050360023975372314 -0.0040419832803308964    0.24460379779338837,   -0.25009491537275608   -0.097833387242562964   -0.073321663837333517     0.23212446038467505      0.3612765402039031   -0.025123895207812552 -7.8913946488512465e-06,0.47224235534667969
IIWA_7,1715867594.7619231,-0.90353745406639652   1.5717394852693818   1.1063449941461472 -0.85493099585660615  -2.8181230836231559  -1.7242210105099134 -0.34334324990304516,    0.30823290614341892  -0.0003513076834339309     0.16320294100004656    -0.84980124794307177 -1.2851790304548477e-06     0.96639488229323811    -0.22626470973064372, -4.6148093070983887   67.832185390472418  -18.212315731048584  -2.3250701332092283  -2.1023352813720702  0.50129502105712886 0.029036396026611327,  5.6899932009197647  -1.4610005299547342 -0.60921162037914678  -4.1442121108165129  -2.6507720635847112   1.0461689089523853   0.3343648616039146, 0.61253541707992554 -0.12566865980625153  0.21778179705142975, -0.68633925914764404 -0.013659392483532429  0.012902570888400078   0.72703880071640015, 0.088958948850631714   0.51998317241668701 -0.034462545067071915,-0.035212162882089615   0.70518553256988525 0.0040822834707796574,   0.13420210778713226  0.0070826555602252483   0.050440005958080292  0.0070826555602252483    0.25390362739562988 -0.0037172865122556686   0.050440005958080292 -0.0037172865122556686    0.24474532902240753,   -0.21786047159588762   -0.089742964919370394   -0.067388023523129448     0.19889748748092018     0.35695140751679233   -0.023391730625821339 -7.5512045505377046e-06,0.47992086410522461
IIWA_7,1715867594.766947,-0.90187086785251669   1.5717258232683295   1.1071213321963145 -0.85934472594980182  -2.8181234670719926  -1.7186467879805372 -0.34458187942084056,    0.31324977346992827 -0.00082752618883671458     0.16161587480672934    -0.85639020208228456  -1.636609669167314e-05     0.99608480700963964    -0.23055694849633135, -5.4052281455993656    66.77829360580445    -18.0617716217041  -2.7749417114257811  -1.9244995498657227    1.074680404663086 0.029036396026611327,  5.5036362418559994  -1.5545791818121266 -0.60057555321313472   -4.079278258969258  -2.6075924744719421  0.99572455738532617  0.34415889196731736,0.61306029558181763 -0.1228826642036438  0.2175399512052536, -0.68621927499771118 -0.013983270153403282  0.012965051457285881   0.72714477777481079, 0.089609116315841675   0.52782934904098511 -0.036744382232427597,-0.036948498338460922   0.70511925220489502  0.004491832572966814,   0.13452784717082977  0.0060392683371901512   0.050515033304691315  0.0060392683371901512    0.25398808717727661 -0.0033892495557665825   0.050515033304691315 -0.0033892495557665825    0.24488948285579681,  -0.18537460433343256  -0.081610653915653586  -0.061383589331054367    0.16558768014540703    0.35260484372301448  -0.021740677665693653 -7.225828380086341e-06,0.48714914917945862
IIWA_7,1715867594.7719462, -0.9001923573310211   1.5717232466169382   1.1078840082454293 -0.86380016112180635  -2.8181216454718525  -1.7128515164470697 -0.34580966324449791,    0.31774023963576625 -0.00076508700672383776     0.15979974180997711    -0.86332956854600884  5.9771128249130236e-05      1.0286787069464109    -0.23355691174335896,  -5.1807384414672848    67.976020111083983   -18.818894042968751    -3.241540412902832    -2.015178165435791   0.21793984603881836 -0.040383953094482422,  5.3664918729394593  -1.6180079600748494 -0.58699620177946343  -4.1034925667352056  -2.5715495864487909  0.87778076857439591  0.35974434003067074, 0.61364096403121948 -0.12009915709495544  0.21728423237800598,-0.68614894151687622 -0.01423198264092207 0.012934419326484203  0.72720682621002197, 0.092332839965820312   0.53400713205337524 -0.039148669689893723,-0.038714360445737839   0.70504295825958252 0.0049644899554550648,   0.13485680520534515  0.0049933367408812046   0.050583790987730026  0.0049933367408812046    0.25405853986740112 -0.0030664834193885326   0.050583790987730026 -0.0030664834193885326    0.24503292143344879,   -0.15286960895100066   -0.073641596386675445   -0.055468524667201535     0.13248912486085729     0.34816019395078612   -0.020513494570550961 -6.9742855934862291e-06,0.49322023987770081
IIWA_7,1715867594.7769482,-0.89852025838561578   1.5717399046938176   1.1086079154049528 -0.86833289463563701  -2.8181277813513708  -1.7069592326415424 -0.34702306599145111,    0.32107614952482583  5.4253469798928909e-05     0.15679607982892285    -0.87197299539003337 -0.00019761827813086493      1.0586343177782211    -0.23538163927281502,  -5.3917856483459472    69.087714633941644   -18.812731418609619   -5.2646419525146486   -2.0706417846679686   0.45223352432250974 -0.076429134368896479,  5.2432343834702158  -1.7006357770877083 -0.55066522819232355  -4.1477158552481308  -2.5256149754510848  0.73384576330799822  0.36727855234936463, 0.61424523591995239 -0.11728768050670624  0.21700224280357361, -0.68610328435897827 -0.014408432878553867  0.012864959426224232   0.72724765539169312, 0.095402427017688751   0.54006516933441162 -0.042131122201681137,-0.040545500814914703   0.70495444536209106 0.0054519861005246639,   0.13520199060440063  0.0039325635880231857   0.050651539117097855  0.0039325635880231857    0.25411602854728699 -0.0027423512656241655   0.050651539117097855 -0.0027423512656241655    0.24517561495304108,   -0.11995320244650998   -0.065674155256267852   -0.049509838472072687    0.099163494093001958     0.34358808089152149   -0.019558911617423291 -6.7665819614148859e-06,0.49929153919219971
IIWA_7,1715867594.7819233, -0.8968316211365509   1.5717461964966881   1.1093079139535518 -0.87300476492477197  -2.8181211660299068   -1.700944350146204 -0.34823994423436044,   0.32440640958245559 0.00029507489065849996    0.15343680580709523   -0.88445320787742521 0.00010651823605347445       1.08750275403611   -0.23698044113462546,  -4.5785145645141601    68.771815948486335   -18.272181224822997   -4.0373993301391602   -1.9438677978515624   0.18523218154907226 -0.037713939666748048,  5.1291755487131994   -1.824212048673338 -0.47164321872916504  -4.1651235638523847  -2.4570828790814776  0.61148144410016869  0.36282113605740629, 0.61483234167098999 -0.11444900184869766  0.21668604016304016, -0.68606847524642944 -0.014546575024724007  0.012816749513149261   0.72727859020233154, 0.097107984125614166   0.54598903656005859 -0.045889668166637421,-0.042634870857000351   0.70484155416488647 0.0059978649951517582,   0.13556894659996033   0.002863017376512289   0.050721999257802963   0.002863017376512289     0.2541603147983551 -0.0024143443442881107   0.050721999257802963 -0.0024143443442881107     0.2453141063451767,  -0.086803967142223826   -0.057646655809318048   -0.043456775982608775    0.065769671687476716     0.33902559134890708   -0.018637435535762137 -6.5707399521386378e-06,0.50510215759277344
IIWA_7,1715867594.7869234,-0.89333935802048114   1.5717079668047524   1.1107335573551107 -0.88227510219069094  -2.8181239465139383  -1.6884089108022642 -0.35062378626706747,    0.33359252385978755  -0.0012257702266515466     0.14951888281163098    -0.89967505583317209 -2.4639353498146464e-05      1.1480155674408739    -0.23742563487696142,   -3.400951805114746    66.295707954406737   -18.747583675384522   -3.7961766052246095   -2.0169389152526853   0.22094361114501954 -0.058740295410156247,  4.9800584442476294  -1.9555105625700029 -0.38801951668033585   -4.136857992160885  -2.3868326104909783  0.51751883217179906   0.3539640893758027, 0.61540186405181885 -0.11154775321483612  0.21635620296001434, -0.68603771924972534 -0.014673858880996704  0.012795726768672466   0.72730541229248047, 0.097667954862117767   0.55322223901748657 -0.049443148076534271,-0.044889785349369049   0.70470738410949707 0.0066179968416690826,   0.13596069812774658  0.0017743363277986646   0.050793621689081192  0.0017743363277986646    0.25419077277183533 -0.0020782626233994961   0.050793621689081192 -0.0020782626233994961    0.24545243382453918,  -0.053091428172891142   -0.049455292768119108   -0.037233100532496621    0.031990025477046657      0.3344645240073163   -0.017663214564755947 -6.3720131393552037e-06,0.51190090179443359
IIWA_7,1715867594.7919734,-0.89333935802048114   1.5717079668047524   1.1107335573551107 -0.88227510219069094  -2.8181239465139383  -1.6884089108022642 -0.35062378626706747,    0.33359252385978755  -0.0012257702266515466     0.14951888281163098    -0.89967505583317209 -2.4639353498146464e-05      1.1480155674408739    -0.23742563487696142,   -3.400951805114746    66.295707954406737   -18.747583675384522   -3.7961766052246095   -2.0169389152526853   0.22094361114501954 -0.058740295410156247,  4.8581879653845341  -2.0406444301662434 -0.32972719637688996  -4.1599944065972512   -2.331520326951249  0.39317571282823877  0.34884031341491106, 0.61599981784820557 -0.10863567888736725  0.21603028476238251, -0.68604022264480591 -0.014754513278603554  0.012723886407911777    0.7273026704788208, 0.099210940301418304   0.55943316221237183 -0.052142255008220673,-0.047171000391244888   0.70455914735794067 0.0073180855251848698,   0.13635896146297455 0.00068156077759340405   0.050857674330472946 0.00068156077759340405    0.25420716404914856 -0.0017431025626137853   0.050857674330472946 -0.0017431025626137853    0.24559269845485687, -0.019270222378242607  -0.041314829090310923  -0.031004832635517232 -0.0017051323046857192    0.32986346115082554  -0.016935521167660283   -6.2208522777496e-06,0.51788932085037231
IIWA_7,1715867594.7969224,-0.89151895430337691   1.5717049108423151   1.1114182760915239 -0.88701947705669537  -2.8181268226420126  -1.6820470251084536 -0.35181214201209149,    0.33969016777199945  -0.0011028546788142809     0.14700385570583202    -0.90951503930671496 -0.00013475660577329449       1.172887881705122     -0.2374747377025298,  -3.5609175224304201     67.67894092178345   -19.149915008544923   -4.9697163581848143   -2.2528793907165525   0.71589735031127932 -0.022027610778808594,  4.7351956305907494  -2.1058300649291182 -0.27960061044419132  -4.2153891712683231  -2.2827494348840158   0.2366349183552173  0.34501983106730821, 0.61663448810577393 -0.10569138824939728  0.21569760143756866, -0.68607586622238159 -0.014785753563046455  0.012608965858817101   0.72727048397064209,  0.10185953229665756   0.56568425893783569 -0.054589498788118362,-0.049467585980892181   0.70439761877059937 0.0080679915845394135,    0.13676548004150391 -0.00042077383841387928    0.050916261970996857 -0.00042077383841387928     0.25420928001403809  -0.0014077902305871248    0.050916261970996857  -0.0014077902305871248     0.24573327600955963,    0.01483997862639086   -0.033196174139327184   -0.024748580450761892    -0.03548261717645218     0.32521106575655878   -0.016444778928370596 -6.1154934449803022e-06,0.52407801151275635
IIWA_7,1715867594.8019547,-0.88966583362586249   1.5717158764187562   1.1120921490247158 -0.89188357430990339  -2.8181232752603078  -1.6755567284511736 -0.35299390652119533,    0.34587696131817636 -0.00044366068540778588     0.14455800189234069    -0.92217592157369288  3.4089983574446246e-05      1.1979221716552959    -0.23725037052617762, -3.8338002166748049   67.860414634704597  -18.468504829406736  -4.5700261497497561  -1.8734378051757812  0.64447449111938482 -0.11347557067871093,  4.5593949698808149  -2.2189664801023445 -0.20301557268980297  -4.1784557152228867   -2.211651140143605  0.14375245578469797  0.33237574920742724,  0.6172255277633667 -0.10267315804958344  0.21534162759780884,  -0.6860993504524231 -0.014846447855234146  0.012572946958243847   0.72724765539169312,  0.10211808979511261   0.57363176345825195 -0.057473964989185333,-0.051953285932540894   0.70420986413955688 0.0088568367063999176,    0.1371980756521225 -0.0015364346327260137   0.050977803766727448 -0.0015364346327260137    0.25419637560844421 -0.0010624444112181664   0.050977803766727448 -0.0010624444112181664    0.24586977064609528,   0.049367268811550957   -0.024861257649000379    -0.01827221068806395   -0.069505617496190553      0.3206899054042367   -0.015678813960473548 -5.9735274504646441e-06,0.53144204616546631
IIWA_7,1715867594.8069229,-0.88779539568242671   1.5717036524599246   1.1128034128009716 -0.89677146029173316  -2.8181223165509497  -1.6690358120647462 -0.35415841365098777,    0.35151908679197214 -0.00084388690159035269     0.14409695256410676    -0.93325617653214499  6.5620361184482766e-05      1.2191743927813363    -0.23638058161263953,  -4.6672350463867192    65.959645523071288   -18.154210987091066   -2.3761318778991698   -1.8100508117675782   0.71823361206054692 -0.090446704864501959,   4.354640769712657  -2.3573991999422459 -0.11437049841578484  -4.1050536364317898  -2.1306138261340424 0.066387370596507678  0.31222997901528216,  0.61780142784118652 -0.099586151540279388   0.21496473252773285, -0.68612337112426758 -0.014891555532813072  0.012566437013447285   0.72722417116165161,  0.10160226374864578   0.58273071050643921 -0.060612756758928299,-0.054679010063409805   0.70398890972137451  0.009710187092423439,    0.13765598833560944   -0.002670936519280076    0.051039919257164001   -0.002670936519280076     0.25416743755340576 -0.00070887769106775522    0.051039919257164001 -0.00070887769106775522      0.2460048645734787,  0.084495453133381915  -0.016352754972803751  -0.011607412802483452   -0.10393886174098199      0.316162006724241   -0.01487432099178676 -5.827426541316072e-06,0.53974497318267822
IIWA_7,1715867594.8119235,-0.88593424561768852   1.5716691978060777   1.1135367873899396 -0.90161338673653624  -2.8181246175930355  -1.6624515589887607 -0.35534491182027228,    0.35566127202310543  -0.0020532956751475873     0.14461254561000297    -0.94028199901783927 -3.9545394482879822e-05      1.2387096372644861    -0.23656439206149207,    -4.80300426864624      65.2364391708374   -19.145513134002684   -2.6208761024475096   -2.1815690231323241   0.68686095428466798 0.0090112953186035159,   4.1687105449994224   -2.4391240110850769 -0.074972316195895269   -4.0426271068894337   -2.0723552989168694 0.0062365983858715781   0.29763465794897243,  0.61836695671081543 -0.096476539969444275   0.21461305022239685, -0.68615114688873291 -0.014948324300348759  0.012559767812490463   0.72719693183898926,  0.10070716589689255   0.59090161323547363 -0.062109723687171936,-0.057325609028339386     0.703757643699646  0.010627455078065395,    0.13812337815761566  -0.0038059463258832693    0.051093455404043198  -0.0038059463258832693     0.25412267446517944 -0.00035304093034937978    0.051093455404043198 -0.00035304093034937978     0.24614317715167999,    0.11967051852845856  -0.0078117147319645142  -0.0048598322575088559    -0.13823859190997823     0.31170324487383994   -0.014052589501378776 -5.6819269289576368e-06,0.54702639579772949
IIWA_7,1715867594.8169248,-0.88223393641862102    1.571616527150828   1.1149458327103119 -0.91151007958317998  -2.8181241381510902  -1.6491881379050755 -0.35769849377074053,   0.36082403821932013 -0.0032076160649180886    0.14319017609504964   -0.95847703492370795 2.3048488156523315e-06     1.2703632674748715   -0.23610954879774601,-4.3741886062622068  68.839028434753416 -18.982643775939941 -3.7741672325134279 -1.9297817993164061 0.59941801452636723 -0.1168130874633789,   4.0499119859127406   -2.4657624827596023 -0.065791777220466544   -4.0456338642741594   -2.0335007189557572 -0.072066602705110089   0.29553399576674183,  0.61894071102142334 -0.093387410044670105   0.21427902579307556, -0.68619954586029053 -0.014991011470556259  0.012493572197854519   0.72715151309967041,  0.10030848532915115   0.59660160541534424 -0.062608160078525543,-0.060004379600286484   0.70350706577301025  0.011619032360613346,    0.13859452307224274  -0.0049322564154863358    0.051138121634721756  -0.0049322564154863358     0.25406298041343689 -1.0181020115851425e-06    0.051138121634721756 -1.0181020115851425e-06      0.2462831437587738,    0.15461932058435934  0.00061891707359151837   0.0018592575106168852    -0.17213507346092172     0.30726244061041186   -0.013427910545704691 -5.5688369471340593e-06,0.55209922790527344
IIWA_7,1715867594.821923,-0.88223393641862102    1.571616527150828   1.1149458327103119 -0.91151007958317998  -2.8181241381510902  -1.6491881379050755 -0.35769849377074053,   0.36082403821932013 -0.0032076160649180886    0.14319017609504964   -0.95847703492370795 2.3048488156523315e-06     1.2703632674748715   -0.23610954879774601,-4.3741886062622068  68.839028434753416 -18.982643775939941 -3.7741672325134279 -1.9297817993164061 0.59941801452636723 -0.1168130874633789,   3.9479921868342154   -2.5165799646683102 -0.029511973811005406   -4.0319662336951847   -1.9817684428009503  -0.13019876154851021   0.28771386828513329,  0.61948752403259277 -0.090282537043094635    0.2139323353767395, -0.68625056743621826 -0.015021759085357189  0.012446330860257149     0.727103590965271, 0.098863713443279266   0.60177135467529297 -0.063513509929180145,-0.062710337340831757   0.70323890447616577  0.012598888017237186,    0.1390843540430069 -0.0060587115585803986   0.051181793212890625 -0.0060587115585803986    0.25398740172386169 0.00035362844937480986   0.051181793212890625 0.00035362844937480986     0.2464202344417572,    0.18962924493104438   0.0090965204440074388   0.0086721653365096074    -0.20591793066859765      0.3028810199534604   -0.012789591332662553 -5.4561555273835438e-06,0.55659008026123047
IIWA_7,1715867594.8269224,-0.88038315262789202   1.5715854281106345   1.1156734549122314  -0.9165179276077362  -2.8181221249137978  -1.6425791974740696  -0.3588806177085872,   0.36269058220461631 -0.0038100544596742342    0.14365702895281829   -0.96709554892121552 8.2373370749756205e-05     1.2806482312201335   -0.23617259655206357, -4.0556014213562008   68.086248588562015  -19.053954143524169  -2.1269857788085935  -1.8954471778869628   1.0676716194152831 -0.10746804046630859,  3.8315838700284881  -2.5933832670649055  0.03006435002949609  -3.9768102558256748  -1.9177664636881058 -0.15771513730157327  0.27380335790205512,  0.61999481916427612 -0.087140411138534546   0.21357418596744537,-0.68629908561706543  -0.0150570347905159 0.012442546896636486  0.72705709934234619, 0.096046552062034607   0.60737639665603638 -0.064691856503486633,-0.065529234707355499   0.70294380187988281  0.013588238507509232,   0.13959793746471405 -0.0071900850161910057   0.051225360482931137 -0.0071900850161910057    0.25389495491981506 0.00071429746458306909   0.051225360482931137 0.00071429746458306909    0.24655485153198242,   0.22486331747151311   0.017705394731670765   0.015648557833980448   -0.23974152373318347     0.2985879147172632  -0.012029109454747555 -5.329160668310351e-06,0.56131148338317871
IIWA_7,1715867594.8319228,-0.87853890018647307   1.5714961455745826   1.1164222293047712 -0.92149665405014136  -2.8181263433745998  -1.6358670128547437 -0.36007394687839783,    0.36392256342045098  -0.0066193450098151231     0.14487659886384829    -0.97282549683317876 -0.00010283973548051262      1.2930059697491421    -0.23667124403407611,  -3.2423303375244141    68.625292728424071   -19.959859924316405   -3.3031666564941404   -2.0627184104919434    1.0396364784240724 -0.044388973236083984,  3.7323408943930754  -2.6332272680645357 0.049856593749250347  -3.9228261665931607  -1.8692393313274007 -0.16288436295901632  0.26617313402087239,  0.62047708034515381 -0.083991043269634247   0.21323810517787933, -0.68633919954299927 -0.015121358446776867  0.012442927807569504   0.72701787948608398, 0.092760629951953888   0.61213141679763794 -0.064740478992462158,-0.068313620984554291   0.70263397693634033  0.014628463424742222,   0.14012031257152557 -0.0083145508542656898    0.05126141756772995 -0.0083145508542656898    0.25378668308258057  0.0010755527764558792    0.05126141756772995  0.0010755527764558792    0.24669072031974792,     0.2599668527838439    0.026318437627015356    0.022688259085690277    -0.27327074503835647     0.29439327087299461   -0.011202471475346698 -5.1881561269340182e-06,0.56512689590454102
IIWA_7,1715867594.8369236,-0.87665659793111461   1.5713877483016458   1.1171102436591442 -0.92658701349683337  -2.8181244257813507   -1.629202225814665 -0.36127374751090874,    0.36643014095069915  -0.0096313669253227617     0.14342185326600046    -0.98187477533422329 -5.5680584212533204e-06      1.3009962574024605    -0.23732902052769711,  -2.6239754638671875    70.681994808197018   -20.696733722686766   -4.9705967330932612   -2.1560381507873534   0.62645190048217769 -0.011347557067871094,   3.678871474809196  -2.6030977583511583 0.035443078226080602  -3.9391484455624095  -1.8458847385697599 -0.20153262959160936  0.27276026459122138,   0.6209750771522522 -0.080857731401920319   0.21293145418167114, -0.68641465902328491 -0.015167375095188618  0.012375774793326855   0.72694683074951172, 0.090756043791770935   0.61527180671691895 -0.063618168234825134,-0.070993214845657349   0.70231705904006958  0.015709234401583672,   0.14064568281173706 -0.0094326836988329887   0.051287040114402771 -0.0094326836988329887    0.25366389751434326  0.0014333112630993128   0.051287040114402771  0.0014333112630993128    0.24683071672916412,    0.29496751582724912    0.034841071789859512    0.029729824186031095    -0.30651575618456661     0.29021433606235547   -0.010597294695546822 -5.0927884132079271e-06,0.56758439540863037
IIWA_7,1715867594.8419468,-0.87275896846088441   1.5712486114172584   1.1183663701026909 -0.93703006704868153  -2.8181232752603078  -1.6158809209954204 -0.36369905507598466,  0.37504518819441651 -0.011131297591348089    0.1369887271145907    -1.004285548546314   7.4671873526294e-05    1.3123829033197145  -0.23931022241322589,  -2.6011232185363768    69.860658226013186   -19.935209426879883   -1.8100508117675782   -1.8056489372253417    1.4708436470031738 -0.068419094085693355,  3.5659449618390058  -2.6188907225605003 0.069090302534646153  -3.8688489493316838  -1.8006140304674156 -0.18713132982376596  0.27377540881636414,  0.62141573429107666 -0.077665522694587708   0.21261230111122131, -0.68648982048034668 -0.015255757607519627  0.012395523488521576   0.72687369585037231, 0.086761675775051117   0.62011599540710449 -0.063228867948055267,-0.073606349527835846    0.7019919753074646  0.016764068976044655,  0.14119814336299896 -0.010553955100476742  0.051314756274223328 -0.010553955100476742   0.25352272391319275 0.0017997297691181302  0.051314756274223328 0.0017997297691181302   0.24696587026119232,     0.3301813033478318    0.043566231571645631    0.037009703538259942    -0.33976425341464278     0.28625621842248705  -0.0096594782803549606 -4.9615671571245912e-06,0.57139569520950317
IIWA_7,1715867594.8469217,-0.87275896846088441   1.5712486114172584   1.1183663701026909 -0.93703006704868153  -2.8181232752603078  -1.6158809209954204 -0.36369905507598466,  0.37504518819441651 -0.011131297591348089    0.1369887271145907    -1.004285548546314   7.4671873526294e-05    1.3123829033197145  -0.23931022241322589,  -2.6011232185363768    69.860658226013186   -19.935209426879883   -1.8100508117675782   -1.8056489372253417    1.4708436470031738 -0.068419094085693355,  3.3893278222298977  -2.7228835093677741  0.16934128535058199  -3.7037952616015519  -1.7143035719637096 -0.12755682151900499  0.25900192209651113,  0.62179070711135864 -0.074397556483745575   0.21225306391716003, -0.68655240535736084 -0.015373707748949528  0.012522066012024879   0.72680991888046265,0.080812402069568634   0.6269957423210144  -0.0645136758685112,-0.076347313821315765   0.70163720846176147  0.017799023538827896,   0.1417844295501709 -0.011683642864227295  0.051347594708204269 -0.011683642864227295   0.25336188077926636 0.0021775767672806978  0.051347594708204269 0.0021775767672806978   0.24709318578243256,    0.36579226295252454    0.052563192643351186     0.04457207492336579    -0.37320866083323523     0.28247858805707793   -0.008370313687500186 -4.7838732974980758e-06,0.57699048519134521
IIWA_7,1715867594.851923,-0.87077078558828747   1.5711389557619311   1.1189877521495462 -0.94220922961129649  -2.8181244257813507  -1.6091497414124296 -0.36494110009404312,     0.379563465459411   -0.01329126428616962    0.13444626356588241    -1.0105949413416502 1.3716657105802187e-05     1.3191535059754014   -0.24112997865291946,  -2.9896113891601561    68.911617919921881   -20.499529743194579   -3.4264191436767577    -2.098813781738281   0.54902151107788089 -0.024363872528076171,   3.2171257741372932   -2.8154839981919908   0.25834439640849938   -3.5630314597108783   -1.6330241480496166 -0.087337213487101675    0.2493635943803964,  0.62216144800186157 -0.071100063621997833   0.21188794076442719, -0.68662172555923462 -0.015497494488954544  0.012641305103898048   0.72673970460891724, 0.075817130506038666   0.63365894556045532 -0.065780229866504669,-0.078865885734558105   0.70128941535949707  0.018855582922697067,  0.14238336682319641 -0.012812675908207893  0.051376555114984512 -0.012812675908207893    0.2531837522983551 0.0025565957184880972  0.051376555114984512 0.0025565957184880972   0.24721793830394745,    0.40152801381276859    0.061588349832497613    0.052227071482668919    -0.40658264686888046     0.27875801943633149   -0.007097724379345749 -4.6085704141773931e-06,0.58256173133850098
IIWA_7,1715867594.8569407, -0.8667618226559034   1.5708184976033015   1.1201634046246924 -0.95296171585872302  -2.8181237547022535  -1.5958449147920684  -0.3674204564699794,   0.38725814362943312  -0.020057284366849799    0.12837964393943593    -1.0342964265911321 7.3205046416612105e-05     1.3234273446431326   -0.24358936341871562,  -3.3202968215942383    69.706069507598883   -20.295282764434813   -2.2625635147094725   -1.8347013092041016   0.84472549819946285 -0.055069026947021482,   3.0890178244394648   -2.8492241542860763   0.32220276955645843   -3.4833616443201292   -1.5716417480297404 -0.072515372072017331   0.25178008837181176,  0.62253355979919434 -0.067810811102390289   0.21153953671455383,  -0.6867218017578125 -0.015619071200489998  0.012723108753561974   0.72664111852645874, 0.071852274239063263   0.63863480091094971 -0.066145561635494232,-0.081121958792209625    0.7009546160697937  0.019990270957350731,  0.14298811554908752 -0.013932425528764725  0.051398083567619324 -0.013932425528764725   0.25299042463302612 0.0029332989361137152  0.051398083567619324 0.0029332989361137152   0.24734336137771606,    0.43712675839069348    0.070562003818608332    0.059929950170900526    -0.43963854341066977     0.27511953914505227  -0.0059306725663788029 -4.4628944984026475e-06,0.58668851852416992
IIWA_7,1715867594.8619502, -0.8667618226559034   1.5708184976033015   1.1201634046246924 -0.95296171585872302  -2.8181237547022535  -1.5958449147920684  -0.3674204564699794,   0.38725814362943312  -0.020057284366849799    0.12837964393943593    -1.0342964265911321 7.3205046416612105e-05     1.3234273446431326   -0.24358936341871562,  -3.3202968215942383    69.706069507598883   -20.295282764434813   -2.2625635147094725   -1.8347013092041016   0.84472549819946285 -0.055069026947021482,  2.9156984386595135  -2.8856767760838964  0.39473291909195912  -3.3129101370822482  -1.5050852290678085 0.018293429378368697  0.25270937149103107,  0.62282705307006836 -0.064467564225196838   0.21120463311672211, -0.68681609630584717 -0.015812655910849571    0.0129062095656991   0.72654455900192261,0.065429486334323883  0.64474111795425415  -0.0659027099609375,-0.08340829610824585  0.70060175657272339 0.021169025450944901,  0.14361982047557831  -0.01505009550601244  0.051417801529169083  -0.01505009550601244   0.25277689099311829 0.0033196653239428997  0.051417801529169083 0.0033196653239428997   0.24746738374233246,   0.47284440997996668   0.079775584594710125    0.06793189765019747   -0.47259978069380537    0.27176334140088798 -0.0043133713276688468  -4.26408908182907e-06,0.59157979488372803
IIWA_7,1715867594.8669245,-0.86476860636282671     1.57061740229405    1.120760998052009 -0.95828031484785836  -2.8181253844907088  -1.5891590355570624 -0.36867784140499976,    0.38953516662661425    -0.02408963986353975     0.12660745224421188     -1.0401811008383191 -6.6275010788718184e-06      1.3261770451147448    -0.24516688813578719,  -4.2774026260375972    68.251591304779055    -20.23893877029419   -1.7334581947326659   -1.9746809196472168   0.98857247161865236 -0.062077812194824215, 2.7338437876210819 -2.9363718431928936 0.46957014417633225 -3.1232596086119409 -1.4343049778041468 0.11823505574104028 0.24970038714869214,  0.62308347225189209 -0.061081636697053909   0.21087054908275604, -0.68690431118011475 -0.016016136854887009  0.013117666356265545   0.72645294666290283,  0.05871007964015007   0.65130138397216797 -0.065669097006320953,-0.085736498236656189   0.70022892951965332  0.022340869531035423,  0.14427527785301208 -0.016172250732779503  0.051434226334095001 -0.016172250732779503   0.25254338979721069 0.0037117621395736933  0.051434226334095001 0.0037117621395736933   0.24759097397327423,    0.50890329136477064    0.089140035338886037    0.076141981271593551    -0.50569575905257125     0.26846280435144365  -0.0025993279888503196 -4.0480467866643721e-06,0.59693080186843872
IIWA_7,1715867594.8719232,-0.86281326022385996   1.5703456599836683   1.1213445099447545 -0.96359855440825082  -2.8181260557443393  -1.5824437949752994 -0.36992647776806148,    0.38984197885996147   -0.030141404306101384     0.12462643750519052     -1.0448744630863536 -3.2152146081401986e-05      1.3295512593623151    -0.24607896503109844,   -3.208724094390869    69.667086265563967   -21.271618537902832   -3.8798122215270996   -2.1806886482238768   0.60041926956176761 -0.013016315460205078,   2.64724539164341  -2.919975792210793 0.51650632953346876 -3.0401050338244757 -1.3864771880310174 0.17459947138688886 0.26181399772398628,  0.62335062026977539 -0.057747688144445419   0.21056005358695984,  -0.6870235800743103 -0.016208596527576447  0.013260415755212307   0.72633326053619385,0.053797665983438492  0.65444356203079224 -0.06456330418586731,-0.08765796571969986  0.69989454746246338 0.023441273719072342,  0.14492620527744293 -0.017272936180233955  0.051441624760627747 -0.017272936180233955   0.25229799747467041  0.004095517098903656  0.051441624760627747  0.004095517098903656   0.24771508574485779,      0.544472190810108    0.098319060934937141    0.084295439505055469    -0.53816326532896142     0.26522598251510487  -0.0011027094433124773 -3.8736081009460577e-06,0.59933322668075562
IIWA_7,1715867594.8769479,-0.86084964493306326   1.5700903360946432   1.1218917096079137 -0.96906779505587048  -2.8181277813513708  -1.5757085407030036 -0.37119926239757067,    0.39041819471983696   -0.034326079005883095     0.12158913653052011     -1.0546691963738697 -9.4745998124665887e-05       1.333051178381685    -0.24777455720524652,   -2.560795726776123    70.862124271392815   -21.359656028747558   -4.8570283699035643   -2.0565557861328125   0.85840931701660161 -0.055069026947021482, 2.6142380628647119 -2.8559362666920176  0.5548369021251276 -3.0074163568375401 -1.3560330394283631  0.2167781687508194 0.28165313195250741,  0.62360483407974243 -0.054445113986730576   0.21027480065822601, -0.68717414140701294 -0.016389187425374985  0.013372686691582203   0.72618472576141357, 0.049361959099769592   0.65566962957382202 -0.062700293958187103,-0.089401364326477051   0.69957321882247925  0.024531662464141846,  0.14558370411396027 -0.018359245732426643  0.051442414522171021 -0.018359245732426643   0.25203874707221985 0.0044757523573935032  0.051442414522171021 0.0044757523573935032   0.24784055352210999,     0.5797898819617231     0.10743420991765618    0.092510624624786431    -0.57021222459541221     0.26207679040401999  0.00028478850966351388 -3.7315559531236886e-06,0.60001689195632935
IIWA_7,1715867594.8819265,-0.85888686860022156   1.5698623362077229   1.1224326775729785 -0.97458928704338699   -2.818126151562915  -1.5689569280050444 -0.37248325225904388,    0.39084560908953753   -0.036580858681520445     0.11891002782700624     -1.0645950365997559 -1.0605260269807643e-05      1.3365054506237164    -0.24957924022312569,  -2.3053882789611815    69.505776298522946   -20.519778366088868   -2.0239819145202635   -2.0160585403442384    0.6561557998657227 -0.049395248413085936, 2.4949696359373053 -2.8956222661377393 0.66457596291659993 -2.9073733391307481 -1.2836901473500908 0.26212603453617644 0.29071808184442594, 0.62379717826843262 -0.05108276754617691  0.20996314287185669, -0.68731588125228882 -0.016593897715210915  0.013551102951169014   0.72604256868362427, 0.043238893151283264   0.65900212526321411 -0.062262702733278275,-0.091221272945404053   0.69930011034011841  0.025596022605895996,  0.14627419412136078 -0.019451204687356949  0.051445059478282928 -0.019451204687356949   0.25175821781158447 0.0048657692968845367  0.051445059478282928 0.0048657692968845367   0.24796088039875031,    0.61553423758375914     0.11680945312653179     0.10102504162645687    -0.60247870254004354     0.25904701009649145   0.0019127126607010325 -3.5539153842023552e-06,0.6026579737663269
IIWA_7,1715867594.8869252,-0.85490642816572271   1.5692616269313591   1.1235637486667089 -0.98551704263587425  -2.8181272060908493  -1.5552319345293828 -0.37506585271421722,    0.39351230667460224   -0.045217765821556566     0.11681666272966967     -1.0750484986087057 -4.8201935335508896e-05      1.3498249372312214    -0.25279205517690106, -0.63179737091064458      69.3659743270874   -21.364057903289794   -5.2259054565429688   -2.2608027648925781   0.66082832336425779 -0.034042671203613283, 2.4329181487114893 -2.9084948240310302 0.74900366266396268 -2.7517160444461863 -1.2121215272170582 0.38456827218844869 0.29344956948540435,  0.62395387887954712 -0.047699593007564545    0.2096368670463562, -0.68745005130767822 -0.016801103949546814  0.013750497251749039    0.7259070873260498, 0.036859419196844101   0.66246610879898071 -0.062490973621606827,-0.091203391551971436   0.69916301965713501  0.025591002777218819,  0.14698447287082672 -0.020539790391921997  0.051445960998535156 -0.020539790391921997   0.25145959854125977 0.0052587669342756271  0.051445960998535156 0.0052587669342756271   0.24807745218276978,  0.65142370663062721   0.12628484415300179   0.10969456835940861  -0.63472050224033794    0.2560718718860322 0.0035953187764725669 -3.36173755499658e-06,0.60552144050598145
IIWA_7,1715867594.8919227,-0.85490642816572271   1.5692616269313591   1.1235637486667089 -0.98551704263587425  -2.8181272060908493  -1.5552319345293828 -0.37506585271421722,    0.39351230667460224   -0.045217765821556566     0.11681666272966967     -1.0750484986087057 -4.8201935335508896e-05      1.3498249372312214    -0.25279205517690106, -0.63179737091064458      69.3659743270874   -21.364057903289794   -5.2259054565429688   -2.2608027648925781   0.66082832336425779 -0.034042671203613283, 2.3944462022946538 -2.8724990388985159 0.80518395628128059 -2.7097864375673284 -1.1652894786921097 0.42181449311030411 0.31018157871708024,  0.62413519620895386 -0.044343024492263794   0.20934168994426727, -0.68761837482452393 -0.016992025077342987  0.013879998587071896   0.72574073076248169, 0.032761033624410629   0.66414982080459595 -0.061454165726900101, -0.0943790003657341  0.69858640432357788 0.027630895376205444,  0.14769047498703003 -0.021615071222186089  0.051436595618724823 -0.021615071222186089   0.25114870071411133 0.0056448853574693203  0.051436595618724823 0.0056448853574693203   0.24819687008857727,    0.68712790153968584     0.13562017843327112     0.11836813072862995    -0.66662554141272423     0.25312230808038905    0.005040381011234274 -3.2167966068641363e-06,0.60682934522628784
IIWA_7,1715867594.8969254,-0.85284244498921324   1.5689417679660784   1.1241225132087411 -0.99119504855122653  -2.8181286442421527  -1.5483314178663758 -0.37636907719487817,    0.39736917240006042   -0.048968571268470831      0.1158039118650232     -1.0871590355010556 -9.6087600403566616e-05      1.3558806163052552    -0.25436262336795878, -0.84284457778930666    69.005715400695806   -21.055926685333251   -4.7188095092773441   -2.1040960311889649   0.62077812194824222 -0.082770416259765625,  2.348888942718399  -2.798099589351807 0.83515640041875439 -2.6271822905050226 -1.1272788577887567 0.49657877793238386 0.33239834998564766,  0.62429696321487427 -0.040950123220682144   0.20905858278274536, -0.68780636787414551 -0.017195297405123711  0.014003502205014229     0.725555419921875, 0.028636172413825989   0.66691642999649048 -0.060157760977745056,-0.095629014074802399   0.69829326868057251  0.028686169534921646,  0.14841517806053162  -0.02269262820482254  0.051421742886304855  -0.02269262820482254    0.2508186399936676 0.0060349218547344208  0.051421742886304855 0.0060349218547344208   0.24831755459308624,     0.7231900740363173     0.14508369510490837     0.12727994675243437     -0.6986725059325849     0.25024334023715511   0.0065055717892725795 -3.0796156735846125e-06,0.60912430286407471
IIWA_7,1715867594.9019248,-0.85074388738563711   1.5685905103093885   1.1247062048703995 -0.99685459870056969  -2.8181266308303279  -1.5413646883202867 -0.37767188236018634,   0.40183764206309375  -0.053225163282375622    0.11599079595835425    -1.0961092343745711 3.6663926699227024e-06     1.3633736748877692   -0.25560230530669403,  -1.8832938652038573    67.813365894317627   -20.400927753448485   -2.0556754112243651    -2.061838035583496    1.3146478614807129 -0.067417839050292971, 2.1435488511923428 -2.8331378377179304 0.92324058796097241 -2.4620481370606053 -1.0526379583063386 0.56356291559843574 0.34405780669419339,  0.62438732385635376 -0.037453450262546539   0.20877042412757874,-0.68797540664672852 -0.01746009849011898 0.014230113476514816   0.7253844141960144, 0.022321533411741257   0.67323744297027588 -0.059308253228664398,-0.097009681165218353   0.69797492027282715  0.029698021709918976,  0.14917571842670441 -0.023780612275004387  0.051404703408479691 -0.023780612275004387   0.25046205520629883 0.0064384699799120426  0.051404703408479691 0.0064384699799120426   0.24843618273735046,    0.75993320829370603     0.15491257721444995     0.13662047526086241     -0.7311394933178228     0.24754890636380367   0.0084040155865494626 -2.8767215276559455e-06,0.61463606357574463
IIWA_7,1715867594.9069223,-0.84864544966436395   1.5681723807987404   1.1253326203377343  -1.0024457189623484  -2.8181249052232964  -1.5341896130399839 -0.37898445460615476,   0.40540762250140144  -0.059305311051821026    0.11784925546007434    -1.1005321979708031 7.1957395395482457e-05     1.3777019511223279   -0.25698473408409217,   -2.3605025177001955     68.736865455627438    -21.263695163726805    -3.8032196044921873    -2.0239819145202635    0.67985216903686518 -0.0083437919616699222, 1.9880434643003326 -2.8038603237206021 0.96540573976387056 -2.3168574780102551  -0.999502823046728 0.64343169456257177 0.36310129512559897,  0.62447929382324219 -0.033943068236112595   0.20850452780723572, -0.68816184997558594 -0.017726801335811615  0.014427627436816692   0.72519713640213013, 0.017284715548157692   0.67881274223327637 -0.057749498635530472,-0.098276205360889435   0.69766330718994141  0.030670715495944023,  0.14994367957115173 -0.024863487109541893  0.051379222422838211 -0.024863487109541893   0.25008845329284668 0.0068405386991798878  0.051379222422838211 0.0068405386991798878   0.24855683743953705,    0.79682826137084106     0.16474430703983245      0.1460996372149026     -0.7635695274790244     0.24489573479558047    0.010222179597896286 -2.6911806116913795e-06,0.61951100826263428
IIWA_7,1715867594.9119229,-0.84655827706166475    1.567759524255012    1.125943935652713  -1.0081656697211154  -2.8181307534725537  -1.5270566023763157 -0.38029301204942828,    0.40781300210908894   -0.063958510590595541     0.11873201696720792     -1.1092237887273257 -0.00017636405397609311      1.3874819874445914    -0.25793008499821446, -2.5500417289733885   69.679184513092039  -22.277006683349608  -5.1660399627685543  -2.2387933921813965  0.60442428970336914 0.016020080566406251,  1.9101422760110467  -2.6926630850338018  0.96251649290192498  -2.3033185124877678 -0.97965610245569645  0.64338450541811365  0.39891787569028481,  0.62462073564529419 -0.030458990484476089   0.20827223360538483, -0.68839913606643677 -0.017942965030670166  0.014500556513667107   0.72496515512466431, 0.015242745168507099   0.68220025300979614 -0.055189132690429688,-0.099129959940910339   0.69740456342697144  0.031592316925525665,  0.15070846676826477 -0.025941319763660431  0.051342252641916275 -0.025941319763660431   0.24970237910747528 0.0072347242385149002  0.051342252641916275 0.0072347242385149002   0.24868325889110565,   0.83386297499998818     0.1744268694441331    0.15560878364961894   -0.79597076705173464    0.24214164483549183   0.011571822391864828 -2.591560743780974e-06,0.62242978811264038
IIWA_7,1715867594.9169216, -0.8424319885154723    1.566937406327648   1.1271261194771698  -1.0195881939770348  -2.8181263433745998  -1.5123722117737251 -0.38288705750117158,   0.40947432453634552  -0.070665353987847429    0.11866958745604742    -1.1204952326074302 3.5919814846141245e-05     1.4173618849412311   -0.25848270160494591,  -2.9707918930053712    67.665498424530028   -21.224078292846681   -2.4465618705749512   -1.9095331764221191   0.60742805480957029 -0.030037651062011717,  1.8001647604009601  -2.6381420770268096    1.001018523904962  -2.2009385002929167 -0.93168071160057864  0.70345452834373812  0.42326328489685205,  0.62468951940536499 -0.026937253773212433   0.20803223550319672, -0.68862324953079224 -0.018193289637565613  0.014646010473370552    0.7247430682182312, 0.010617882013320923   0.68637114763259888 -0.053442317992448807,-0.099977724254131317   0.69714343547821045   0.03246244415640831,  0.15150092542171478 -0.027014344930648804   0.05130382627248764 -0.027014344930648804   0.24929492175579071 0.0076360022649168968   0.05130382627248764 0.0076360022649168968   0.24880613386631012,    0.87111799677419555     0.18433801596628996      0.1654209740493684    -0.82839787448385493     0.23954762582878431    0.013204071023231734 -2.4483641780648213e-06,0.62609732151031494
IIWA_7,1715867594.9218774, -0.8424319885154723    1.566937406327648   1.1271261194771698  -1.0195881939770348  -2.8181263433745998  -1.5123722117737251 -0.38288705750117158,   0.40947432453634552  -0.070665353987847429    0.11866958745604742    -1.1204952326074302 3.5919814846141245e-05     1.4173618849412311   -0.25848270160494591,  -2.9707918930053712    67.665498424530028   -21.224078292846681   -2.4465618705749512   -1.9095331764221191   0.60742805480957029 -0.030037651062011717,  1.7101745134868205  -2.6399083217315829   1.1027982347082639  -2.0963462238288884 -0.85766802068503201  0.75245917828207398  0.43472681401846536,  0.62473422288894653 -0.023400982841849327   0.20776073634624481, -0.68886011838912964 -0.018395837396383286  0.014796040952205658   0.72450977563858032,0.0058967047370970249   0.69024568796157837 -0.053311429917812347,-0.10109731554985046  0.69683665037155151 0.033302158117294312,   0.1523173451423645 -0.028085967525839806  0.051266014575958252 -0.028085967525839806   0.24886876344680786 0.0080399494618177414  0.051266014575958252 0.0080399494618177414   0.24892333149909973,    0.90870388449548756     0.19437392017085386     0.17543333345848566    -0.86097405039708974      0.2369411971780977    0.014722192189786654 -2.3261357284809492e-06,0.62964671850204468
IIWA_7,1715867594.926923,-0.84040371837520023   1.5664800283981966   1.1277660770632538  -1.0252778845444801  -2.8181307534725537  -1.5048892617223675 -0.38418297167026055,    0.40871026523995924     -0.0748274003683356     0.12053397340819949     -1.1239838087837555 -0.00014766806628040659      1.4332075100072879    -0.25862272804751574, -1.2595619926452637    69.22482810592652  -22.373847923278809  -4.8350189971923827  -2.3004196357727049  0.43454468536376956 -0.03537767791748047,  1.7393588478599165  -2.5647618920818007   1.1702831320876632  -2.1570343915599732 -0.81326184833263659  0.70791490267103629  0.46167213592143913,  0.62484359741210938 -0.019932491704821587   0.20750546455383301, -0.68915021419525146 -0.018520127981901169  0.014798454008996487   0.72423064708709717,0.0047818906605243683   0.69061762094497681 -0.052590683102607727,-0.10178906470537186  0.69658744335174561 0.034088175743818283,  0.15312133729457855 -0.029143329709768295  0.051219373941421509 -0.029143329709768295   0.24843636155128479  0.008430803194642067  0.051219373941421509  0.008430803194642067   0.24904270470142365,    0.94612877348243529     0.20413917931350056     0.18534043883189355    -0.89329906543600401     0.23419471652097457    0.015620265842564152 -2.3123085668430576e-06,0.63002514839172363
IIWA_7,1715867594.9319251,-0.83833907611873193   1.5660527907777639   1.1283720594156201  -1.0311149810390592  -2.8181286442421527  -1.4972730470559736 -0.38545246057272659,    0.40955390245069928    -0.07695142511197324      0.1206664728212119     -1.1326709068101679 -3.3765236984166489e-05       1.451214594661584    -0.25767773853665388, -0.43956966018676757    68.816176189422606   -21.710045242309569   -3.9370365905761719   -1.8945668029785157   0.95686606216430659 0.0060075302124023436,  1.7634783049217813  -2.4690179976603597   1.2112880333400895  -2.2037737527832943 -0.77768961238662371  0.68056480402379804  0.49095487201169474, 0.62492799758911133 -0.01646069623529911  0.20727324485778809,-0.68944704532623291 -0.01864970475435257 0.014786984771490097  0.72394496202468872,0.0028767876792699099   0.69101327657699585 -0.051095385104417801,-0.10237739235162735  0.69634652137756348 0.034947063773870468,  0.15393726527690887 -0.030194342136383057  0.051165256649255753 -0.030194342136383057   0.24798741936683655 0.0088213849812746048  0.051165256649255753 0.0088213849812746048   0.24916456639766693,    0.98373417097796789     0.21396373541993086     0.19543062862581451    -0.92563742881246469     0.23148629240843377    0.016484315540132854 -2.3066011323180646e-06,0.63037562370300293
IIWA_7,1715867594.936924,-0.83623272878345489   1.5656030228111004   1.1290191476534464  -1.0369013842273482  -2.8181265350117517  -1.4895241071903658 -0.38669043101056322,   0.41189701537164092  -0.079551858756119267    0.12241670777001837    -1.1375928529796964 5.7357026452825593e-05     1.4709292703535821   -0.25566100834278843, -0.40327491760253908    66.493312664031976   -21.009266815185548   -2.2282288932800292   -2.1067371559143067   0.78598520278930661 -0.031372657775878908,  1.7093633408470952  -2.4660474667851866   1.3244751378283548  -2.1539819625029226 -0.70112737794502822  0.67955051241321585  0.49991437383036352,  0.62496817111968994 -0.012912612408399582   0.20700198411941528, -0.68974655866622925 -0.018754787743091583  0.014833639375865459   0.72365593910217285,-0.00053915492026135325     0.69433045387268066    -0.05145721510052681,-0.10335275530815125  0.69604003429412842 0.035846088081598282,  0.15479059517383575 -0.031255267560482025  0.051112174987792969 -0.031255267560482025   0.24751250445842743 0.0092222299426794052  0.051112174987792969 0.0092222299426794052   0.24928030371665955,     1.0221443483899861     0.22411270985589482     0.20591221192400866    -0.95853361595032993     0.22881338869940038    0.017435669294130207 -2.2924995235484857e-06,0.63351380825042725
IIWA_7,1715867594.9419229,-0.83408749256720038     1.56508278761222   1.1297305911986153  -1.0426544713709613  -2.8181312329144994  -1.4816344125201539 -0.38790934648904191,    0.41532706094749311   -0.084450894960113321     0.12639110802277245     -1.1401977681282816 -0.00014203048874605439      1.4923312030913392    -0.25328542581337832,   -0.086031982421875    67.622482433319092   -21.913411846160887   -4.6607047653198244   -2.3083430099487305    1.0479802703857422 -0.043053966522216797,  1.6726997186220607  -2.4226547734212467   1.4039498513126458  -2.1545073540167201 -0.64220928865794369  0.64522548888413744    0.514022042622303,   0.62503296136856079 -0.0093559315428137779    0.20674987137317657, -0.69007259607315063 -0.018828580155968666   0.01482765655964613   0.72334319353103638,-0.0023059309460222721    0.69730073213577271  -0.050992701202630997,-0.10415210574865341  0.69575554132461548 0.036653429269790649,   0.1556473970413208 -0.032313071191310883  0.051050189882516861 -0.032313071191310883   0.24702228605747223 0.0096191912889480591  0.051050189882516861 0.0096191912889480591   0.24939855933189392,     1.0608722031424378      0.2342278786899854     0.21652201970479013    -0.99157720885401091      0.2261046547076262    0.018137564193665412 -2.3270798621410904e-06,0.6362949013710022
IIWA_7,1715867594.9469233,-0.83189497865400164   1.5645841840240886   1.1304394580923929  -1.0485573612151038  -2.8181277813513708  -1.4736320063412607 -0.38907744888801038,   0.41996220528594436  -0.087504859493345188    0.12946756216932126     -1.148273808268323 2.4438134148855543e-05     1.5139612096288013   -0.24935243660944162,   0.10216297912597656     69.124009376525876    -22.101812076568603    -5.1017725944519041    -1.9535519218444823    0.41885835647583008 -0.0036712684631347654,  1.6431528747041102   -2.298470919851725   1.4152032107053618  -2.2105120079175093 -0.61823250749821146      0.5811518361611  0.54374809541174918,   0.62512493133544922 -0.0057885521091520786    0.20654542744159698,  -0.6904338002204895 -0.018894489854574203  0.014751974493265152   0.72299832105636597,-0.0026545904111117125    0.70007985830307007  -0.048733022063970566,-0.10473240911960602  0.69549429416656494 0.037532318383455276,  0.15650476515293121 -0.033368557691574097  0.050975676625967026 -0.033368557691574097   0.24651655554771423  0.010011646896600723  0.050975676625967026  0.010011646896600723   0.24952395260334015,     1.0999630492545265     0.24429730072839106     0.22730640314971851     -1.0247870770943024     0.22338667775390064    0.018606309344804117 -2.4147110977423836e-06,0.6387900710105896
IIWA_7,1715867594.9519234,-0.82743289214130089   1.5635473687821138   1.1319586982657484  -1.0603498984358553  -2.8181296029515108  -1.4573189594564271 -0.39133443799085477,    0.42935483968471855    -0.09364795788704143     0.13779109125713118     -1.1590356514116007 -4.4183895842107859e-05      1.5569320647939255    -0.24073218470526841,  -2.5043372383117677    66.746031612396237   -22.344795551300049   -2.7185977172851561   -2.1014549064636232   0.98890622329711919 -0.040717704772949219,  1.5323939455502238  -2.2502508621684645   1.4736742546487103  -2.1615678476256934 -0.56372057554098398  0.55729007934974528  0.55339061557708646,    0.6251685619354248 -0.0021362334955483675     0.2063220739364624, -0.69078946113586426 -0.018949460238218307  0.014744546264410019   0.72265720367431641,-0.0050072423182427883    0.70564955472946167  -0.047671530395746231,-0.10544829815626144  0.69520783424377441 0.038392595946788788,  0.15739831328392029 -0.034433335065841675  0.050898641347885132 -0.034433335065841675   0.24598248302936554  0.010413918644189835  0.050898641347885132  0.010413918644189835   0.24964611232280731,     1.1399360613131293     0.25469767545693855     0.23852151729997217     -1.0586110666039872     0.22071783809796131    0.019217586583408774 -2.4832829126353317e-06,0.64391863346099854
IIWA_7,1715867594.9569263, -0.8252415766147998   1.5630016670477851   1.1327400697363954  -1.0662594396206941  -2.8181293153212503  -1.4490017876193428 -0.39240726581119995,    0.43113649280781852   -0.096746435682779672     0.14148773183158703     -1.1636101685228359 -2.3841906253759818e-05      1.5782325253185103    -0.23549886057802191,  -2.0204073371887206    69.003026901245121   -22.860695247650145   -4.2090724372863768   -2.0407090377807617   0.44422348403930662 -0.024697624206542968, 1.3998941399193188 -2.2318729535126409  1.5476624605067424 -2.0750410878724996 -0.4936371932385859 0.55149754306654653 0.55659944441187659,  0.62518572807312012 0.0015618101460859179   0.20609419047832489, -0.69114512205123901 -0.019004398956894875  0.014761069789528847   0.72231531143188477,-0.0080372905358672142    0.71189200878143311  -0.046991169452667236,-0.10627730935811996   0.6949007511138916 0.039147850126028061,  0.15831203758716583 -0.035497073084115982  0.050816316157579422 -0.035497073084115982   0.24542629718780518  0.010819440707564354  0.050816316157579422  0.010819440707564354   0.24976661801338196,     1.1804250975142594     0.26526313530528256     0.25002082426883732      -1.092749555284378     0.21809778665637936    0.019873115519430939 -2.5469546471867943e-06,0.64970463514328003
IIWA_7,1715867594.9619262,-0.82306392308935095   1.5625126507714011   1.1335255757829572  -1.0722604803460671  -2.8181291236840984  -1.4406396748630166 -0.39342382770711937,    0.43201533526420893   -0.096957799601582947     0.14461042732774168     -1.1709297638331888 -1.1408038926005841e-05      1.5970705305078585    -0.22906156429919439,-2.1830615539550782  67.190978271484369 -22.378249797821045 -2.1798082733154298 -2.0768044090270994  1.2268711700439454 0.01168130874633789,  1.3740901752316388  -2.1042883644983577   1.5576995670649456  -2.1340207125538035 -0.47032448337881133  0.47877077938076174  0.58014473335603078,  0.62525826692581177 0.0052127093076705933     0.205914705991745, -0.69155120849609375 -0.019003670662641525  0.014648823998868465   0.72192883491516113,-0.0082092471420764923    0.71497780084609985  -0.044539161026477814,-0.10683248937129974  0.69462800025939941 0.039904378354549408,  0.15921485424041748 -0.036550980061292648   0.05072249099612236 -0.036550980061292648   0.24486227333545685  0.011212999001145363   0.05072249099612236  0.011212999001145363   0.24989405274391174,     1.2210214961383414     0.27560834712048177     0.26154290605617803     -1.1268622876672296     0.21536904630092835    0.019992278925684559 -2.7146231929009446e-06,0.65250158309936523
IIWA_7,1715867594.9669235,-0.82306392308935095   1.5625126507714011   1.1335255757829572  -1.0722604803460671  -2.8181291236840984  -1.4406396748630166 -0.39342382770711937,    0.43201533526420893   -0.096957799601582947     0.14461042732774168     -1.1709297638331888 -1.1408038926005841e-05      1.5970705305078585    -0.22906156429919439,-2.1830615539550782  67.190978271484369 -22.378249797821045 -2.1798082733154298 -2.0768044090270994  1.2268711700439454 0.01168130874633789,  1.3643922871043623  -2.0199448170632466   1.6139925309634848  -2.1704415184611325 -0.42746975228461798  0.42102617027429401   0.5909935795240332,  0.62529808282852173 0.0088638318702578545   0.20572073757648468, -0.69196373224258423 -0.018965447321534157  0.014549595303833485   0.72153645753860474,-0.0096875466406345367    0.71740925312042236  -0.043156027793884277,-0.10723155736923218  0.69437700510025024 0.040645204484462738,  0.16013646125793457 -0.037597198039293289  0.050626911222934723 -0.037597198039293289   0.24428127706050873  0.011607293039560318  0.050626911222934723  0.011607293039560318   0.25001761317253113,     1.2618984541994394     0.28607291750848418     0.27328299244633314     -1.1611050993902694      0.2126495262180228    0.020021417030058331 -2.9022029224279322e-06,0.65479022264480591
IIWA_7,1715867594.9719229,-0.82090885990582618   1.5619744991132505   1.1343668084472058   -1.078147251420069  -2.8181262473814912  -1.4320960010678423 -0.39442415095059519,   0.43181479555235769  -0.099092306007291631    0.14933764843213837    -1.1722146540266238 0.00010592567314727787     1.6194033762132585   -0.22326218117838834,  -2.2986670303344727    65.763385063171384   -21.974157714843749   -1.6920805740356446   -2.0063744163513184   0.53433643722534174 -0.016687583923339844,  1.3353974819416488  -2.0108498480640229   1.7210465607638465   -2.137212587979358 -0.35231586319567193  0.39840222197794356  0.58047611396408683, 0.62528717517852783 0.012542562559247017  0.20550151169300079, -0.69236105680465698 -0.018898909911513329  0.014502650126814842   0.72115784883499146, -0.01296153012663126   0.72040802240371704 -0.043036404997110367,-0.10791757702827454  0.69408023357391357 0.041313204914331436,   0.1610838770866394 -0.038639124482870102  0.050529483705759048 -0.038639124482870102   0.24367889761924744  0.012005654163658619  0.050529483705759048  0.012005654163658619   0.25013613700866699,     1.3032357254889604     0.29675073215607028     0.28528175110675846     -1.1956470682292775     0.20994409487329335    0.020091055976223515 -3.0780258342133493e-06,0.65770155191421509
IIWA_7,1715867594.9769034,-0.81877638695514221   1.5613934439895936   1.1352510644592642  -1.0840501413732944  -2.8181296029515108  -1.4235354295402658 -0.39536605115177276,    0.43075075446924505    -0.10251604975210991     0.15484035922804376     -1.1738873213503154 -4.9482262267188732e-05      1.6379455620736669    -0.21628575298981348, -0.89795881652832032    67.356320987701423   -22.712792263031005   -4.5277681541442867   -2.1833297729492189   0.82036162567138671 -0.038715194702148438,  1.4117618429977936  -1.9107528069318152   1.7745548596786511  -2.2454938417606121 -0.31526012769982414  0.30662556737163293  0.58878727648319229, 0.62533515691757202 0.016164952889084816  0.20531614124774933, -0.69280284643173218 -0.018765438348054886  0.014320999383926392   0.72074055671691895,-0.013158876448869705   0.72053021192550659 -0.041605144739151001,-0.10841981321573257  0.69380491971969604 0.041986968368291855,  0.16201910376548767 -0.039670772850513458  0.050422824919223785 -0.039670772850513458   0.24307139217853546   0.01239111740142107  0.050422824919223785   0.01239111740142107   0.25025936961174011,     1.3446771948517622     0.30719053678396335     0.29724842408640484     -1.2302004583899517     0.20708826188986507    0.019557577914497415 -3.3633975604629995e-06,0.65788513422012329
IIWA_7,1715867594.9819245,-0.81660850051035372   1.5608532550958734   1.1361585698932049  -1.0901064292962255  -2.8181274937211098  -1.4148517800118323  -0.3962698414342346,   0.43131606136693573   -0.10362039555049618    0.16017250474006267    -1.1813613739974969 4.4783406226407799e-05     1.6577024307962729   -0.20918021369032469,  0.29035794067382814    67.298518249511716   -22.675816516876221     -2.91051944732666    -1.968518295288086    0.7572825584411621 -0.039382698059082032,  1.4936968085354649  -1.7736600435670593   1.7940244687937239  -2.3460659357847891 -0.29583498102751332  0.23703142185886067  0.59977584140287044,0.62536329030990601 0.01977529376745224 0.20516707003116608, -0.69325399398803711 -0.018629005178809166  0.014133787713944912   0.72031384706497192,-0.014097843319177628    0.7201114296913147 -0.039009656757116318,-0.10863929986953735  0.69357067346572876 0.042675331234931946,  0.16295894980430603 -0.040690150111913681  0.050307989120483398 -0.040690150111913681   0.24245041608810425  0.012772455811500549  0.050307989120483398  0.012772455811500549    0.2503858208656311,     1.3862548942329411     0.31763180373456379     0.30940136336177204     -1.2647434122010637     0.20428443735198698    0.018962246918441394 -3.6693181826308319e-06,0.65753698348999023
IIWA_7,1715867594.9869251,-0.81438512721248435   1.5602991644364952   1.1371077205193445    -1.09610183740777  -2.8181258639326545  -1.4061398476410365 -0.39710867721600501,   0.43398778100832336   -0.10505994281552376    0.16610402883763614    -1.1849054236597789 0.00010101826319328775      1.674639239468851   -0.20089760222307609, -0.55248663711547852    64.661100288391111   -21.834178104400635   -2.3109841346740723    -2.098813781738281    1.0419727401733399 -0.050730255126953124,   1.479957973883455  -1.7160868674388468   1.8512859987619867  -2.3336832331625499 -0.24397847833753522  0.20589824903562517  0.59321748823917153, 0.62533968687057495 0.023466847836971283  0.20500248670578003, -0.69369131326675415 -0.018482904881238937  0.014002148993313313   0.71989905834197998,-0.017042431980371475   0.72296732664108276 -0.037526223808526993,-0.10918793082237244  0.69328159093856812 0.043342225253582001,  0.16393490135669708 -0.041716966778039932  0.050188492983579636 -0.041716966778039932   0.24179945886135101  0.013162175193428993  0.050188492983579636  0.013162175193428993   0.25050988793373108,     1.4288509202238231     0.32841745253353594     0.32199266675103644     -1.3000429457257212     0.20148794871399645    0.018463287444703269 -3.9563143872101136e-06,0.66027909517288208
IIWA_7,1715867594.9919233,-0.81214929030026028   1.5596690339267643    1.138134948340489  -1.1020989233261411  -2.8181273020839579  -1.3972874602259358 -0.39791695326432069,  0.43662370129562134  -0.10925317464165624   0.17397233591588912   -1.1878077756626677 2.328855841947071e-05    1.6938068881791108  -0.19304912371108815, -0.30111193847656248    66.219085720062253   -23.697931785583496   -3.5311837577819825   -2.3778926277160646   0.84439174652099613 0.0096787986755371095,  1.4686528864836028  -1.6334369120141417   1.8853524779747957  -2.3302329374315853 -0.20382688250340131  0.17589960209050401  0.58913488882072018, 0.62531858682632446 0.027169760316610336  0.20486284792423248,-0.69413882493972778 -0.01833033561706543 0.013865487650036812  0.71947413682937622,-0.019314823672175407   0.72567534446716309 -0.035338480025529861,-0.10955916345119476  0.69302093982696533 0.043864399194717407,  0.16491392254829407 -0.042734246701002121  0.050061054527759552 -0.042734246701002121   0.24113352596759796   0.01354737114161253  0.050061054527759552   0.01354737114161253   0.25063541531562805,    1.4717422920949019    0.33918582897829452    0.33477043525831363    -1.3354805568814854    0.19873304031658989   0.017883870239820965 -4.266535569286134e-06,0.66285711526870728
IIWA_7,1715867594.9969244,-0.80987839954084073   1.5590787509201027   1.1391201714316088  -1.1082029084795353  -2.8181286442421527  -1.3884598202706313 -0.39867609403995263,    0.44013459141327921    -0.11101385997978618     0.17858679237750383     -1.1944056266659007 -3.5055481056658466e-05      1.7081511087554666     -0.1848049299941481,  -1.0807767791748046      67.4907459602356   -22.815796127319334    -4.337607173919678   -2.0169389152526853   0.59875051116943356 -0.052065261840820311,   1.473482713182791  -1.4702299607421303   1.8497922741945714  -2.3790233486060477 -0.19975489302626187   0.1239607670028762  0.60244332190913652, 0.62531363964080811 0.030878538265824318  0.20477990806102753, -0.69461393356323242 -0.018170017749071121  0.013662653043866158   0.71902340650558472,-0.020510848611593246    0.7280426025390625 -0.031326189637184143,-0.10962454229593277  0.69280552864074707 0.044364146888256073,  0.16589508950710297 -0.043748348951339722  0.049921542406082153 -0.043748348951339722   0.24045202136039734  0.013926310464739799  0.049921542406082153  0.013926310464739799   0.25076887011528015,     1.5151743617689561     0.34991119636895718     0.34778480459340955     -1.3712491796926685     0.19594665405087142    0.017048064873570468 -4.6337476078406326e-06,0.66504073143005371
IIWA_7,1715867595.0019245,-0.8076074487857281  1.5585220237227231  1.1401855091714692 -1.1143344573996401 -2.8181153177806491 -1.3795675853524614 -0.3993820247445129,   0.44294570333512873   -0.11108017587901484    0.18548294349641886    -1.2007864581369132 0.00050501407530062525     1.7222102837311706   -0.17608117217772909,  -2.1776845550537107    65.252570167541506   -22.512066783905031  -0.79321779251098634   -1.9896472930908202    1.3597043380737304 -0.080767906188964844,  1.4084300935463043  -1.4087712228537845   1.9051599114575015  -2.3015784278490448 -0.14869838943419911   0.1333398797555696  0.59528672177620068, 0.62523096799850464 0.034642130136489868  0.20466366410255432, -0.69507735967636108 -0.018018927425146103  0.013563920743763447   0.71858108043670654,-0.024675674736499786   0.73206871747970581 -0.029436931014060974,-0.1096702441573143 0.69259387254714966  0.0447862409055233,  0.16690999269485474 -0.044754166156053543  0.049782749265432358 -0.044754166156053543   0.23974473774433136  0.014313490130007267  0.049782749265432358  0.014313490130007267   0.25089368224143982,     1.5591237015950554     0.36098512974280794     0.36125631886019249     -1.4073305284609816     0.19332236302460615    0.016502569264886802 -4.9626391884771692e-06,0.66892701387405396
IIWA_7,1715867595.0069268,-0.80315572876520269   1.5573012506685049    1.142455261430801  -1.1264590176578939  -2.8181209743927549  -1.3616246839077699 -0.40066343806367782,   0.44364194977244931   -0.11501109900033668    0.20052970116484373    -1.2054692687925166 0.00015523572845179269     1.7478944216109529   -0.15854839062144196,   -1.9733585968017577     66.912718578338627    -23.645989665985105    -3.7750476074218748    -2.0547950363159178         1.196166015625 -0.0030037651062011718,   1.355039931612229  -1.3460688773773526   1.9252043069595839  -2.2198810046542787 -0.10585573269225512  0.15025732052901916  0.58102788327699773, 0.62513035535812378 0.038422524929046631   0.2045709490776062, -0.69551938772201538 -0.017848746851086617  0.013462170027196407   0.71815943717956543,-0.028770847246050835   0.73592203855514526 -0.026948831975460052, -0.1097344383597374   0.6923830509185791 0.045044019818305969,  0.16793635487556458 -0.045755431056022644  0.049634344875812531 -0.045755431056022644   0.23901824653148651   0.01469692774116993  0.049634344875812531   0.01469692774116993   0.25102138519287109,      1.603665778417529     0.37210585323066425     0.37488534320306854     -1.4438429417680254     0.19061871039660616    0.015844095003103575 -5.2935282823796115e-06,0.67266535758972168
IIWA_7,1715867595.0119228,-0.80315572876520269   1.5573012506685049    1.142455261430801  -1.1264590176578939  -2.8181209743927549  -1.3616246839077699 -0.40066343806367782,   0.44364194977244931   -0.11501109900033668    0.20052970116484373    -1.2054692687925166 0.00015523572845179269     1.7478944216109529   -0.15854839062144196,   -1.9733585968017577     66.912718578338627    -23.645989665985105    -3.7750476074218748    -2.0547950363159178         1.196166015625 -0.0030037651062011718,   1.355039931612229  -1.3460688773773526   1.9252043069595839  -2.2198810046542787 -0.10585573269225512  0.15025732052901916  0.58102788327699773, 0.62513035535812378 0.038422524929046631   0.2045709490776062, -0.69551938772201538 -0.017848746851086617  0.013462170027196407   0.71815943717956543,-0.028770847246050835   0.73592203855514526 -0.026948831975460052,-0.10938260704278946  0.69242149591445923 0.045308470726013184,  0.16793635487556458 -0.045755431056022644  0.049634344875812531 -0.045755431056022644   0.23901824653148651   0.01469692774116993  0.049634344875812531   0.01469692774116993   0.25102138519287109,      1.603665778417529     0.37210585323066425     0.37488534320306854     -1.4438429417680254     0.19061871039660616    0.015844095003103575 -5.2935282823796115e-06,0.67266535758972168
IIWA_7,1715867595.0169611,-0.80095314801104456   1.5567469203536037   1.1436199483295064  -1.1326065055792265  -2.8181164683016924  -1.3525948101431262 -0.40122028503427737,   0.44301678998428484   -0.11418209179631544    0.20701123688009154    -1.2102749318873163 0.00030443222526167822     1.7595104878745105   -0.14911259132113538,  -1.8281796264648438    65.287520660400389   -22.924962615966798  -0.43842670440673825   -1.9429874229431152   0.75694880676269527 -0.049729000091552733,   1.4437684084432809   -1.0866884483368071    1.9028745752916438   -2.2361712213112424 -0.068582575952010172   0.13212234443631601   0.57875434437051254,   0.624950110912323 0.045866727828979492  0.20448146760463715, -0.69646358489990234 -0.017433810979127884  0.013105111196637154   0.71726059913635254, -0.03413182869553566    0.7372819185256958 -0.019831523299217224,-0.10935360938310623  0.69223791360855103 0.045296456664800644,  0.16997632384300232 -0.047714404761791229  0.049316078424453735 -0.047714404761791229   0.23754274845123291  0.015436575748026371  0.049316078424453735  0.015436575748026371   0.25128507614135742,     1.6930808055795055     0.39401895303736723     0.40241696668452676     -1.5169116902598034     0.18514605057173839    0.013710663678168089 -6.1235301274109588e-06,0.67427068948745728
IIWA_7,1715867595.0219231,-0.79876087375336879   1.5561477091151534   1.1448574393472142  -1.1386306158484862  -2.8181193444297663   -1.343528803917809  -0.4017568787679045,   0.44210440229445847   -0.11531412297506449    0.21510863021238361    -1.2091843562802431 0.00012850065725232885     1.7702486393122951   -0.14075382240199363,   -1.8187698783874511     63.752387474060058    -23.047334728240966    -2.4905806159973145    -2.0794455337524416     1.1437670021057129 -0.0080100402832031254,   1.4782185206799421   -1.0135531351720943    1.9263431103119106   -2.1972184908756818 -0.031034329150403994   0.14456860998260024   0.55661530131651116, 0.62480056285858154 0.049605321139097214  0.20442739129066467,  -0.6969180703163147 -0.017187345772981644  0.012971440330147743     0.716827392578125,-0.038280472159385681   0.73830258846282959 -0.017680294811725616,-0.10879629850387573  0.69193309545516968 0.045430440455675125,  0.17102323472499847 -0.048680834472179413  0.049151081591844559 -0.048680834472179413   0.23677754402160645   0.01580582931637764  0.049151081591844559   0.01580582931637764   0.25141257047653198,     1.7385157548588381     0.40519550353046441     0.41653186441159562     -1.5539650144180683     0.18239701358258031    0.012585716786084333 -6.5421010830846171e-06,0.675525963306427
IIWA_7,1715867595.0269232,-0.79657165545813013   1.5555261472993853   1.1461299843212005  -1.1447576107682402  -2.8181211660299068  -1.3343994012254072 -0.40225811889403701,   0.44125225364511317   -0.11711377101077609    0.22298870312935981    -1.2124272818143542 2.9936520181630767e-05     1.7813750191459086   -0.13265266296689521,  0.59146987915039062    66.596819892883303   -23.769242153167724   -3.1922394180297853   -2.2616831398010255   0.37313437652587889 -0.028368892669677733,   1.5844068245231082  -0.85295524991622074    1.8808051466888733   -2.2597326262407553 -0.030342473094416345    0.1187720266245707   0.55569721315897491, 0.62468522787094116 0.053291171789169312  0.20442457497119904,-0.69739294052124023 -0.01692865788936615 0.012748562730848789  0.71637558937072754,-0.040154047310352325   0.73699420690536499 -0.013908005319535732,-0.10776398330926895  0.69189471006393433 0.045444365590810776,  0.17205365002155304 -0.049631461501121521  0.048977069556713104 -0.049631461501121521   0.23601026833057404  0.016160842031240463  0.048977069556713104  0.016160842031240463   0.25154560804367065,     1.7839699115862473     0.41611167777322322     0.43062197084875464     -1.5909731549808015     0.17959353775776066    0.011096367783736127 -7.0271326535475964e-06,0.67453896999359131
IIWA_7,1715867595.0319231,-0.79199493986531533   1.5544053825930542   1.1488166677044827  -1.1570915353784925  -2.8181136879921937  -1.3160478976952052 -0.40313782101482748,   0.44731540336629627   -0.11543648291979698    0.23981183379560492    -1.2197321857068157 0.00026766074807721364     1.8013077042747412   -0.11641238418178379,-0.54845388793945316   63.131344100952148  -23.147697467803955  -1.6005215835571289  -2.1798082733154298  0.63746570587158202 -0.05840654373168945,    1.636278853731433  -0.71521945375412888    1.8484734745747646   -2.2423172702288574 -0.017933394018513016   0.13176832326583982   0.55356931812802235, 0.62452542781829834 0.057007733732461929  0.20444384217262268, -0.69786709547042847 -0.016676781699061394  0.012546678073704243   0.71592319011688232, -0.043481782078742981    0.73712486028671265 -0.0099944360554218292,-0.10687826573848724  0.69183641672134399 0.045385848730802536,  0.17310453951358795 -0.050576489418745041  0.048796206712722778 -0.050576489418745041   0.23522084951400757  0.016516296193003654  0.048796206712722778  0.016516296193003654   0.25167977809906006,     1.8301230173536354     0.42721434034032058     0.44510398048203115     -1.6284603494307603     0.17683266010060095   0.0096346082916198839 -7.5147150724319545e-06,0.67496728897094727
IIWA_7,1715867595.0369217,-0.78966832248820884   1.5537964041648606   1.1502429104084735  -1.1632610742259271  -2.8181180980901477  -1.3068483273127192 -0.40351778082923284,   0.45091701777729654   -0.11670832346357833    0.24889917519611723    -1.2225673024628343 3.7724680304451329e-05     1.8090289787192366    -0.1083282999216415,-0.97995804977416989   65.317094154357903   -23.98933588027954  -3.8525205993652345  -2.1859708976745607  0.64814575958251952 -0.02870264434814453,  1.5861898861277082 -0.66888547230568984   1.8589271236194069  -2.0669696144476273 0.035059160305244697  0.21853108647258968  0.53199489957402002, 0.62429791688919067 0.060802511870861053  0.20444954931735992, -0.69830530881881714 -0.016451161354780197   0.01243937574326992   0.71550285816192627, -0.048957228660583496    0.74030303955078125 -0.0073624583892524242, -0.1061633974313736  0.69195723533630371 0.045221023261547089,  0.17418660223484039 -0.051515974104404449  0.048609811812639236 -0.051515974104404449   0.23440134525299072  0.016877103596925735  0.048609811812639236  0.016877103596925735   0.25180965662002563,     1.8771379511752784     0.43863389720577572     0.45999974525745557     -1.6665918516673983     0.17416142427162384   0.0084779578131133349 -7.9399251617928712e-06,0.67835378646850586
IIWA_7,1715867595.0419271,-0.78733475422827315   1.5532648438517132   1.1516653779652923   -1.169554889569999  -2.8181123456594661  -1.2975800272823697 -0.40384830571973851,   0.45407634461926494   -0.11462907129676245    0.25601804242964787    -1.2298064557331441 0.00026027697150642092     1.8179551841893697  -0.099883635557539929,  -1.6251979179382323    65.106046947479243   -23.878408641815184   -1.4587812232971191   -1.9473892974853515   0.93250218963623044 -0.027367637634277343,  1.5753469514200513 -0.53861285236683298   1.7864904984251813  -2.0294616472017366 0.043244417724036477  0.22441772030110826  0.52467516112947032, 0.62410342693328857 0.064601071178913116  0.20450390875339508, -0.69876277446746826 -0.016204699873924255  0.012255699373781681    0.7150648832321167, -0.052031025290489197    0.74296581745147705 -0.0032955748029053211,-0.10610096156597137  0.69155037403106689 0.045194428414106369,  0.17526647448539734 -0.052452355623245239   0.04841211810708046 -0.052452355623245239   0.23356865346431732  0.017227783799171448   0.04841211810708046  0.017227783799171448   0.25194635987281799,     1.9248730860912389     0.44992909322516539     0.47504958192234881     -1.7052645721227222     0.17138993212739706   0.0069552974615305629 -8.4318472204358841e-06,0.68115419149398804
IIWA_7,1715867595.0469234,-0.78733475422827315   1.5532648438517132   1.1516653779652923   -1.169554889569999  -2.8181123456594661  -1.2975800272823697 -0.40384830571973851,   0.45407634461926494   -0.11462907129676245    0.25601804242964787    -1.2298064557331441 0.00026027697150642092     1.8179551841893697  -0.099883635557539929,  -1.6251979179382323    65.106046947479243   -23.878408641815184   -1.4587812232971191   -1.9473892974853515   0.93250218963623044 -0.027367637634277343,  1.5437956215625688  -0.3974796098192131   1.7045476089952463  -1.9267956646504976 0.050547110231800974  0.28416742500690861  0.52199796427417677, 0.62386256456375122 0.068416573107242584  0.20459373295307159,  -0.6992153525352478 -0.015996500849723816   0.01210685633122921   0.71462953090667725,-0.056386929005384445   0.74573123455047607 0.0013880052138119936,-0.10364303737878799  0.69175058603286743 0.044517204165458679,  0.17635779082775116 -0.053373899310827255   0.04820718988776207 -0.053373899310827255   0.23271770775318146  0.017575619742274284   0.04820718988776207  0.017575619742274284   0.25208461284637451,    1.9730058250431171    0.46131994697873324    0.49045374234246708    -1.7441496288359559    0.16874715710812893  0.0055968866599087619 -8.906993365087601e-06,0.68417352437973022
IIWA_7,1715867595.0519238,-0.78501754439400107   1.5527336430763916   1.1531378796393594  -1.1757138823745112   -2.818113208550248  -1.2882793699385191 -0.40413658622469661,    0.4559494690662953   -0.11295128805027151    0.26371450090640214    -1.2302048767670057 0.00017370594592759376     1.8263904411055178  -0.091438128644356145,  -2.7557119369506835    62.343613761901857   -22.823719501495361   -1.0291582679748534   -1.9905276679992676   0.95386229705810543 -0.068085342407226565,  1.4472193784227951 -0.36475113646210949   1.7049637025357536  -1.7494120097890793 0.098781594297497222  0.35218392137591936  0.49307029215313403,  0.6235542893409729 0.072280637919902802  0.20464976131916046, -0.69964706897735596 -0.015759764239192009  0.012028340250253677   0.71421349048614502, -0.06266726553440094    0.7498134970664978 0.0038203047588467598,-0.10234542936086655   0.6917535662651062 0.044036325067281723,  0.17748379707336426 -0.054289858788251877  0.047999903559684753 -0.054289858788251877   0.23183919489383698  0.017928734421730042  0.047999903559684753  0.017928734421730042   0.25221595168113708,     2.0220673879816076     0.47307080417002823      0.5062633347545642     -1.7837801756641625      0.1661017926322117   0.0043073946676130959 -9.3628571562476282e-06,0.68858134746551514
IIWA_7,1715867595.0569222,-0.78273748574726998    1.552143719607556   1.1546949899668248   -1.181882282721858   -2.818113496180509  -1.2788876924742629 -0.40437860765049527,   0.45596192112227973   -0.11395796919364015    0.27325601382373838     -1.230899915307476 0.00012745954630438496     1.8367794514546614  -0.082831359947431127,  -1.8523761215209962     64.40434859085083    -23.82822727203369    -2.705392093658447    -2.108497905731201   0.60609304809570308 -0.029370147705078124, 1.4755523227793288 -0.2737203302827691   1.676259420502946 -1.6444201552047446 0.13072609475230701 0.41155319519450634 0.47258648831028893, 0.62327831983566284 0.076085321605205536  0.20472949743270874, -0.70009255409240723 -0.015482291579246521  0.011878768913447857   0.71378540992736816,-0.066327013075351715   0.75068396329879761 0.0067262277007102966,-0.10072728991508484  0.69180470705032349 0.043375935405492783,  0.17859530448913574 -0.055189352482557297  0.047787580639123917 -0.055189352482557297    0.2309611439704895  0.018267808482050896  0.047787580639123917  0.018267808482050896   0.25234857201576233,      2.071194246400232     0.48457503592036488     0.52198585587781565     -1.8234651703643578     0.16335977868031648   0.0025988651337627289 -9.8893249145248774e-06,0.68990218639373779
IIWA_7,1715867595.0619247,-0.77815381927162608   1.5511386625948165   1.1579094587342487  -1.1943235261006524  -2.8181065932287845  -1.2600248220903592 -0.40477816173099734,   0.45693140559108386   -0.10900561675136285    0.29083985479494745    -1.2354811837391875 0.00035232354583189941     1.8552303956898173  -0.067338492957613974,  -1.2393982467651368    61.824733367919919   -23.726103782653809  -0.98778064727783199   -2.1516362762451173    1.1848184585571289 -0.044388973236083984, 1.5406641520990463 -0.1110838884367201  1.5792928356322848 -1.6181988024407288 0.12402151397049388 0.43627106079071493 0.46498771048323639, 0.62300592660903931 0.079866893589496613  0.20486870408058167, -0.70054900646209717 -0.015189222060143948  0.011671789921820164   0.71334713697433472,-0.069094963371753693   0.75042092800140381  0.011439593508839607,-0.098807685077190399   0.69212067127227783  0.042746197432279587,   0.1797049343585968 -0.056079916656017303  0.047565463930368423 -0.056079916656017303   0.23007300496101379  0.018595920875668526  0.047565463930368423  0.018595920875668526   0.25248804688453674,     2.1208629450129024     0.49596664673234869     0.53786652062104423     -1.8635374892506107     0.16054158250167205  0.00058552279647017258 -1.0470684763674853e-05,0.69016653299331665
IIWA_7,1715867595.0669229,-0.77815381927162608   1.5511386625948165   1.1579094587342487  -1.1943235261006524  -2.8181065932287845  -1.2600248220903592 -0.40477816173099734,   0.45693140559108386   -0.10900561675136285    0.29083985479494745    -1.2354811837391875 0.00035232354583189941     1.8552303956898173  -0.067338492957613974,  -1.2393982467651368    61.824733367919919   -23.726103782653809  -0.98778064727783199   -2.1516362762451173    1.1848184585571289 -0.044388973236083984,   1.5518349657653376 -0.026248591552612888    1.5263428661353926   -1.4849116979432926   0.15047317136928362   0.51312877255874534   0.43851381008240231, 0.62266349792480469 0.083674803376197815  0.20499646663665771, -0.70097202062606812 -0.014903595671057701  0.011534267105162144   0.71293973922729492,-0.074152089655399323   0.75120741128921509  0.014794772490859032,-0.098743811249732971   0.69167321920394897  0.042718566954135895,  0.18083773553371429 -0.056957140564918518  0.047338847070932388 -0.056957140564918518   0.22916281223297119  0.018924882635474205  0.047338847070932388  0.018924882635474205   0.25262323021888733,     2.1711501674346323     0.50759951105572299     0.55402182216912621     -1.9041058807856004     0.15776377283849286  -0.0012564323395025667 -1.1007422529019095e-05,0.69160705804824829
IIWA_7,1715867595.0719235,-0.77584026470222311   1.5505867291623936    1.159569873027561   -1.200470654484159  -2.8181136879921937   -1.250463268130265 -0.40494905684462024,    0.45808730724898572    -0.10928183069800547     0.29908845556845065     -1.2342700823316148 -1.9316997028805886e-06      1.8666464749556209   -0.060706598911006909, -0.22852245330810547     63.10983610534668   -24.248166103363037   -3.3119704055786134   -2.2255877685546874   0.39549573898315432 -0.013350067138671875,  1.5968975662968465 0.064557195336860579    1.468631983204592  -1.4137466882096508   0.1752490084283938  0.54338320662568906  0.41453743617190564, 0.62234348058700562 0.087485477328300476  0.20513354241847992, -0.70140343904495239 -0.014572952874004841   0.01133301854133606   0.71252536773681641,-0.077301889657974243   0.75190538167953491  0.017878569662570953,-0.095222920179367065   0.69225633144378662  0.041241250932216644,   0.1819760799407959 -0.057831425219774246  0.047105841338634491 -0.057831425219774246   0.22823946177959442  0.019245747476816177  0.047105841338634491  0.019245747476816177   0.25275897979736328,    2.2223169968080825    0.51918707175602208    0.57028935740888187     -1.945422214916448    0.15482342611949917  -0.003535384482944437 -1.160875040540077e-05,0.69282770156860352
IIWA_7,1715867595.0769229,-0.77347260132626672   1.5500880655785694   1.1612336430436097  -1.2067441565955654  -2.8181082231917727  -1.2408402351654353 -0.40509981838540748,    0.4611763808374445   -0.10737200791137325    0.30582156509670738     -1.238356150321549 0.00021704665708062893     1.8782384985576845  -0.054595740760295434,  0.62642037200927736    64.577756805419924   -23.895135765075683   -2.9624615669250489   -1.9605949211120606    1.1400957336425781 -0.043053966522216797, 1.6568388961581784 0.19725555758340604  1.4032268816544462 -1.4326531404366998 0.18124989892178511 0.51799736504699512 0.40864104520181177, 0.62203133106231689 0.091272585093975067  0.20530273020267487, -0.70186597108840942 -0.014239748939871788   0.01108282059431076   0.71208041906356812,-0.079481467604637146   0.75148791074752808   0.02162051759660244,-0.095191173255443573   0.69202548265457153  0.041227500885725021,  0.18311204016208649 -0.058692004531621933  0.046868856996297836 -0.058692004531621933   0.22730952501296997  0.019557798281311989  0.046868856996297836  0.019557798281311989   0.25289583206176758,     2.2738472353749373     0.53068976421322134     0.58680468333971447     -1.9869752068668589     0.15190767162565066  -0.0060684100038344013 -1.2277556749040741e-05,0.69298022985458374
IIWA_7,1715867595.0819211,-0.77103830564279219   1.5496527385752199   1.1629627269890925  -1.2129719987120782  -2.8181059221496869  -1.2311134787012397 -0.40523368208470928,   0.46631293200893681   -0.10331068646307751    0.31382060989668104    -1.2397986049177483 0.00026567900909496919     1.8916610574139729   -0.04903114058030815, -0.38579967117309572    61.686275646209715   -22.307819805145265   -1.0731770133972167   -1.8514284324645995   0.66917211532592769 -0.035711429595947267, 1.6283898832976644 0.26814231557640478  1.3684448807701766 -1.2353444040272796 0.22356500103594756 0.61190613362099788 0.38592296682466865, 0.62164586782455444 0.095134355127811432  0.20545363426208496, -0.70231002569198608 -0.013914979062974453  0.010905200615525246   0.71165168285369873,-0.084271125495433807   0.75406157970428467  0.023910669609904289,-0.092985518276691437   0.69189834594726562  0.040323019027709961,  0.18428626656532288 -0.059546574950218201  0.046627268195152283 -0.059546574950218201   0.22634677588939667  0.019875627011060715  0.046627268195152283  0.019875627011060715   0.25302723050117493,     2.3265902355680268     0.54260702985153841      0.6038913823775971     -2.0294945473153803     0.14904342278754257  -0.0084313253863044224 -1.2914681768450009e-05,0.69610780477523804
IIWA_7,1715867595.0869255,-0.76859034784918234    1.549163902067749   1.1648101551661685  -1.2191463912110792  -2.8181072644824146  -1.2212580116223588 -0.40535160689186645,  0.47096865735154325  -0.10220200946929765   0.32495361500038283   -1.2388145838942379 0.0001588498981704351    1.9075475290864126  -0.04394190475053316,  -1.3092992324829102    61.848929862976071   -23.762199153900145   -3.1570244216918946   -2.1102586555480958   0.89178448486328121 -0.015686328887939454, 1.5817052142653238  0.3022777308727333  1.3471696847010053 -1.1481469017682524 0.27064381833225953 0.60724850924554807 0.35847019533539914, 0.62126332521438599 0.099026598036289215  0.20560713112354279, -0.70274615287780762 -0.013570603914558887  0.010703603737056255   0.71123069524765015,-0.08802446722984314  0.75728875398635864  0.02588919922709465,-0.088991239666938782   0.69227707386016846  0.038513589650392532,  0.18547238409519196 -0.060396943241357803  0.046378113329410553 -0.060396943241357803   0.22536517679691315  0.020187551155686378  0.046378113329410553  0.020187551155686378    0.2531583309173584,     2.3803859749653711     0.55455664736747678      0.6211456234437307     -2.0729163207349188     0.14606858476540197   -0.011043247500452935 -1.3578433488703467e-05,0.69974738359451294
IIWA_7,1715867595.0919056, -0.7661406524712191   1.5486998129109912   1.1666508722250213  -1.2254131222085696  -2.8181100447919132   -1.211395414000819 -0.40545203466418928,   0.47476274099976445    -0.1003251738457491    0.33359157435441839    -1.2417209070150073 1.5867538591189987e-05     1.9205419281307241  -0.039170634693339763,  -1.0068430442810059    63.933861186981204   -24.293065223693848   -3.1086038017272948   -2.0107762908935545   0.53667269897460934 0.0093450469970703127, 1.5830554719432981 0.45007713740939126  1.2023231337243623 -1.0877967581921812 0.27318538532324538 0.61572196694935899 0.35307403363010748,0.62091326713562012 0.10290860384702682 0.20583204925060272, -0.70319515466690063 -0.013221636414527893  0.010405676439404488   0.71079778671264648,-0.089726671576499939   0.75942707061767578  0.030347218737006187,-0.086648322641849518   0.69237393140792847  0.037537317723035812,  0.18665225803852081 -0.061242692172527313  0.046117320656776428 -0.061242692172527313   0.22437365353107452  0.020484345033764839  0.046117320656776428  0.020484345033764839   0.25329840183258057,     2.4350687887482181     0.56627191006253241     0.63850761018624524      -2.117038618156819     0.14295606883685252   -0.014102766326296035 -1.4313121354803116e-05,0.70228183269500732
IIWA_7,1715867595.0969245,-0.76367843359229126   1.5482922893298754   1.1685041127848388  -1.2316615173223537  -2.8180997862701687  -1.2013822346074048 -0.40553874054884986,   0.47829894795692501  -0.096561082321233005     0.3410028818762349    -1.2433125301633725 0.00042303490065381946     1.9369607182411464  -0.034804743141095301,  -2.3443715209960936    61.291066226959231   -23.564995174407958   -0.6567596817016601   -1.8619929313659667    1.1884897270202637 -0.049395248413085936, 1.5830554719432981 0.45007713740939126  1.2023231337243623 -1.0877967581921812 0.27318538532324538 0.61572196694935899 0.35307403363010748,0.62091326713562012 0.10290860384702682 0.20583204925060272, -0.70319515466690063 -0.013221636414527893  0.010405676439404488   0.71079778671264648,-0.089726671576499939   0.75942707061767578  0.030347218737006187,-0.084359407424926758   0.69245153665542603  0.036574214696884155,  0.18665225803852081 -0.061242692172527313  0.046117320656776428 -0.061242692172527313   0.22437365353107452  0.020484345033764839  0.046117320656776428  0.020484345033764839   0.25329840183258057,     2.4350687887482181     0.56627191006253241     0.63850761018624524      -2.117038618156819     0.14295606883685252   -0.014102766326296035 -1.4313121354803116e-05,0.70228183269500732
IIWA_7,1715867595.1019287,-0.76124899145130043   1.5478392257452518   1.1704238057741783  -1.2377792843591031  -2.8181022789494063  -1.1912758178709366 -0.40563191789621073,   0.47981684400517338  -0.095371409241930535    0.34959002507456682     -1.239360705600673 0.00023872075101558755     1.9538252440516439  -0.031570888407310732,  -1.7125741500854492    61.066576522827148   -24.162769737243654   -1.9429874229431152   -2.1322680282592774   0.33475293350219726 -0.036712684631347657,  1.5441569325921343  0.55356321973600264   1.1002544633663898 -0.88691897183824697  0.30344393566020145  0.70816491856098018  0.33759645371961822,0.62049496173858643 0.10681538283824921 0.20604735612869263, -0.70363569259643555 -0.012882056646049023  0.010159476660192013   0.71037149429321289,-0.09387902170419693   0.7620578408241272   0.0335504449903965,-0.082220844924449921   0.69276571273803711  0.035479307174682617,  0.18785764276981354 -0.062073681503534317  0.045853842049837112 -0.062073681503534317   0.22335998713970184  0.020782481878995895  0.045853842049837112  0.020782481878995895   0.25343313813209534,     2.4905321980464024     0.57827987760283861     0.65632604253984539     -2.1617864062557501     0.13991609850805276   -0.017064052555859632 -1.5035302780574966e-05,0.70551753044128418
IIWA_7,1715867595.1069248,-0.75880924292291041    1.547413006742604   1.1723460755239921  -1.2439686571281572   -2.818101416058624  -1.1810759242449749 -0.40571868366748126,   0.48144341633973942  -0.093345887499457714    0.35656281005220541    -1.2390634752427012 0.00022549223210777659     1.9710559402797849  -0.028727341576670031, -0.21239145660400391    63.720125480651852   -24.370538215637207   -3.2529852867126463   -1.9315425491333007   0.93183468627929689 -0.047392738342285155,    1.65425808437547  0.74894963702005612  0.97204180280493913 -0.81665305113749176  0.36313396660116981   0.6775768123375685  0.31065259206281343,0.61972194910049438 0.11455614864826202 0.20647856593132019, -0.70455783605575562 -0.012045251205563545 0.0094655798748135567   0.70948123931884766,-0.097275145351886749   0.76281386613845825  0.038404390215873718,-0.082190245389938354   0.69250792264938354  0.035466104745864868,  0.19027440249919891 -0.063712097704410553  0.045319192111492157 -0.063712097704410553   0.22131328284740448   0.02135075256228447  0.045319192111492157   0.02135075256228447   0.25369554758071899,     2.6037101842497634     0.60206858250833051     0.69217151441591795     -2.2533252885290622     0.13334151170774078   -0.024586850942753813 -1.6726372287223512e-05,0.70733273029327393
IIWA_7,1715867595.1119595,-0.75631310869687474   1.5470846989656637   1.1743001632805681  -1.2501761261253945  -2.8180946091000085   -1.170802327546363 -0.40580125497622693,   0.48500010211321848  -0.087809021077176655    0.36341375830480505    -1.2395495400836547 0.00045267213030362617     1.9877886201683013  -0.026284725611162883,  -0.04839299011230469     61.399950454711913    -22.821958751678466   -0.47716320037841797    -1.6788749504089355    0.68686095428466798 -0.0056737785339355468,  1.7219004205376727   0.8467263606636708  0.92043038871736504 -0.79029530860173725  0.39688829105816636  0.65410385086488243  0.30046996516290686,0.61932122707366943 0.11841461062431335 0.20670394599437714, -0.70503467321395874 -0.011595511808991432 0.0090666273608803749   0.70902001857757568,-0.099167980253696442   0.76268547773361206   0.04044046625494957,-0.079690694808959961   0.69232940673828125  0.034309264272451401,   0.1914965808391571 -0.064516149461269379  0.045047253370285034 -0.064516149461269379   0.22027267515659332  0.021625550463795662  0.045047253370285034  0.021625550463795662   0.25382331013679504,     2.6615108625884787     0.61402503964913535     0.71045758994081609     -2.3001368894615126     0.12994530224919032   -0.028845803073274112 -1.7655499284785492e-05,0.70780408382415771
IIWA_7,1715867595.1169701,-0.75377586847629607   1.5467101320004808   1.1763694194239971  -1.2562470348896357  -2.8180937462092261  -1.1603302721855837 -0.40588160928049033,   0.48948969051372132  -0.085229895469057279    0.37350125238100446    -1.2344759826365723 0.00039665333553820753     2.0091131105658144  -0.024241952659466187, -0.34143943023681639    59.618819568634031   -23.603731670379638   -1.6022823333740235   -1.8928060531616211   0.78765396118164066 -0.037046436309814454,  1.7468707972910276  0.86061725772821385  0.92801370211080669 -0.76789294472752245  0.46098711717338647  0.59916699978671262  0.27281776146688763,0.61888599395751953 0.12231622636318207 0.20690852403640747, -0.70548969507217407 -0.011130624450743198 0.0086897443979978561   0.70857954025268555,-0.10211420804262161  0.76423847675323486 0.041283182799816132,-0.075246416032314301   0.69265985488891602  0.032182279974222183,  0.19274331629276276 -0.065312512218952179  0.044769886881113052 -0.065312512218952179   0.21920827031135559    0.0218989048153162  0.044769886881113052    0.0218989048153162   0.25394618511199951,     2.7205649840418289     0.62619606210567724     0.72900573813594605     -2.3480644784594773     0.12646413120442901   -0.033240418311208941 -1.8581382654758727e-05,0.70988929271697998
IIWA_7,1715867595.1219809,-0.75120776898012986   1.5463171092692889    1.178438915332032  -1.2623646221574722   -2.818100649160951  -1.1498311323691397 -0.40595950670658226,   0.49431573225762548   -0.08390482562292205    0.38158083822620187    -1.2322842768227185 4.1204599434709586e-05     2.0272560811104121   -0.02250945917125027, -0.45435640716552733    62.105681560516359   -24.864428539276123   -3.7644831085205079   -2.2581616401672364   0.33441918182373048 -0.033041416168212892,  1.8328180980044566   1.0035542180076422  0.79713970511686394 -0.81635084131508762  0.47555238273787315  0.52451879990678107  0.27098964078670029,0.61852777004241943 0.12619580328464508 0.20717445015907288, -0.70597302913665771 -0.010632209479808807  0.008165367878973484   0.70811182260513306,-0.10134968161582947  0.76457029581069946 0.044427409768104553,-0.072993986308574677   0.69267535209655762  0.031103920191526413,  0.19397686421871185 -0.066108867526054382   0.04448406770825386 -0.066108867526054382   0.21814128756523132  0.022153150290250778   0.04448406770825386  0.022153150290250778   0.25407618284225464,     2.7807144927187721     0.63796593735609974     0.74752503864772279      -2.396922092825271     0.12273606084978184   -0.038452949785217072 -1.9635846726373529e-05,0.71053785085678101
IIWA_7,1715867595.1269469,-0.74861324421734066   1.5460031825690528   1.1804782709310484  -1.2685764053904542   -2.818088856669327  -1.1392057987027917 -0.40604171847750203,   0.49923357631766874  -0.079680928507782092     0.3868388945416158    -1.2342987507774545 0.00050466334451117743     2.0468182115422495  -0.021296038173791065,  -1.3200532302856445    61.285689228057862   -24.223515605926512  -0.15582635879516601   -1.8364620590209961   0.47259237670898435 -0.045723979949951171,  1.8632161832089926   1.1428652937764499  0.67323373025033539 -0.72424112193318935  0.50297736552155914  0.53609124153463983  0.27248676424138146,0.61812335252761841 0.13009728491306305 0.20744799077510834, -0.70646548271179199 -0.010156893171370029 0.0076587190851569176   0.70763319730758667,-0.10262617468833923    0.765647292137146 0.047251466661691666,-0.070647858083248138   0.69268923997879028  0.030064273625612259,  0.19522994756698608 -0.066890314221382141  0.044195722788572311 -0.066890314221382141   0.21705548465251923  0.022405708208680153  0.044195722788572311  0.022405708208680153   0.25420236587524414,     2.8417775680500412     0.64993537016899694     0.76657468203222834     -2.4465130643820387     0.11908594433052144   -0.043697942213150043 -2.0711697246156291e-05,0.71211135387420654
IIWA_7,1715867595.1319225, -0.7460224344969475   1.5456951879156948   1.1825719748830577  -1.2745465867311565  -2.8181139756224542   -1.128524318994321 -0.40619140151389466,    0.50301924986986146   -0.076064528940543955     0.39321927371366272     -1.2262462542500541 -0.00060102744948265624      2.0647137575726262   -0.023024151994737761, -2.8148589248657228   58.372700073242186  -24.441848583221436   2.9932746887207031  -3.6817278671264648   1.7431850166320801 -0.43754845046997071,   1.845306048721705   1.1660449568789513  0.67474448477036886 -0.61196563703087947  0.57538903957260257  0.51947023357328692  0.25209170910069367,0.61766403913497925 0.13403928279876709 0.20767435431480408,  -0.70695322751998901 -0.0096443090587854385  0.0071863862685859203    0.70715802907943726,-0.10591906309127808  0.76803529262542725 0.047645624727010727,-0.068643048405647278   0.69265717267990112  0.028978411108255386,  0.19651871919631958 -0.067662402987480164  0.043906908482313156 -0.067662402987480164   0.21594411134719849  0.022662313655018806  0.043906908482313156  0.022662313655018806   0.25431782007217407,     2.9042163784875896     0.66232614482775176     0.78612883035944492     -2.4973411973068238     0.11536908862197492   -0.049153542494906333 -2.1812239126006716e-05,0.71500653028488159
IIWA_7,1715867595.1369498,-0.74348567369649765   1.5453007272513655   1.1846433283668323  -1.2801839661811778  -2.8180901988275218   -1.117751579400839 -0.40639453405871573,   0.50388583191388303  -0.076630049725609356     0.3974295583219154    -1.2064921814008951 0.00047024983771323819     2.0826805897973815  -0.026544623388633084,-6.3932516937255857  59.276035888671878  -25.17079900741577  3.6852493667602539 -2.0873689079284667 -1.1160656127929687 0.12582438278198241,  1.9864948580573127   1.2725238295833514  0.63090149329670486 -0.70118169825720678  0.62841373881158635  0.41652639233961841  0.25926389467302435,0.61728894710540771 0.13789281249046326 0.20791861414909363,  -0.70746910572052002 -0.0091091934591531754  0.0065540121868252754    0.70665514469146729,-0.10503984987735748  0.76640427112579346 0.048689421266317368,-0.066459015011787415   0.69262981414794922  0.027849782258272171,  0.19777747988700867 -0.068422861397266388  0.043618142604827881 -0.068422861397266388   0.21484999358654022  0.022898826748132706  0.043618142604827881  0.022898826748132706   0.25443351268768311,     2.9668195948691078     0.67419394023726653     0.80529636040793662     -2.5484202913137466      0.1114455116333346   -0.055466184823771414 -2.3040484187220045e-05,0.71375924348831177
IIWA_7,1715867595.1419234,-0.74112448178324153   1.5449223852480938   1.1866696810447548  -1.2856878412515571  -2.8181052510705897  -1.1072015067316647 -0.40658148794678622,    0.49755634206135135   -0.076437719911355173     0.39899775377443253     -1.1853487479358882 -0.00022588985254821102       2.088147378604877   -0.028713854233726299,  -6.3771206970214847    58.525944541931153   -26.631340980529785 -0.097721614837646478    -1.604043083190918    1.0513177871704102  -0.27634638977050779, 2.3834384013245606  1.5059893959112969 0.56287642583213504 -1.1141046945588631 0.62091363201998262 0.17153365603057405 0.30277933721193395,0.61706304550170898 0.14158040285110474 0.20818692445755005,  -0.70804256200790405 -0.0084770061075687408  0.0056946976110339165    0.70609593391418457,-0.098104149103164673   0.75850039720535278  0.050423473119735718,-0.064128413796424866   0.69260865449905396  0.026806503534317017,  0.19898447394371033 -0.069171853363513947  0.043339930474758148 -0.069171853363513947   0.21379747986793518  0.023109802976250648  0.043339930474758148  0.023109802976250648   0.25454545021057129,     3.0288766999513328     0.68523990088920073     0.82392541081244275     -2.5991265734921498     0.10718679987675728    -0.06316613202894672 -2.4491730421516422e-05,0.70609438419342041
IIWA_7,1715867595.1469226,-0.73887390425648736   1.5445293625169019   1.1886217314566785  -1.2911986073181556  -2.8180494525453375  -1.0963538057922251 -0.40677970706251371,  0.48806817471924796 -0.076871085176760362   0.39728021949649406   -1.1687096410126507 0.0020512291280527072    2.1044259404614878 -0.030899848016080346, -3.8889144554138184   61.545129425048827  -23.450546436309814 -0.64707555770874026  -3.0055999374389648   0.5730516319274902 -0.35277552413940427,   2.8914817218255702    1.7201713695252898   0.55595910742206467   -1.5448992195671625   0.63012545127610808 -0.048760434248547549    0.3393685816852724,0.61683696508407593  0.1450992077589035 0.20844236016273499,  -0.70861738920211792 -0.0078185191377997398  0.0048073064535856247    0.70553326606750488,-0.092289231717586517   0.74545568227767944   0.05128057673573494,-0.062203072011470795   0.69255012273788452  0.025832900777459145,  0.20015546679496765 -0.069888472557067871  0.043071027845144272 -0.069888472557067871   0.21277853846549988  0.023307016119360924  0.043071027845144272  0.023307016119360924   0.25465008616447449,     3.0896140196050581     0.69593436438442069     0.84200995562255798     -2.6488898041820974     0.10292042142800994   -0.071243885731320233 -2.5995031016634584e-05,0.69384139776229858
IIWA_7,1715867595.1519246, -0.7366233267297333   1.5442281390865431   1.1907090838282908  -1.2967132083094528  -2.8180431248541344  -1.0855713588956095 -0.40701693483243861,  0.48047764084556083 -0.073545805355758914   0.40131827046168661   -1.1555517524620083 0.0018940909505626422    2.1148386282338127 -0.034208989209860603,   -1.0135642929077149     60.046290981292728    -22.889747619628906    -4.0074665832519534 -0.0017607498168945312    0.81902661895751949    0.10079300689697265,  3.4697713766512193   1.8960662233048899  0.65090137715783936  -2.0534325053559326  0.64552968832685198 -0.34023702824448615  0.36674967373569001,0.61666381359100342 0.14853198826313019 0.20865452289581299,  -0.70923787355422974 -0.0069993310607969761  0.0037979891058057547    0.70492428541183472,-0.085359267890453339   0.73153311014175415  0.050186961889266968,-0.060934580862522125   0.69243192672729492  0.024973921477794647,  0.20132723450660706 -0.070605330169200897  0.042812924832105637 -0.070605330169200897   0.21177169680595398  0.023498481139540672  0.042812924832105637  0.023498481139540672   0.25474148988723755,      3.151034686263543      0.7065997660014034     0.86013144914609541      -2.699401664685297     0.09825953295194978   -0.080658541422806707 -2.7701954508074778e-05,0.68055534362792969
IIWA_7,1715867595.1569495,-0.73428256793144564    1.543958733662947   1.1928755321217754  -1.3023906749180663  -2.8180034330998844  -1.0747515212650132 -0.40724139933679299,  0.47801246460795493 -0.069612861228451256   0.40771254810873603   -1.1515400663141451 0.0031029429304502802    2.1246644078109043 -0.036345771542063338,  1.8241468772888183   60.151142459869384  -24.145162239074708  -1.7818788146972655  -2.8893904495239258  0.39849950408935547 -0.11814809417724609,  3.9217722084683886   2.0610941931277575  0.63555538148114865  -2.4173864569774679    0.674225362944608 -0.55208824324784322  0.38806485957110293,0.61644983291625977 0.15197731554508209 0.20890554785728455,  -0.70980703830718994 -0.0062437979504466057  0.0027879795525223017    0.70436298847198486,-0.081384524703025818   0.72086811065673828  0.050932154059410095,-0.059697788208723068   0.69230914115905762  0.024161284789443016,  0.20250417292118073 -0.071311399340629578  0.042542062699794769 -0.071311399340629578   0.21075020730495453  0.023678641766309738  0.042542062699794769  0.023678641766309738   0.25483819842338562,     3.2134517090600667     0.71716317733905299      0.8780485590040854     -2.7508578227184444    0.093522151234814999   -0.090115477999752613 -2.9346844954147855e-05,0.67069381475448608
IIWA_7,1715867595.1619239,-0.73178265866732095   1.5437102407744481   1.1950414411085215  -1.3080100181355974  -2.8179881892196645  -1.0639782423647923 -0.40744537083956889,  0.48240634225135154 -0.065630004522718222   0.41280639795683155   -1.1460057817525602 0.0030921095531560279    2.1306626822575572 -0.037235477344686727, 0.37370142364501951    57.88608167266846  -23.083430099487305  0.38384346008300779  -1.4015568542480468   1.8613331108093261 -0.23162366485595703,  4.1383616273523645   2.1835162480031585  0.55803344388346476  -2.5394174914494307  0.70677459876071902 -0.65642289508578366  0.39620375452416168,0.61614137887954712 0.15553168952465057 0.20919491350650787,   -0.7103312611579895 -0.0055460846051573753  0.0018630854319781065    0.70384323596954346,-0.082091979682445526   0.71662181615829468  0.053094945847988129,-0.058742493391036987   0.69215035438537598  0.023510610684752464,   0.2037249356508255 -0.072009406983852386  0.042257837951183319 -0.072009406983852386   0.20968559384346008  0.023859160020947456  0.042257837951183319  0.023859160020947456   0.25493592023849487,     3.2779185505109609     0.72810663005817844     0.89665582676534683     -2.8040075653468222    0.088810485246781923   -0.099344784775468042 -3.0915273896425788e-05,0.66729140281677246
IIWA_7,1715867595.1669245,-0.72919574386731967   1.5434278325388413   1.1972934566774962  -1.3135185072020206  -2.8179747667650519  -1.0531054944234233 -0.40763364299664001,  0.48940166580113259 -0.063800333042445312   0.42032574112445314   -1.1371441880589765 0.0030105858270314625    2.1394400634608077 -0.037319268158594307,  -1.899424861907959   56.820091640472413  -25.257075748443604   1.3953942298889159  -1.4244466018676758   0.4612448196411133 0.056070281982421873,  4.2218130803174363   2.2685283126148432  0.50317208496047572  -2.5455842306957059  0.76243285639947955 -0.71826664478378932  0.40369906458669808,0.61579364538192749 0.15915402770042419 0.20948062837123871,  -0.71085715293884277 -0.0049048345535993576 0.00099584634881466627    0.70331859588623047,-0.084276735782623291   0.71590638160705566  0.054690275341272354,-0.057592764496803284   0.69199842214584351   0.02274707518517971,  0.20496831834316254 -0.072691179811954498  0.041970781981945038 -0.072691179811954498   0.20859794318675995  0.024039832875132561  0.041970781981945038  0.024039832875132561   0.25502860546112061,     3.3435281218041624     0.73924081839482625     0.91587566376283291      -2.858084891793844     0.08426436366626433    -0.10842755433237983 -3.2480072853502406e-05,0.66724693775177002
IIWA_7,1715867595.1719253,-0.72659360914174265   1.5431204371879155   1.1994775816656451  -1.3190341268111025  -2.8179718906369775  -1.0423554050584751 -0.40779105576904046,  0.49560672166398695 -0.063336080470989542   0.42362559242551878   -1.1303401348104605 0.0025235137845999473    2.1415556253665722 -0.036151925422893236,  -4.380909854888916   59.788195034027098  -25.656765956878662   -2.257281265258789  -2.5794984817504885   1.3263291702270508 -0.05740528869628906,  4.3238902242128878   2.4210748427022977  0.36907971369363068  -2.6294807303124066  0.78786106638000375 -0.81795548148442188  0.42692226557812851,0.61548590660095215 0.16278773546218872 0.20981878042221069,  -0.71139323711395264 -0.0042657903395593166 5.5298009101534262e-05    0.70278120040893555,-0.084423229098320007   0.71576219797134399  0.058078330010175705,-0.056039221584796906    0.6918753981590271  0.021831471472978592,  0.20621025562286377 -0.073369532823562622  0.041678112000226974 -0.073369532823562622   0.20750312507152557   0.02420586533844471  0.041678112000226974   0.02420586533844471   0.25512459874153137,     3.4104151556162421     0.75005652681614521     0.93521964092158072     -2.9132250249865876    0.079578996730944596    -0.11810606174122995 -3.4125524628336734e-05,0.6676446795463562
IIWA_7,1715867595.1769247,-0.72402371195644677   1.5429229970344498   1.2016380378074756  -1.3246992496876644  -2.8179642207875797  -1.0317504445114025 -0.40793636457399529,   0.4992812647430247 -0.058566470515418745   0.42531871961363382   -1.1308770229108422 0.0023256050035926693    2.1374429221761622 -0.034733892536508021, -5.0785754623413082   60.390418910980223   -23.89337501525879  0.13205623626708984  -1.0432442665100097  0.44322222900390623 0.019357597351074219,  4.3808672426594022   2.5317051474404773  0.31475079670857459  -2.6125847915690206  0.83510998639060841 -0.86186544766765305  0.44767965038413382,0.61511629819869995 0.16641037166118622 0.21014335751533508,   -0.71193939447402954   -0.003659361507743597 -0.00081811612471938133     0.70223093032836914,-0.087007448077201843   0.71517705917358398   0.06022295355796814,-0.054361917078495026   0.69175601005554199  0.020912334322929382,  0.20746423304080963 -0.074021540582180023  0.041390348225831985 -0.074021540582180023   0.20640188455581665  0.024373158812522888  0.041390348225831985  0.024373158812522888   0.25521129369735718,     3.4775147500001324     0.76109824769243772     0.95513328546648069      -2.968551405622577    0.075095169145278362    -0.12766581473933059 -3.5787143026766444e-05,0.66782665252685547
IIWA_7,1715867595.181927,-0.72149000711843414   1.5427866165703665   1.2038928097967545  -1.3302420735256311    -2.81793823894367  -1.0211696323398607 -0.40806237865498624,  0.50077320531492497 -0.052308394975665529   0.43044585526206408   -1.1264145718473406 0.0028997577592610405    2.1331868246026033 -0.032827677268844169, -4.6457270507812503   57.442479263305664  -23.765720653533936   2.5812592315673828  -1.7545871925354004   1.4571598281860352 -0.13984195327758789,  4.3808672426594022   2.5317051474404773  0.31475079670857459  -2.6125847915690206  0.83510998639060841 -0.86186544766765305  0.44767965038413382,0.61511629819869995 0.16641037166118622 0.21014335751533508,   -0.71193939447402954   -0.003659361507743597 -0.00081811612471938133     0.70223093032836914,-0.087007448077201843   0.71517705917358398   0.06022295355796814,-0.054361917078495026   0.69175601005554199  0.020912334322929382,  0.20746423304080963 -0.074021540582180023  0.041390348225831985 -0.074021540582180023   0.20640188455581665  0.024373158812522888  0.041390348225831985  0.024373158812522888   0.25521129369735718,     3.4775147500001324     0.76109824769243772     0.95513328546648069      -2.968551405622577    0.075095169145278362    -0.12766581473933059 -3.5787143026766444e-05,0.66782665252685547
IIWA_7,1715867595.1869273,-0.71895234747341963   1.5426110476831729   1.2061990540545855  -1.3356571455891704  -2.8179229948889173  -1.0107092615220912 -0.40817784669305507,  0.50212495005252045 -0.048869471468276873   0.43660645452289093   -1.1177345400194447 0.0029295683975179413    2.1249642923928631 -0.030880863337828669,  -3.6308185081481934    57.033827346801758   -23.550909175872803  -0.82491128921508783   -1.8188545608520508   0.95019102859497073 -0.019023845672607422,  4.2982815550887477   2.5384359208560761  0.30145356022423514  -2.3160622465593037  0.92479045580148478 -0.76414888585711316  0.43463863229740857,0.61461633443832397 0.17005559802055359   0.210436150431633,  -0.71243435144424438   -0.00308632617816329 -0.0015528366202488542    0.70173025131225586,-0.09433465451002121  0.71555262804031372 0.060689914971590042,-0.054361917078495026   0.69175601005554199  0.020912334322929382,  0.20875082910060883 -0.074646487832069397  0.041098814457654953 -0.074646487832069397   0.20527692139148712  0.024545574560761452  0.041098814457654953  0.024545574560761452   0.25528883934020996,     3.5453956266646713      0.7726684811579787     0.97542891678248367     -3.0246966128864017    0.070726392009667904    -0.13682982557838841 -3.7349891179871975e-05,0.66933190822601318
IIWA_7,1715867595.1919265, -0.7163643540599407   1.5424556122597319   1.2085339405835218  -1.3412256756181082  -2.8179235701494387  -1.0003570483217357 -0.40827803480985497,  0.50521969658117349 -0.045312994112260946   0.44268062477576553   -1.1169288331730707 0.0023206442971567365    2.1140599619285112 -0.028712215342259102,-0.72992760086059572   58.773286491394046  -25.363601112365721 -0.55903806686401369  -1.5538617134094237  0.82970667266845699 0.023028865814208984,-58.539150850417457 -5.0344752243331587 -13.154134554473087  24.487753382187854 -0.5152309411720587 -4.4235097976313673 0.41960097835620708,0.61369419097900391 0.17717833817005157 0.21115386486053467,  -0.71334540843963623 -0.0019060139311477542 -0.0031658434309065342    0.70080286264419556,-0.10179392248392105  0.70985591411590576 0.066401921212673187,-0.054361917078495026   0.69175601005554199  0.020912334322929382,  0.21127064526081085 -0.075861074030399323  0.040502935647964478 -0.075861074030399323   0.20305359363555908  0.024835472926497459  0.040502935647964478  0.024835472926497459   0.25545129179954529,     3.6823782461956611     0.79442348143388131      1.0146088391032038     -3.1383742571042816     0.06142454292845656    -0.15672404096722659 -4.0531331180204688e-05,0.66608476638793945
IIWA_7,1715867595.1969268,-0.71365454102799564   1.5423546451806702   1.2108204708020363   -1.346797561260699  -2.8179180095304419 -0.99014229430802381 -0.40836480058112551,  0.51256827854274134 -0.040289078452277118   0.44560570856118997   -1.1164184922420892  0.002078940197597942    2.0998381300912836 -0.026440403124628725, -1.8550646209716797   56.848320884704592  -24.226156730651855  0.63915218353271486  -2.0565557861328125   1.6043443183898927 -0.10546553039550781, -58.629612448454949  -4.9325742840900313  -13.309137017604744   24.747211548040781 -0.44821027114196893  -4.1897446130814302   0.4141496497802884,0.61311191320419312 0.18078723549842834 0.21156105399131775,  -0.71376442909240723 -0.0014268774539232254 -0.0038673686794936657    0.70037370920181274,-0.10937985777854919    0.709786057472229 0.070270039141178131,-0.054361917078495026   0.69175601005554199  0.020912334322929382,  0.21255925297737122 -0.076434753835201263  0.040195431560277939 -0.076434753835201263   0.20191076397895813  0.024974610656499863  0.040195431560277939  0.024974610656499863   0.25553163886070251,     3.7523234718541687     0.80555478572819084      1.0349036629282438     -3.1964687227885591    0.056996653470697822    -0.16624650861629675 -4.2043649450818066e-05,0.66767013072967529
IIWA_7,1715867595.2019258,-0.71093262402860491   1.5422100555604503   1.2131264754043445  -1.3522396576751272  -2.8179080386389579 -0.97996439161247106 -0.40845060762122132,  0.51893130280982214 -0.038014847570617842   0.44872475094128128   -1.1108186503707982 0.0020619878174392946    2.0869866118951368 -0.024584604103535336,   -2.560795726776123     57.01231935119629   -23.655673789978028    1.3469736099243164   -1.3504951095581055   0.94251473999023438 -0.055069026947021482, -58.927689214897562  -4.9257865865830279  -13.400762179976562   25.174411085567794 -0.34959923633819684  -3.9165116183168425  0.39664569157208374,0.61244171857833862 0.18445757031440735 0.21194203197956085,  -0.71416467428207397 -0.0010072352597489953 -0.0044496362097561359    0.69996285438537598,-0.11903926730155945  0.71214479207992554 0.072316586971282959,-0.054361917078495026   0.69175601005554199  0.020912334322929382,  0.21387884020805359 -0.076980873942375183  0.039886560291051865 -0.076980873942375183   0.20074254274368286   0.02511889860033989  0.039886560291051865   0.02511889860033989   0.25560277700424194,     3.8232252088823415     0.81711741811307803      1.0559423768476961     -3.2554120660801544     0.05279970565919001    -0.17532167495648565 -4.3499269075653046e-05,0.67170214653015137
IIWA_7,1715867595.2069254, -0.7091425402803494    1.541855981596846    1.214600954427371  -1.3565857967296302  -2.8179435119324059 -0.97054203453245724 -0.40852574873609204,   0.48674839217807819  -0.044574836600666981    0.41795896167408719    -1.0625004824767581 0.00023065851603158716     2.0464835727166624  -0.022673327877657263,  11.950380058288575   64.748476520538333  -16.599468898773193  -16.247318935394286 -0.57136331558227538   1.2348812103271485 -0.13550318145751952, -59.035465864390815  -4.8303664789969192  -13.519174552331981   25.410522239190616 -0.28224122063839507  -3.7028825659173412    0.398735386557729,0.61180031299591064 0.18807874619960785 0.21235673129558563,   -0.71457475423812866 -0.00059145642444491386  -0.0050872629508376122     0.69954031705856323,-0.12555705010890961  0.71206611394882202 0.075288042426109314,-0.054361917078495026   0.69175601005554199  0.020912334322929382,  0.21518409252166748 -0.077512845396995544  0.039579704403877258 -0.077512845396995544   0.19958432018756866  0.025249602273106575  0.039579704403877258  0.025249602273106575   0.25567269325256348,      3.894433193578628     0.82831740928579478      1.0769564335006976     -3.3146563486630143    0.048538832312594593    -0.18489333557258902 -4.5024063588527952e-05,0.67321485280990601
IIWA_7,1715867595.2119255,-0.70743053383618193   1.5416525494008089   1.2160886162494873   -1.360687817127072  -2.8179369926040509 -0.96216452197255919 -0.40858519050525804,   0.45787897150916135  -0.043797157122018961     0.3938736422239193    -1.0140812018790779 0.00044529994702274811     1.9722873605692519  -0.020516333068765893,   34.910165367126467    66.260757461547854   -14.984861316680908   -27.139317302703859   -3.0619439315795898  -0.92148838424682622 -0.021693859100341797,   -53.5996940640524  -4.2560360699511612  -11.809956237429137   22.305235844329832 -0.10266438301710171  -4.0369482159234185  0.45868691990691368,0.61129963397979736 0.19312390685081482 0.21259941160678864,  -0.71573746204376221 0.00099080055952072144 -0.0069451048038899899     0.6983342170715332,-0.10451499372720718  0.63341653347015381 0.058065108954906464,-0.054361917078495026   0.69175601005554199  0.020912334322929382,  0.21715418994426727 -0.078413277864456177  0.039204072207212448 -0.078413277864456177   0.19794349372386932  0.025463102385401726  0.039204072207212448  0.025463102385401726   0.25569811463356018,     4.0052334836149228     0.84575596635705352      1.1099027360907954      -3.407950968468576    0.039999312519967134    -0.20870148641627395 -4.9037606864033023e-05,0.59730839729309082
IIWA_7,1715867595.2169242,-0.70505484107300165   1.5414760217824406   1.2175678291508607  -1.3649478495993463  -2.8180058299605459 -0.95473993518597278 -0.40864397308538208,   0.46133088773454034  -0.042098830432346489    0.37426742983407257   -0.98166626039423655 -0.0023972543021813396     1.8748133599188583   -0.01876436965997429,  40.268344772338864   60.480483642578122  -14.711064720153809  -23.211964836120604 -0.95168527603149411 -0.27868265151977539 0.026366382598876952, -53.599694064052429  -4.2560360699511595   -11.80995623742915   22.305235844329864 -0.10266438301710282  -4.0369482159234051  0.45868691990691368,0.61129963397979736 0.19312390685081482 0.21259941160678864,  -0.71573746204376221 0.00099080055952072144 -0.0069451048038899899     0.6983342170715332,-0.10451499372720718  0.63341653347015381 0.058065108954906464,-0.054361917078495026   0.69175601005554199  0.020912334322929382,  0.21715418994426727 -0.078413277864456177  0.039204072207212448 -0.078413277864456177   0.19794349372386932  0.025463102385401726  0.039204072207212448  0.025463102385401726   0.25569811463356018,     4.0052334836149228     0.84575596635705352      1.1099027360907954      -3.407950968468576    0.039999312519967134    -0.20870148641627395 -4.9037606864033023e-05,0.59730839729309082
IIWA_7,1715867595.2219257, -0.7021242186924882   1.5411236855122727   1.2189271997827276  -1.3687491858731686  -2.8179991188205062 -0.94807089379675913  -0.4086840003573643,   0.48628960540817023  -0.047772515152590837    0.35378876914193258   -0.93738645926828079 -0.0016493578401572861     1.7666123435036327  -0.016612586607267936,  31.994487712860106   56.033705551147463   -19.17896738052368  -17.023809604644775  -2.5733358573913572   1.5566178283691405 -0.25765629577636717, -53.121350763566717   -4.262386991078861  -11.458052081246295   22.538934456685212 0.030284975594056185  -3.5971626051027408  0.47994941110324563,0.61056226491928101 0.19604112207889557 0.21281160414218903,  -0.71610897779464722  0.0010844143107533455 -0.0071314461529254913    0.69795119762420654, -0.1164318174123764  0.62162435054779053 0.055424798280000687,-0.054361917078495026   0.69175601005554199  0.020912334322929382,  0.21823246777057648 -0.078745312988758087  0.038983043283224106 -0.078745312988758087   0.19700197875499725  0.025597298517823219  0.038983043283224106  0.025597298517823219   0.25572246313095093,     4.0607096681357646      0.8559740762201784      1.1292084147376258     -3.4540022564994999    0.037808836680142122    -0.21436556584841782 -5.0202159762591236e-05,0.58848518133163452
IIWA_7,1715867595.2269363,-0.69903438595952794   1.5405172238488607   1.2199400465271679  -1.3721257411865635  -2.8180114863981189 -0.94197499791719874 -0.40871683720007745,  0.51262499364494674 -0.062476478658554678   0.32354488509116025  -0.88497137995041941  -0.00181418937663355    1.6571257099853218 -0.014603542994340652,   22.454347412109374    56.481340709686279   -22.343915176391601   -14.252389392852782   -2.9765475654602049    0.6918672294616699 -0.052065261840820311, -53.335644599167303  -4.2104301208590504  -11.352003331383056   23.093095232809606 0.085507026627596738  -3.0922508962500372  0.55611616544877496,0.60976493358612061 0.19911982119083405 0.21309778094291687,  -0.71646273136138916  0.0008537971880286932 -0.0070822359994053841    0.69758886098861694,-0.12841445207595825  0.61879450082778931 0.056146327406167984,-0.054361917078495026   0.69175601005554199  0.020912334322929382,  0.21931444108486176 -0.079018615186214447  0.038765434175729752 -0.079018615186214447   0.19603605568408966  0.025736555457115173  0.038765434175729752  0.025736555457115173   0.25574970245361328,      4.115034168394871     0.86613484692676934      1.1504609882742045     -3.4982918332175927    0.036737014603716034    -0.21740044032103611 -5.1140807144633982e-05,0.5883338451385498
IIWA_7,1715867595.2319276,-0.69609573408270764    1.539808776379519   1.2205877339583429   -1.375119100954203  -2.8180406321748968 -0.93668168558551557  -0.4087387083572665,   0.52764606998876928  -0.078319081700513077     0.2847434053199257   -0.82771149466591476 -0.0026171825724195172     1.5374330612555847   -0.01255768068303437,    16.3380111618042   62.487448482513429  -19.030184020996092  -16.215625438690186 -0.76768692016601559 0.043053966522216797 0.013016315460205078,-53.323303440804033 -4.1001414543133112 -11.066921384223116  23.421266444683354 0.13205896855559948  -2.671219421717709 0.68633830551029218,0.60899239778518677 0.20209683477878571 0.21332676708698273,  -0.71692317724227905 0.00048900092951953411 -0.0069650034420192242    0.69711726903915405,-0.13683854043483734  0.61262392997741699 0.054269496351480484,-0.054361917078495026   0.69175601005554199  0.020912334322929382,  0.22035118937492371 -0.079239293932914734  0.038585178554058075 -0.079239293932914734   0.19511808454990387  0.025889499112963676  0.038585178554058075  0.025889499112963676   0.25575965642929077,     4.1654213256494543     0.87627445104487833      1.1731907083740722     -3.5387843570076072    0.036577219067801536    -0.21925377900888776 -5.2183827037310948e-05,0.58444738388061523
IIWA_7,1715867595.2369258,-0.69338705955085034   1.5392114227168083   1.2211291213478437  -1.3777897255630376  -2.8179954756202257 -0.93217639606517555 -0.40874410131557209,    0.53046383726530755   -0.086549411868835718     0.24945021983597357    -0.76899418008611597 -0.00028748387109251436      1.4101580298180685   -0.010261862878651277,  20.075025398254393   64.893655490875247  -18.089943618774413  -14.800862960815429  -2.4509637451171873   1.0593278274536133 -0.16821084594726562,-52.685230513724164 -3.9848989963041248 -10.493633697545869  23.411449502677026 0.19957421454092683 -2.3029337112130475 0.82220322669455304,0.60822564363479614 0.20480902493000031 0.21345727145671844,   -0.7174261212348938 6.4794156060088426e-05 -0.0067482138983905315    0.69660192728042603,-0.14298996329307556  0.59728038311004639 0.048699524253606796,-0.054361917078495026   0.69175601005554199  0.020912334322929382,  0.22130487859249115 -0.079400986433029175  0.038444533944129944 -0.079400986433029175   0.19428645074367523  0.026052309200167656  0.038444533944129944  0.026052309200167656   0.25575044751167297,     4.2097054526877287     0.88622587634645811      1.1958641183102969     -3.5740257090211003    0.037143748929047149    -0.21992900126033277 -5.3217717344011817e-05,0.57165944576263428
IIWA_7,1715867595.2419825,-0.69069696066730502   1.5386505609435137   1.2215293345083045  -1.3800621742469807  -2.8180020907671568 -0.92817252643988113 -0.40874458062661789,    0.53197502515405892   -0.091674000426853322     0.21556870228721062    -0.70609329142661936 -0.00049459297411887267      1.2882812088662317  -0.0082286627447529376,   21.631666580200196    60.395795909881592   -18.278343849182129   -17.122411594390869   -1.5450579643249511  -0.40751079940795898 -0.069420349121093752, -51.57687925739198 -3.8576702887886274 -9.8960228010583791  23.165250292530978 0.24566662972311371 -1.9509919670680993 0.91593124198921583,0.60746479034423828 0.20727632939815521 0.21357348561286926,   -0.71782904863357544 -0.00037108216201886535   -0.006425873376429081     0.69618964195251465,-0.14732514321804047  0.57538199424743652 0.043629094958305359,-0.054361917078495026   0.69175601005554199  0.020912334322929382,   0.2221723347902298 -0.079521514475345612  0.038315292447805405 -0.079521514475345612   0.19352765381336212  0.026202911511063576  0.038315292447805405  0.026202911511063576   0.25573974847793579,     4.2491986794672698     0.89542884958593305      1.2167455594580545     -3.6053759787391115    0.037892918575366252    -0.21962878252868023 -5.3999016813577327e-05,0.55275464057922363
IIWA_7,1715867595.2469258,-0.68800302674997771   1.5379715947032322   1.2217706967450614   -1.382060304078234  -2.8180132121796833 -0.92488099909523713 -0.40874278304657141,    0.53333737681633941    -0.10049784995274345      0.1821094513000473    -0.64479982639142541 -0.00084053088035350855      1.1622860608787453  -0.0065110269939431149,   21.521438102722168    58.946694705963132    -20.48280261993408   -14.947885570526124   -1.7449030685424805   0.17221586608886719 -0.074092872619628908,-50.317906350480698 -3.7332934839610972 -9.2559105119491925  22.742731973358708 0.30456002327987997 -1.6902712137625737  1.0039568786877222,0.60676133632659912 0.20959329605102539 0.21363359689712524,   -0.71823430061340332 -0.00084068224532529712  -0.0060791270807385445     0.69577431678771973,-0.14821326732635498  0.55199891328811646 0.037302475422620773,-0.054361917078495026   0.69175601005554199  0.020912334322929382,  0.22297602891921997 -0.079613305628299713   0.03820425271987915 -0.079613305628299713   0.19282546639442444  0.026350727304816246   0.03820425271987915  0.026350727304816246   0.25572317838668823,     4.2851206350142945     0.90410334500745648      1.2368719629458624     -3.6336776029282092    0.038965612382035886    -0.21873980470754617 -5.4741291499738054e-05,0.53175234794616699
IIWA_7,1715867595.2519264,-0.68534216922180335    1.537183871543105   1.2217597311686204  -1.3835675600573638  -2.8180036249115692 -0.92199292075148731 -0.40873822904622065,    0.53310420258004565    -0.11190720636728306     0.14524893798239422    -0.57613010027833311 -0.00028893397972024396      1.0453519824529893  -0.0050266615811238955,  19.335688049316406   59.292166885375977  -21.187982921600341  -14.305211887359619   -2.532838611602783    0.786986457824707 -0.10947055053710937,-49.117164205037454 -3.5567087704998386 -8.6789711832254728  22.382075344724676 0.33719281980189431 -1.3828568721839272  1.1161691183889526,0.60602599382400513 0.21179927885532379 0.21370723843574524,  -0.71863090991973877 -0.0014722219202667475 -0.0056129926815629005    0.69536745548248291,-0.14998534321784973  0.52897191047668457 0.032728340476751328,-0.054361917078495026   0.69175601005554199  0.020912334322929382,  0.22372640669345856 -0.079658061265945435  0.038109194487333298 -0.079658061265945435   0.19216433167457581   0.02649998851120472  0.038109194487333298   0.02649998851120472    0.2557060718536377,       4.31705866620824     0.91249328612885705      1.2572340595617959     -3.6582890993033246    0.040777626561627756    -0.21613259657904393 -5.5327293857487803e-05,0.51148217916488647
IIWA_7,1715867595.2569256,-0.68279671984508794   1.5363274189532803    1.221550067165406  -1.3846831116833855   -2.818013403991368 -0.91949990237449875 -0.40873445400813169,    0.52830133713265304    -0.12378386868681432     0.10781259025734274    -0.50552614526353556 -0.00062231037572906532     0.93600232104193415  -0.0038703277413407134,   17.555901412963866    59.542197334289554   -21.054165935516359   -15.230485916137695   -1.6286935806274414   -0.2876939468383789 -0.093450469970703123,-47.573285049112343  -3.321014252181651 -7.9916697035198423  21.654827698806862  0.3482006144435118 -1.2380325686409401  1.2478041070924102,0.60543161630630493 0.21379511058330536 0.21371519565582275,  -0.71909177303314209 -0.0020693200640380383 -0.0052096191793680191     0.6948925256729126,-0.14546084403991699  0.50230687856674194 0.026394309476017952,-0.054361917078495026   0.69175601005554199  0.020912334322929382,  0.22439336776733398 -0.079683274030685425  0.038048092275857925 -0.079683274030685425   0.19158640503883362  0.026648595929145813  0.038048092275857925  0.026648595929145813      0.25567626953125,     4.3444962847818402     0.92014766323522679      1.2771214448141777     -3.6788947332881961    0.042840135609623076     -0.2135932979498989 -5.6042623874930086e-05,0.48633983731269836
IIWA_7,1715867595.2619255,-0.67802795716619613   1.5345530346598126   1.2207925443099905  -1.3859295309328818  -2.8179995980879191  -0.9157463233268327 -0.40871941374238568,   0.50964593958926607   -0.14306355805080212   0.041345739881852139   -0.36705001302502038 0.00013324811871595274    0.73287555518656511 -0.0019233363378533294,   23.360371726989747     62.00889558029175   -19.599786586761475   -15.997292461395263   -1.7994863128662109   -0.2336261749267578 -0.056070281982421873,-45.731905136324073 -3.0424340106014416 -7.2272043415136524  20.662363411043984 0.35402284839741061 -1.2001361921604345  1.3879688419042258, 0.6049497127532959 0.21557176113128662   0.213666632771492,  -0.71959811449050903 -0.0026391076389700174 -0.0048638195730745792    0.69436872005462646,-0.13704302906990051  0.47234758734703064 0.019051056355237961,-0.054361917078495026   0.69175601005554199  0.020912334322929382, 0.22497875988483429 -0.07969125360250473  0.03801557794213295 -0.07969125360250473  0.19108814001083374 0.026794511824846268  0.03801557794213295 0.026794511824846268  0.25563740730285645,     4.3676002015864412     0.92709957616587957      1.2961956019230669     -3.6957485194086814    0.045101421774162986    -0.21109368317429045 -5.6851744645314284e-05,0.45724537968635559
IIWA_7,1715867595.2669539,-0.67802795716619613   1.5345530346598126   1.2207925443099905  -1.3859295309328818  -2.8179995980879191  -0.9157463233268327 -0.40871941374238568,   0.50964593958926607   -0.14306355805080212   0.041345739881852139   -0.36705001302502038 0.00013324811871595274    0.73287555518656511 -0.0019233363378533294,   23.360371726989747     62.00889558029175   -19.599786586761475   -15.997292461395263   -1.7994863128662109   -0.2336261749267578 -0.056070281982421873,-43.713755799202701 -2.7187270187261325 -6.4851648445967305  19.535486395044838 0.33911152385855337 -1.2016387914319595  1.5266166785957807,0.60454750061035156 0.21714654564857483  0.2136041671037674,  -0.72010082006454468 -0.0032041501253843307 -0.0045394115149974823    0.69384723901748657,-0.12686555087566376  0.44042724370956421 0.012624671682715416,-0.054361917078495026   0.69175601005554199  0.020912334322929382,  0.22548605501651764 -0.079681850969791412  0.038001794368028641 -0.079681850969791412   0.19065968692302704  0.026932274922728539  0.038001794368028641  0.026932274922728539    0.2555963397026062,     4.3867162354906952     0.93327069563109433      1.3141306733732705     -3.7091686124579581    0.047512858538212299    -0.20836022103676299 -5.7638001038640141e-05,0.42601904273033142
IIWA_7,1715867595.2719915,-0.67557143067862369   1.5336937656539906   1.2203276763000541  -1.3861418914697905   -2.818007076300165 -0.91440468927624008 -0.40870551208581052,    0.50597781117431051     -0.1488216066735219    0.014481871508026024    -0.30213443189636235 -0.00019252999486294719     0.63996580617295695  -0.0009826028072760255,  27.573250366210939   61.163362503051758  -21.151007175445557  -15.202313919067382  -2.0186996650695801  0.44388973236083984 -0.13450192642211914,-41.721273590668119 -2.3947460548434618 -5.7821728469998677  18.357048602323225 0.31579817278778965 -1.2574924688526876   1.657633821228476, 0.6042361855506897 0.21858629584312439 0.21351483464241028,  -0.72060304880142212 -0.0037519994657486677 -0.0042425817809998989    0.69332468509674072,  -0.1148885115981102   0.40959149599075317 0.0064316191710531712,-0.054361917078495026   0.69175601005554199  0.020912334322929382,  0.22593340277671814 -0.079662628471851349  0.038002729415893555 -0.079662628471851349   0.19028463959693909  0.027063645422458649  0.038002729415893555  0.027063645422458649   0.25555247068405151,     4.4029460999279735     0.93874617650246961      1.3311006286462757     -3.7200702728421575    0.050002484364597422    -0.20557006345800488 -5.8423979432120632e-05,0.39535588026046753
IIWA_7,1715867595.2769573,-0.67292591306741134   1.5328203553360706   1.2197635787954095  -1.3860983887018521  -2.8180100484213479 -0.91331855899266845 -0.40868465954640615,    0.51060295338794215    -0.15399369805561702   -0.010978402979362761    -0.23996743479955357 -0.00027290884320805957     0.55541785628123075  4.8019330353985651e-05,  25.781365482330322   60.793693828582761  -21.910770721435547  -16.543124904632567  -2.6948275947570801  0.28602518844604491 -0.16821084594726562,-40.117116553105603 -2.1096536305987859 -5.2071789130504289  17.414016056614091 0.29493221291147265 -1.2688842748753135  1.7821634723579303,0.60393214225769043 0.22000513970851898 0.21342603862285614,  -0.72107940912246704 -0.0043845907784998417    -0.0038815604057163    0.69282770156860352, -0.10491921752691269   0.38414785265922546 0.0015286807902157307,-0.054361917078495026   0.69175601005554199  0.020912334322929382,  0.22635318338871002 -0.079624153673648834   0.03800676017999649 -0.079624153673648834   0.18992631137371063  0.027192961424589157   0.03800676017999649  0.027192961424589157   0.25551116466522217,     4.4174245768839882      0.9438833944868108      1.3478196673695209     -3.7292930909886834     0.05283238948106117    -0.20184675163381627 -5.9081799896887333e-05,0.37010398507118225
IIWA_7,1715867595.2819245,-0.67021675922450807   1.5319317849791847    1.219081077172562  -1.3859505033545891  -2.8180106236818694 -0.91258128948330863   -0.408655477968562,    0.51684851642648444    -0.15873777271993134   -0.036082787297392345    -0.18605853394912467 -0.00024133749542406418      0.4738250653993773   0.0012056785780492146,   21.118163185119627    60.294977180480956   -22.047228832244873   -15.168859672546386   -1.9975706672668456 -0.053400268554687498  -0.10546553039550781,-38.939963664476934 -1.8815463490721713 -4.7003888398272107  16.689001116808058 0.27865336602831303 -1.2693289366828862  1.9075991279855895,0.60364687442779541    0.22144815325737 0.21331042051315308,  -0.72156518697738647 -0.0050844918005168438 -0.0034618342760950327    0.69231915473937988, -0.096136637032032013    0.36480429768562317 -0.0034382895100861788,-0.054361917078495026   0.69175601005554199  0.020912334322929382,  0.22676141560077667 -0.079568713903427124  0.038018502295017242 -0.079568713903427124   0.18957607448101044  0.027327949181199074  0.038018502295017242  0.027327949181199074   0.25546619296073914,     4.4306564882150568     0.94891053143264514      1.3650007498862138     -3.7371538233461621    0.056044395769561106    -0.19734644271096613 -5.9694533760534796e-05,0.35068234801292419
IIWA_7,1715867595.2869239,-0.66760641523371123   1.5310285938900716   1.2183088736983094  -1.3855833665832813  -2.8180142668821504   -0.912165077325927   -0.408618566545627,    0.51789257277306144    -0.16311786174046811   -0.059754368808015997    -0.13416135630698608 -0.00033879800757971601     0.39570853861476724   0.0024409997798390984,  18.504941719055175   59.735769294738766  -21.405435523986817  -12.952956027984619  -2.0794455337524416  0.35043926239013673 -0.12682563781738282,-38.055653790188501 -1.7191965713918107 -4.2081195576238741  16.209789485727402  0.2781557418683509 -1.1972420942308113  2.0260099769036897,0.60331374406814575 0.22288297116756439 0.21316646039485931,  -0.72204381227493286 -0.0058683566749095917 -0.0029268171638250351    0.69181621074676514, -0.090973354876041412    0.34901148080825806 -0.0085261519998311996,-0.054361917078495026   0.69175601005554199  0.020912334322929382,  0.22716033458709717 -0.079486899077892303  0.038037043064832687 -0.079486899077892303   0.18923412263393402   0.02747260220348835  0.038037043064832687   0.02747260220348835   0.25541672110557556,     4.4420932552862169     0.95410732149847632      1.3826867268162957     -3.7432961484711313    0.059741815877423221    -0.19167841211409353 -6.0188325434751277e-05,0.33538728952407837
IIWA_7,1715867595.291934,-0.66514096051435012   1.5301091641485149   1.2175400257286271  -1.3849559324981617  -2.8180047752580792 -0.91201575393644341 -0.40857122885298974,   0.51293224699289341   -0.16727147905464154  -0.078557413833706846  -0.082231721640806457 0.00010862655678247615    0.32253976647115745  0.0038463075293617391,    16.3380111618042   60.471073894500734  -20.540907363891602  -12.224005603790284  -1.9183369255065919   0.1598670539855957 -0.14851949691772462,-36.986698755429543 -1.5241140764331746 -3.7053554235768047  15.612099712661832 0.26970741634812967 -1.1532133924756514  2.1416262747873778,0.60303235054016113 0.22418062388896942 0.21300622820854187,  -0.72252053022384644 -0.0066497586667537689  -0.002397952601313591    0.69131332635879517,-0.084652885794639587   0.33093398809432983 -0.013216285035014153,-0.054361917078495026   0.69175601005554199  0.020912334322929382,  0.22750525176525116 -0.079393818974494934  0.038068387657403946 -0.079393818974494934   0.18894067406654358  0.027612881734967232  0.038068387657403946  0.027612881734967232   0.25536540150642395,     4.4506661189682717     0.95876896840074721      1.3995243564508542     -3.7469625978987509    0.063575584548836162    -0.18579057877943228 -6.0654226530232336e-05,0.3178250789642334
IIWA_7,1715867595.2968998,-0.66072705065224147   1.5283251325476068   1.2159558909411901  -1.3829692476634785  -2.8180093773422508 -0.91240014797797953 -0.40829247577316907,    0.4865839344781282   -0.17127385113443275   -0.10757380369278871   0.019833592992448912 -9.922162452751597e-05    0.19211149134647296   0.013009672906893355,  16.617615104675291   59.992520992279054  -22.529674282073973  -12.651867809295654  -2.0891296577453611  0.12048435592651367 -0.14651698684692382,-35.653986808147479 -1.2302625722480907 -3.2851812399402713  14.801818306937939 0.22252904433037779  -1.164475462058405  2.2586615547249895,0.60285329818725586 0.22531285881996155 0.21287953853607178,   -0.7229766845703125 -0.0074002956971526146 -0.0019443628843873739     0.6908300518989563, -0.07537977397441864   0.30992218852043152 -0.015586631372570992,-0.054361917078495026   0.69175601005554199  0.020912334322929382,  0.22777952253818512 -0.079302012920379639  0.038108032196760178 -0.079302012920379639   0.18870432674884796   0.02773541584610939  0.038108032196760178   0.02773541584610939   0.25532010197639465,     4.4566473418647945     0.96239332326142346      1.4147436340365971     -3.7484102434941491    0.067288408367893737    -0.18017518933888255 -6.1099477477455366e-05,0.29692563414573669
IIWA_7,1715867595.3019371,-0.66072705065224147   1.5283251325476068   1.2159558909411901  -1.3829692476634785  -2.8180093773422508 -0.91240014797797953 -0.40829247577316907,    0.4865839344781282   -0.17127385113443275   -0.10757380369278871   0.019833592992448912 -9.922162452751597e-05    0.19211149134647296   0.013009672906893355,  16.617615104675291   59.992520992279054  -22.529674282073973  -12.651867809295654  -2.0891296577453611  0.12048435592651367 -0.14651698684692382, -34.064993584754085 -0.87730880531407074  -2.9037653020553074   13.810623967589837  0.15742094461147982  -1.2208114646892059   2.3654164394562942, 0.6027715802192688  0.2262641042470932 0.21277336776256561,  -0.72340476512908936 -0.0081048496067523956 -0.0015549618983641267    0.69037485122680664,-0.063940688967704773   0.28593495488166809 -0.016620242968201637,-0.054361917078495026   0.69175601005554199  0.020912334322929382,  0.22798056900501251 -0.079212047159671783   0.03815528005361557 -0.079212047159671783   0.18852771818637848  0.027839928865432739   0.03815528005361557  0.027839928865432739   0.25528064370155334,     4.4599231231270409     0.96499087178347764       1.428022306926735     -3.7476517745798077    0.070844588467622316    -0.17486159913904231 -6.1512253957118901e-05,0.27288907766342163
IIWA_7,1715867595.3069322,-0.65873635112394624   1.5274313490013283   1.2150944049308858  -1.3817042527656702  -2.8180085144514684 -0.91280701237005357 -0.40789585788188421,     0.4688951287143116    -0.17277042275868856    -0.12051848336639995     0.06646667030629079 -4.4861668326706236e-05     0.13741461739421651    0.026272453976909374,   17.68629363632202   60.028815734863279  -22.852771873474122  -11.978381004333496   -2.163961524963379  0.31072281265258789 -0.19858224868774413, -32.285198248476839 -0.52321357704576443  -2.4608918183873945   12.650792176978266 0.083519939792249698  -1.3590556052561493   2.4490098685557751,0.60280650854110718 0.22704830765724182 0.21264152228832245,  -0.72385060787200928 -0.0086772916838526726 -0.0012212011497467756    0.68990111351013184,-0.050019793212413788   0.26010823249816895 -0.018430227413773537,-0.054361917078495026   0.69175601005554199  0.020912334322929382,  0.22812122106552124 -0.079129159450531006  0.038217507302761078 -0.079129159450531006   0.18840906023979187  0.027934964746236801  0.038217507302761078  0.027934964746236801   0.25523817539215088,     4.4608599204449817     0.96683070622116674      1.4398918011933048     -3.7449985726176749    0.074195558570799847    -0.17029479684005366 -6.2046662918646689e-05,0.24690669775009155
IIWA_7,1715867595.3119304,-0.65683691137157929   1.5265581784480142   1.2141918130351217  -1.3802416979411762  -2.8180110071307061 -0.91328913775930143 -0.40729406999204276,    0.45109369306612729    -0.17314316033951246    -0.13251846252368549     0.11167552922479175 -0.00013559650416883305    0.090646678345458975    0.045089478775185224,  18.654153438568116   60.620285614013675  -22.647644519805908   -10.74409538269043   -2.052153911590576  0.62978941726684567 -0.25198251724243165,   -30.465480411184465   -0.18251381678076695    -2.0097870689396071     11.469221722107813 -0.0060938997278610074    -1.5153300218087711     2.5016710460440024, 0.6029127836227417 0.22769714891910553 0.21250666677951813,   -0.72429549694061279  -0.0091336620971560478 -0.00087868276750668883     0.68942862749099731,-0.035951565951108932    0.2340591698884964 -0.019961392506957054,-0.054361917078495026   0.69175601005554199  0.020912334322929382,  0.22821289300918579 -0.079048529267311096  0.038289081305265427 -0.079048529267311096   0.18833473324775696  0.028021080419421196  0.038289081305265427  0.028021080419421196   0.25519576668739319,     4.4598238031721138     0.96806457676290592      1.4505742753740947     -3.7407446191703997    0.077427421634190807    -0.16609514065279996 -6.2638940256931619e-05,0.22099553048610687
IIWA_7,1715867595.3169305,-0.65501087504064648   1.5257279113602065   1.2133033625605385  -1.3785823621522584  -2.8180097607910874 -0.91391034003724358 -0.40644936194092096,    0.43391640769021433    -0.17172521178392025    -0.14155278900227602     0.15571385493654777 -5.8623618590214206e-05    0.047669251558680917    0.069859905065020211,  18.826217403411864   60.186092952728274  -22.726878261566164  -11.550518798828126   -2.084727783203125   0.8487305183410645 -0.22428112792968749, -28.645149874321422  0.12699676500873203  -1.5352751477433133   10.250488506459901 -0.10311694281798411  -1.7198852713221779   2.5230089515811627,0.60311418771743774 0.22822940349578857 0.21235023438930511,   -0.72475165128707886  -0.0094471294432878494 -0.00054438464576378465      0.6889452338218689,-0.020829144865274429   0.20858025550842285 -0.022006543353199959,-0.054361917078495026   0.69175601005554199  0.020912334322929382,  0.22826007008552551 -0.078975223004817963  0.038370896130800247 -0.078975223004817963   0.18830238282680511  0.028099194169044495  0.038370896130800247  0.028099194169044495    0.2551514208316803,     4.4572133123148561     0.96868793036986034       1.460088056184361     -3.7352354427460099    0.080471920163915911    -0.16251531057331903 -6.3343924772141236e-05,0.19600631296634674
IIWA_7,1715867595.3219507,-0.65324799552127566   1.5249213131187174   1.2124117362412155  -1.3768468067440751    -2.81801541722866 -0.91474839685675224  -0.4052933036227882,    0.41764830692700428    -0.16964409908670014    -0.14890728397474268      0.1939933002765688 -0.00027315639777434318   0.0046131284665983721     0.10213025677732648,  18.846381149291993   59.595967323303221  -22.800829753875732  -11.250310955047608  -2.1331484031677244   0.4992925109863281 -0.23162366485595703, -26.890472561094494  0.41461295773453122  -1.1067176399961349   9.0578399030669861 -0.21998394344186911  -1.9356079659775975   2.5085148879557733,0.60339492559432983 0.22866509854793549 0.21220216155052185,   -0.72518903017044067   -0.009634857065975666 -0.00018212627037428319     0.68848240375518799,-0.0055198459886014462    0.18435777723789215  -0.023270301520824432,-0.054361917078495026   0.69175601005554199  0.020912334322929382,  0.22826346755027771 -0.078907385468482971  0.038456477224826813 -0.078907385468482971   0.18830491602420807  0.028164854273200035  0.038456477224826813  0.028164854273200035   0.25511053204536438,     4.4532602526929921     0.96860076839444531      1.4682449322540592     -3.7286549545099135    0.083343422883075391    -0.15928348131311054 -6.4077976702492379e-05,0.17288084328174591
IIWA_7,1715867595.3269515,-0.65155744080986133   1.5241283168825874   1.2115443179658667  -1.3750431808770704  -2.8180156090403452 -0.91586227067594739 -0.40379467633331401,    0.40174083399817651    -0.16743512871455768    -0.15382255819374424     0.22733967490144169 -0.00022619758562754538   -0.040864449994527048     0.14164929700082907,   17.87180009841919   59.226298648834231  -22.291092681884766  -10.722086009979249  -2.0680006599426268   1.1334207000732421 -0.32307162475585938, -25.343939537860201  0.64022557350837928 -0.71047717275202982   8.0609366099259905 -0.34672333468668448  -2.0868567243179532   2.4519598166659842,0.60367751121520996 0.22904229164123535  0.2120644599199295,   -0.7256009578704834 -0.0097333434969186783 0.00031029590172693133    0.68804681301116943,0.0068224342539906502   0.16263817250728607 -0.023844096809625626,-0.054361917078495026   0.69175601005554199  0.020912334322929382,  0.22824127972126007 -0.078832507133483887  0.038542825728654861 -0.078832507133483887   0.18832585215568542  0.028225529938936234  0.038542825728654861  0.028225529938936234   0.25507262349128723,     4.4480413308471967     0.96822036311117188      1.4756984384449723     -3.7210306419925843    0.086293535499493146    -0.15571537597836027 -6.4768584273622309e-05,0.15299323201179504
IIWA_7,1715867595.3319254,-0.64996222067276321   1.5233555741015963   1.2107461686451204  -1.3731538079656629  -2.8180151297729323 -0.91721481030728802 -0.40195761453933027,    0.38520147268246596    -0.16485781421129228    -0.15498401938484696     0.25744665637745578 -0.00016178737198734426   -0.086793145249246945      0.1868019093600129,  16.273487174987793   58.970891201019285  -22.142309322357178  -9.3513422775268555  -2.0266230392456053  0.73391994094848634 -0.25532003402709963, -23.973779106584924   0.8299189970827956 -0.38027415964236333   7.2447700282194143 -0.49784616742473498  -2.1628201046957853   2.3557487243763919,0.60395121574401855 0.22936077415943146 0.21196283400058746,  -0.72597086429595947  -0.009753076359629631 0.00095650233561173081    0.68765562772750854, 0.016355786472558975   0.14291243255138397 -0.022843334823846817,-0.054361917078495026   0.69175601005554199  0.020912334322929382,  0.22819040715694427 -0.078748419880867004  0.038626983761787415 -0.078748419880867004   0.18836411833763123  0.028278116136789322  0.038626983761787415  0.028278116136789322    0.2550412118434906,    4.4414885348516009    0.96746507849410079     1.4823506140082543    -3.7122801660673943    0.08934846697616905    -0.1516239650136697 -6.536450314342801e-05,0.13544280827045441
IIWA_7,1715867595.3369241,-0.64723353245037329   1.5218753425824381   1.2093383218205287  -1.3691710305352955  -2.8180249088527312 -0.92087443304533145 -0.39726932582883867,    0.34412799252574205    -0.15865184732013879    -0.14963377150295593     0.30832537126899096 -0.00045098870665618386    -0.18843445060628605     0.28966881484615192,  15.060973922729492   59.476329097747801  -23.276232204437257  -8.6769750976562499  -2.0213407897949218  0.82603540420532229 -0.20258726882934569, -22.691470287367185   1.0166041607505678 -0.13808601708561641   6.5195190082045817 -0.67967387389959155  -2.1953883937198859    2.225592249995203,0.60423988103866577 0.22960765659809113 0.21191568672657013,  -0.72629272937774658 -0.0096810013055801392  0.0017193038947880268    0.68731522560119629,  0.02458840049803257   0.12427313625812531 -0.019850000739097595,-0.054361917078495026   0.69175601005554199  0.020912334322929382,  0.22810383141040802 -0.078661337494850159   0.03870692104101181 -0.078661337494850159   0.18842326104640961  0.028316657990217209   0.03870692104101181  0.028316657990217209   0.25501981377601624,     4.4337901411823921     0.96612769703341428      1.4878351488505359     -3.7026009588840836    0.092381550027553772    -0.14727059736419079 -6.5876850641188867e-05,0.119240902364254
IIWA_7,1715867595.3419251,-0.64723353245037329   1.5218753425824381   1.2093383218205287  -1.3691710305352955  -2.8180249088527312 -0.92087443304533145 -0.39726932582883867,    0.34412799252574205    -0.15865184732013879    -0.14963377150295593     0.30832537126899096 -0.00045098870665618386    -0.18843445060628605     0.28966881484615192,  15.060973922729492   59.476329097747801  -23.276232204437257  -8.6769750976562499  -2.0213407897949218  0.82603540420532229 -0.20258726882934569, -21.400130239417187   1.2103809976679263 0.044644057224076494   5.8527214759875594 -0.88809119334039677  -2.1730486532900266   2.0651239078233288,0.60453265905380249 0.22974967956542969 0.21192961931228638,  -0.72655779123306274 -0.0095303943380713463  0.0026137824170291424    0.68703430891036987, 0.031346149742603302   0.10516329854726791 -0.015004655346274376,-0.054361917078495026   0.69175601005554199  0.020912334322929382, 0.22797143459320068 -0.07856682687997818 0.038783375173807144 -0.07856682687997818  0.18851125240325928 0.028339928016066551 0.038783375173807144 0.028339928016066551  0.25500947237014771,    4.4243286056016018    0.96416195605719679      1.491925126165583    -3.6915101008414553   0.095444683728018731   -0.14247938795364234 -6.626516757535228e-05,0.10299070924520493
IIWA_7,1715867595.3469243,-0.64609347312916121   1.5211949980774628   1.2086950685074014   -1.367107406896612  -2.8180327705138142 -0.92321141680553021  -0.3944352364093392,    0.32090476686907699    -0.15413525805512016    -0.14543714972745725     0.32920524256253314 -0.00067525740864572931    -0.24422691089297893     0.34509862865690055,  14.460094295501708   59.223610149383546  -23.801816024780273  -7.9286564254760741  -2.1445932769775391   1.3109765930175781 -0.23395992660522461, -20.11977626421681  1.3831834665439364 0.19972719371861647  5.2503742223942105 -1.1116503419424013 -2.1080774687452601  1.8704444460416287,0.60482263565063477 0.22979383170604706 0.21199104189872742,  -0.72676563262939453 -0.0092837624251842499   0.003642355790361762     0.6868131160736084,  0.036642592400312424   0.085949398577213287 -0.0092309359461069107,-0.054361917078495026   0.69175601005554199  0.020912334322929382,  0.22780027985572815 -0.078466333448886871  0.038855746388435364 -0.078466333448886871     0.188624307513237  0.028349999338388443  0.038855746388435364  0.028349999338388443   0.25500816106796265,     4.4133736362175213     0.96169369830612084      1.4946739162056133     -3.6792999358805645    0.098485486310195824    -0.13736087926741192 -6.6538746068545152e-05,0.087302297353744507
IIWA_7,1715867595.3519254,-0.64511268415608913   1.5205533626845522   1.2080805174610723  -1.3649686422521408  -2.8180471515032517 -0.92580827856418779 -0.39131280648918859,   0.29595537241814468   -0.14897362216052101   -0.14093176163513083    0.34891477982887731 -0.0011154455044170807   -0.29925599906068667    0.40097609973154463,  14.996449935913086   59.714261299133298  -23.760438404083253  -7.4638184738159179  -2.0063744163513184   1.0940380020141602 -0.18890345001220704,-18.876313080386268  1.5167010698727896  0.3564375860343838  4.7440313107092926 -1.3391214470906747 -1.9860090854320003  1.6449794335986669,0.60508930683135986 0.22974318265914917 0.21208843588829041,  -0.72691380977630615 -0.0089677022770047188  0.0048376875929534435    0.68665307760238647,  0.039941444993019104   0.066763117909431458 -0.0031813448294997215,-0.054361917078495026   0.69175601005554199  0.020912334322929382,  0.22759155929088593 -0.078353136777877808  0.038924969732761383 -0.078353136777877808   0.18876199424266815  0.028350373730063438  0.038924969732761383  0.028350373730063438   0.25501415133476257,      4.400580491364714     0.95883606562985335      1.4962197338075356     -3.6656670178301098     0.10162913852873601      -0.131611734047965 -6.6657907638045799e-05,0.072397343814373016
IIWA_7,1715867595.356925,-0.64427049276066561   1.5199746444476805   1.2075251085326935    -1.36281004368605  -2.8180526163036728 -0.92872188332999572  -0.3879361911801007,  0.27045195375145653  -0.14232762720328573  -0.13496176644325658   0.36547576650673375 -0.001110948420376598   -0.3559489898808666   0.45584549214875147,  15.573133068084717   59.880948265075681  -23.605492420196533  -7.4233212280273433  -2.0310249137878418   1.2078473243713379 -0.13917444992065431,-17.586549680669826  1.6304247067161699 0.53235815417520294  4.2284169169214749 -1.5692046685403742 -1.8614804236905513  1.3974304804879929,0.60537040233612061 0.22958073019981384 0.21221193671226501,  -0.72702008485794067 -0.0085518835112452507  0.0061365040019154549    0.68653547763824463, 0.043147251009941101  0.046917770057916641 0.0026967336889356375,-0.054361917078495026   0.69175601005554199  0.020912334322929382,  0.22734132409095764 -0.078235328197479248  0.038993917405605316 -0.078235328197479248   0.18893057107925415  0.028339356184005737  0.038993917405605316  0.028339356184005737   0.25502586364746094,     4.3861274132570571     0.95549118755489104      1.4964078656030111     -3.6508094044602757     0.10472482020418283    -0.12572934407550918 -6.6706591361764822e-05,0.059315763413906097
IIWA_7,1715867595.3619237,-0.64352399547738437   1.5194544692444931   1.2070295009113063  -1.3606317909672523  -2.8180550131643343  -0.9319110653308843 -0.38433738836683379,   0.24622145433241502   -0.13466910989012329   -0.12779371801008998    0.37951072195729418 -0.0009846331627613638   -0.41232647194023647    0.50862850624967759,  15.394347854614258    59.27738013839722  -23.364269695281983  -6.6750025558471675  -1.9509107971191406   1.4087658348083496 -0.20458977890014649, -16.38304444595013  1.7088164207630918 0.67803243546912784  3.8194814430338719 -1.8014325479020963 -1.6861636126128563  1.1275732825991069,0.60562252998352051 0.22934098541736603 0.21237686276435852,  -0.72705584764480591 -0.0080825407058000565  0.0075799808837473392    0.68648892641067505, 0.044535953551530838  0.027919920161366463 0.0090359831228852272,-0.054361917078495026   0.69175601005554199  0.020912334322929382,   0.2270607054233551 -0.078107349574565887  0.039056211709976196 -0.078107349574565887   0.18911685049533844  0.028317676857113838  0.039056211709976196  0.028317676857113838   0.25504571199417114,     4.3703319470909108     0.95179828713476411      1.4953890726197017     -3.6349903103127801      0.1078465389028338    -0.11930902958390277 -6.6576977708621143e-05,0.049584124237298965
IIWA_7,1715867595.3669341, -0.6428533581664595   1.5189643743546315   1.2066088546358769  -1.3583957142904222  -2.8180557802365405 -0.93533783453044061 -0.38055312970341004,    0.22380265590292686    -0.12733908350656364    -0.11906082542525126      0.3930516446390403 -0.00081838941845701479    -0.46693194553444167     0.55827315153669188,  14.434553550720215   58.810925483703613  -23.177630214691163  -6.3968040847778322  -1.8884041786193848   1.3990870361328125 -0.20926230239868163,-15.319109727079095  1.7512790466987143 0.78800150470676567  3.5261478207474557 -2.0319213288275848 -1.4713097640093271 0.84349860261056597,0.60584443807601929 0.22904929518699646 0.21258023381233215,    -0.727028489112854 -0.0075774546712636948  0.0091565335169434547    0.68650442361831665,0.044417601078748703 0.010613082908093929 0.015621994622051716,-0.054361917078495026   0.69175601005554199  0.020912334322929382,  0.22675709426403046 -0.077969908714294434  0.039111379534006119 -0.077969908714294434   0.18931449949741364  0.028286965563893318  0.039111379534006119  0.028286965563893318   0.25507315993309021,      4.353539609343926     0.94782573255169922      1.4934059029707569     -3.6184613557148637     0.11101380413158779    -0.11235758551819686 -6.6282718869103974e-05,0.044868316501379013
IIWA_7,1715867595.3719251,-0.64226223631092616   1.5185059178117022   1.2062777904386324  -1.3561540651045398  -2.8180576976552567 -0.93897223049764189 -0.37663045323125066,    0.20268699894367503    -0.12020952852242327    -0.10849122822998064     0.40410728314652511 -0.00073140828341546342    -0.51892139511560442     0.60352558011572877,  13.427710506439208    58.80285998535156   -23.50689043045044  -6.4707555770874023   -1.942107048034668     1.23888623046875 -0.23963370513916016,-14.353750367094833   1.798038827699713 0.83701735965979962  3.2829723996769578 -2.2712765750200217  -1.243649847927125 0.55979419951817788,0.60606181621551514 0.22870601713657379 0.21283668279647827,  -0.72694772481918335 -0.0070482972078025341   0.010819940827786922    0.68657141923904419,  0.044114414602518082 -0.0053255367092788219   0.022998429834842682,-0.054361917078495026   0.69175601005554199  0.020912334322929382,   0.2264261394739151 -0.077827148139476776  0.039160050451755524 -0.077827148139476776   0.18952575325965881  0.028244094923138618  0.039160050451755524  0.028244094923138618    0.2551099956035614,     4.3358884322008961     0.94342369229938328      1.4904404583884201     -3.6012837695897915     0.11418108509353431    -0.10506232109630531 -6.5858553277564624e-05,0.046507913619279861
