RosTime,PositionForIiwa7,OrientationForIiwa7,PositionForIiwa14,OrientationForIiwa14
1715186492.8382375,0.55259531736373901 0.30356964468955994 0.28057974576950073,-0.0039349081926047802  0.0004421906778588891  -0.024807712063193321    0.99968439340591431,0.55259531736373901 0.30356964468955994 0.28057974576950073,-0.0039349081926047802  0.0004421906778588891  -0.024807712063193321    0.99968439340591431
1715186492.8432317,0.55259716510772705 0.30357635021209717 0.28056904673576355,-0.0039803264662623405 0.00043777536484412849  -0.024806296452879906    0.99968427419662476,0.55259716510772705 0.30357635021209717 0.28056904673576355,-0.0039803264662623405 0.00043777536484412849  -0.024806296452879906    0.99968427419662476
1715186492.8482301, 0.5526009202003479  0.3035787045955658 0.28056472539901733,-0.0039945445023477077 0.00045183088514022529  -0.024809237569570541    0.99968409538269043, 0.5526009202003479  0.3035787045955658 0.28056472539901733,-0.0039945445023477077 0.00045183088514022529  -0.024809237569570541    0.99968409538269043
1715186492.8531971,0.55259215831756592 0.30357822775840759 0.28058835864067078,-0.0039914101362228394 0.00043103317148052156  -0.024812189862132072    0.99968409538269043,0.55259215831756592 0.30357822775840759 0.28058835864067078,-0.0039914101362228394 0.00043103317148052156  -0.024812189862132072    0.99968409538269043
1715186492.8582315,0.55258357524871826 0.30359739065170288  0.2805885374546051,-0.0039496696554124355 0.00045646642684005201  -0.024803232401609421    0.99968445301055908,0.55258357524871826 0.30359739065170288  0.2805885374546051,-0.0039496696554124355 0.00045646642684005201  -0.024803232401609421    0.99968445301055908
1715186492.86325,0.55257844924926758 0.30359482765197754 0.28059583902359009,-0.0039780368097126484 0.00040011116652749479  -0.024808673188090324    0.99968421459197998,0.55257844924926758 0.30359482765197754 0.28059583902359009,-0.0039780368097126484 0.00040011116652749479  -0.024808673188090324    0.99968421459197998
1715186492.8682265,0.55257785320281982 0.30363243818283081  0.2805556058883667,-0.0040032556280493736 0.00045233822311274707   -0.02477196604013443    0.99968498945236206,0.55257785320281982 0.30363243818283081  0.2805556058883667,-0.0040032556280493736 0.00045233822311274707   -0.02477196604013443    0.99968498945236206
1715186492.8732293,0.55256307125091553 0.30370864272117615 0.28055748343467712,-0.0040148403495550156 0.00042096074321307242  -0.024725675582885742    0.99968612194061279,0.55256307125091553 0.30370864272117615 0.28055748343467712,-0.0040148403495550156 0.00042096074321307242  -0.024725675582885742    0.99968612194061279
1715186492.8782239,0.55258196592330933  0.3037962019443512 0.28055661916732788,-0.0040141330100595951 0.00044872082071378827  -0.024645920842885971    0.99968808889389038,0.55258196592330933  0.3037962019443512 0.28055661916732788,-0.0040141330100595951 0.00044872082071378827  -0.024645920842885971    0.99968808889389038
1715186492.8832483, 0.5525897741317749 0.30382606387138367 0.28055393695831299,-0.0040269452147185802 0.00044144663843326271  -0.024632703512907028    0.99968838691711426, 0.5525897741317749 0.30382606387138367 0.28055393695831299,-0.0040269452147185802 0.00044144663843326271  -0.024632703512907028    0.99968838691711426
1715186492.888226,0.55264657735824585  0.3038381040096283 0.28053620457649231,-0.0039593293331563473 0.00050285132601857185  -0.024634292349219322    0.99968856573104858,0.55264657735824585  0.3038381040096283 0.28053620457649231,-0.0039593293331563473 0.00050285132601857185  -0.024634292349219322    0.99968856573104858
1715186492.8932257,0.55271387100219727  0.3037949800491333 0.28052744269371033,-0.0039688637480139732 0.00051885418361052871  -0.024664193391799927     0.9996877908706665,0.55271387100219727  0.3037949800491333 0.28052744269371033,-0.0039688637480139732 0.00051885418361052871  -0.024664193391799927     0.9996877908706665
1715186492.8982255,0.55276608467102051 0.30375277996063232 0.28053835034370422,-0.0038914200849831104 0.00049502064939588308   -0.02475779689848423    0.99968576431274414,0.55276608467102051 0.30375277996063232 0.28053835034370422,-0.0038914200849831104 0.00049502064939588308   -0.02475779689848423    0.99968576431274414
1715186492.9032285,0.55278080701828003 0.30378782749176025  0.2805265486240387,-0.0039228387176990509 0.00048037228407338262  -0.024742264300584793    0.99968606233596802,0.55278080701828003 0.30378782749176025  0.2805265486240387,-0.0039228387176990509 0.00048037228407338262  -0.024742264300584793    0.99968606233596802
1715186492.9082255,0.55280637741088867  0.3037530779838562 0.28054130077362061,-0.0039442200213670731 0.00046788621693849564  -0.024758551269769669    0.99968558549880981,0.55280637741088867  0.3037530779838562 0.28054130077362061,-0.0039442200213670731 0.00046788621693849564  -0.024758551269769669    0.99968558549880981
1715186492.9132257,0.55278593301773071 0.30383673310279846 0.28052577376365662,-0.0040056598372757435 0.00047486295807175338  -0.024704920127987862    0.99968665838241577,0.55278593301773071 0.30383673310279846 0.28052577376365662,-0.0040056598372757435 0.00047486295807175338  -0.024704920127987862    0.99968665838241577
1715186492.9182312,0.55275386571884155 0.30389079451560974 0.28054022789001465,-0.0040023848414421082 0.00045644200872629881   -0.02467016875743866     0.9996875524520874,0.55275386571884155 0.30389079451560974 0.28054022789001465,-0.0040023848414421082 0.00045644200872629881   -0.02467016875743866     0.9996875524520874
1715186492.9232459,  0.552745521068573 0.30390492081642151  0.2805141806602478,-0.0040370151400566101 0.00047792922123335302  -0.024621980264782906    0.99968856573104858,  0.552745521068573 0.30390492081642151  0.2805141806602478,-0.0040370151400566101 0.00047792922123335302  -0.024621980264782906    0.99968856573104858
1715186492.9282529,0.55273109674453735 0.30390849709510803 0.28051260113716125,-0.0040252148173749447 0.00047613756032660604  -0.024593012407422066    0.99968934059143066,0.55273109674453735 0.30390849709510803 0.28051260113716125,-0.0040252148173749447 0.00047613756032660604  -0.024593012407422066    0.99968934059143066
1715186492.9332571,0.55273473262786865 0.30388200283050537      0.280517578125,-0.0039740591309964657 0.00048071795026771724  -0.024595297873020172    0.99968945980072021,0.55273473262786865 0.30388200283050537      0.280517578125,-0.0039740591309964657 0.00048071795026771724  -0.024595297873020172    0.99968945980072021
1715186492.9382505,0.55273091793060303 0.30385643243789673  0.2805311381816864,-0.0038891315925866365 0.00047472209553234279  -0.024580651894211769    0.99969017505645752,0.55273091793060303 0.30385643243789673  0.2805311381816864,-0.0038891315925866365 0.00047472209553234279  -0.024580651894211769    0.99969017505645752
1715186492.943224,0.55275613069534302 0.30382969975471497 0.28052803874015808,-0.0038518281653523445 0.00047413902939297259  -0.024599678814411163    0.99968987703323364,0.55275613069534302 0.30382969975471497 0.28052803874015808,-0.0038518281653523445 0.00047413902939297259  -0.024599678814411163    0.99968987703323364
1715186492.9482267,0.55276983976364136 0.30383026599884033 0.28054746985435486,-0.0038519799709320068 0.00046882542665116489  -0.024609522894024849    0.99968957901000977,0.55276983976364136 0.30383026599884033 0.28054746985435486,-0.0038519799709320068 0.00046882542665116489  -0.024609522894024849    0.99968957901000977
1715186492.9532263,0.55279874801635742 0.30382975935935974 0.28055772185325623,-0.0038939074147492647 0.00046954397112131119  -0.024622419849038124    0.99968910217285156,0.55279874801635742 0.30382975935935974 0.28055772185325623,-0.0038939074147492647 0.00046954397112131119  -0.024622419849038124    0.99968910217285156
1715186492.95823,0.55279922485351562 0.30385980010032654 0.28056314587593079,-0.0039376802742481232 0.00046741982805542648  -0.024628564715385437    0.99968880414962769,0.55279922485351562 0.30385980010032654 0.28056314587593079,-0.0039376802742481232 0.00046741982805542648  -0.024628564715385437    0.99968880414962769
1715186492.9632244,0.55282098054885864 0.30387184023857117 0.28055176138877869,-0.0040321275591850281 0.00045946336467750371  -0.024629132822155952    0.99968844652175903,0.55282098054885864 0.30387184023857117 0.28055176138877869,-0.0040321275591850281 0.00045946336467750371  -0.024629132822155952    0.99968844652175903
1715186492.9682512,0.55281490087509155 0.30393308401107788 0.28053027391433716,-0.0040808343328535557 0.00045583955943584442  -0.024596935138106346    0.99968904256820679,0.55281490087509155 0.30393308401107788 0.28053027391433716,-0.0040808343328535557 0.00045583955943584442  -0.024596935138106346    0.99968904256820679
1715186492.9732306,0.55280643701553345 0.30390629172325134 0.28055605292320251,-0.0041165766306221485  0.0004520334186963737  -0.024609185755252838    0.99968856573104858,0.55280643701553345 0.30390629172325134 0.28055605292320251,-0.0041165766306221485  0.0004520334186963737  -0.024609185755252838    0.99968856573104858
1715186492.978224,0.55281859636306763  0.3038928210735321 0.28054982423782349,-0.0040525710210204124 0.00049347337335348129  -0.024625204503536224    0.99968844652175903,0.55281859636306763  0.3038928210735321 0.28054982423782349,-0.0040525710210204124 0.00049347337335348129  -0.024625204503536224    0.99968844652175903
1715186492.9832647,0.55281913280487061 0.30387023091316223 0.28056669235229492,-0.0040072952397167683 0.00048591141239739954  -0.024622177705168724    0.99968868494033813,0.55281913280487061 0.30387023091316223 0.28056669235229492,-0.0040072952397167683 0.00048591141239739954  -0.024622177705168724    0.99968868494033813
1715186492.9882271,0.55281895399093628 0.30384206771850586 0.28055095672607422,-0.0039375401102006435 0.00047892014845274389  -0.024621389806270599    0.99968898296356201,0.55281895399093628 0.30384206771850586 0.28055095672607422,-0.0039375401102006435 0.00047892014845274389  -0.024621389806270599    0.99968898296356201
1715186492.9932542,0.55282986164093018   0.303810715675354 0.28055745363235474,-0.0038806067313998938 0.00048730403068475425  -0.024611134082078934    0.99968945980072021,0.55282986164093018   0.303810715675354 0.28055745363235474,-0.0038806067313998938 0.00048730403068475425  -0.024611134082078934    0.99968945980072021
1715186492.998224,0.55285054445266724 0.30382034182548523 0.28052741289138794,  -0.00388499372638762 0.00047719766735099256  -0.024625236168503761    0.99968910217285156,0.55285054445266724 0.30382034182548523 0.28052741289138794,  -0.00388499372638762 0.00047719766735099256  -0.024625236168503761    0.99968910217285156
1715186493.0032167,0.55283486843109131 0.30385053157806396 0.28058212995529175,-0.0039223693311214447 0.00044477108167484403  -0.024619108065962791    0.99968910217285156,0.55283486843109131 0.30385053157806396 0.28058212995529175,-0.0039223693311214447 0.00044477108167484403  -0.024619108065962791    0.99968910217285156
1715186493.008224,0.55283612012863159 0.30390015244483948 0.28055456280708313,-0.0040485281497240067 0.00045376108027994633  -0.024613916873931885    0.99968874454498291,0.55283612012863159 0.30390015244483948 0.28055456280708313,-0.0040485281497240067 0.00045376108027994633  -0.024613916873931885    0.99968874454498291
1715186493.0132236, 0.5528411865234375 0.30391249060630798 0.28055283427238464,-0.0040741777047514915 0.00048300783964805305  -0.024600043892860413    0.99968898296356201, 0.5528411865234375 0.30391249060630798 0.28055283427238464,-0.0040741777047514915 0.00048300783964805305  -0.024600043892860413    0.99968898296356201
1715186493.0182545,0.55282646417617798 0.30394431948661804 0.28055837750434875,-0.0041083642281591892 0.00042715889867395163  -0.024581665173172951    0.99968928098678589,0.55282646417617798 0.30394431948661804 0.28055837750434875,-0.0041083642281591892 0.00042715889867395163  -0.024581665173172951    0.99968928098678589
1715186493.0232291,0.55283045768737793 0.30394414067268372  0.2805473804473877,-0.0041216509416699409 0.00046544789802283049  -0.024579908698797226    0.99968928098678589,0.55283045768737793 0.30394414067268372  0.2805473804473877,-0.0041216509416699409 0.00046544789802283049  -0.024579908698797226    0.99968928098678589
1715186493.0282426,0.55282193422317505 0.30390816926956177  0.2805904746055603,-0.0040282607078552246 0.00045958097325637937  -0.024581080302596092    0.99968963861465454,0.55282193422317505 0.30390816926956177  0.2805904746055603,-0.0040282607078552246 0.00045958097325637937  -0.024581080302596092    0.99968963861465454
1715186493.0332274,0.55284017324447632 0.30387541651725769 0.28054344654083252,-0.0039631198160350323  0.0004640262050088495  -0.024594457820057869    0.99968951940536499,0.55284017324447632 0.30387541651725769 0.28054344654083252,-0.0039631198160350323  0.0004640262050088495  -0.024594457820057869    0.99968951940536499
1715186493.0382266,0.55284959077835083 0.30383789539337158 0.28055876493453979,-0.0039061729330569506 0.00045538871199823916  -0.024604111909866333    0.99968951940536499,0.55284959077835083 0.30383789539337158 0.28055876493453979,-0.0039061729330569506 0.00045538871199823916  -0.024604111909866333    0.99968951940536499
1715186493.0432425,0.55286717414855957 0.30380895733833313 0.28054714202880859,-0.0038446041289716959 0.00048259063623845577  -0.024605913087725639    0.99968969821929932,0.55286717414855957 0.30380895733833313 0.28054714202880859,-0.0038446041289716959 0.00048259063623845577  -0.024605913087725639    0.99968969821929932
1715186493.0482249,0.55287092924118042 0.30380561947822571 0.28055897355079651,-0.0038210183847695589 0.00047366181388497353  -0.024598365649580956    0.99968999624252319,0.55287092924118042 0.30380561947822571 0.28055897355079651,-0.0038210183847695589 0.00047366181388497353  -0.024598365649580956    0.99968999624252319
1715186493.0532398,0.55287027359008789 0.30382224917411804 0.28055030107498169,-0.0038925125263631344 0.00048073229845613241  -0.024607567116618156    0.99968951940536499,0.55287027359008789 0.30382224917411804 0.28055030107498169,-0.0038925125263631344 0.00048073229845613241  -0.024607567116618156    0.99968951940536499
1715186493.0582342,0.55287188291549683  0.3038419783115387 0.28057914972305298,-0.0039534815587103367 0.00048760735080577433  -0.024598440155386925    0.99968945980072021,0.55287188291549683  0.3038419783115387 0.28057914972305298,-0.0039534815587103367 0.00048760735080577433  -0.024598440155386925    0.99968945980072021
1715186493.063226,0.55285954475402832 0.30385279655456543 0.28058910369873047, -0.004016973078250885 0.00042137014679610729  -0.024644138291478157    0.99968814849853516,0.55285954475402832 0.30385279655456543 0.28058910369873047, -0.004016973078250885 0.00042137014679610729  -0.024644138291478157    0.99968814849853516
1715186493.0682256,0.55285817384719849 0.30387073755264282 0.28055199980735779,-0.0040518310852348804 0.00048121603322215378  -0.024613864719867706    0.99968868494033813,0.55285817384719849 0.30387073755264282 0.28055199980735779,-0.0040518310852348804 0.00048121603322215378  -0.024613864719867706    0.99968868494033813
1715186493.073225,0.55284708738327026 0.30387398600578308 0.28054466843605042, -0.004086764995008707 0.00042896403465420008  -0.024596076458692551    0.99968904256820679,0.55284708738327026 0.30387398600578308 0.28054466843605042, -0.004086764995008707 0.00042896403465420008  -0.024596076458692551    0.99968904256820679
1715186493.0782363,0.55285990238189697 0.30383598804473877 0.28056648373603821,-0.0039902129210531712  0.0004708447668235749  -0.024599593132734299    0.99968928098678589,0.55285990238189697 0.30383598804473877 0.28056648373603821,-0.0039902129210531712  0.0004708447668235749  -0.024599593132734299    0.99968928098678589
1715186493.0832236,0.55286926031112671  0.3037962019443512 0.28055921196937561, -0.003929629921913147 0.00047847212408669293  -0.024596072733402252    0.99968963861465454,0.55286926031112671  0.3037962019443512 0.28055921196937561, -0.003929629921913147 0.00047847212408669293  -0.024596072733402252    0.99968963861465454
1715186493.0882244,0.55287575721740723 0.30380266904830933 0.28054147958755493,-0.0039001537952572107 0.00048516035894863307  -0.024611437693238258    0.99968934059143066,0.55287575721740723 0.30380266904830933 0.28054147958755493,-0.0039001537952572107 0.00048516035894863307  -0.024611437693238258    0.99968934059143066
1715186493.093224,0.55287575721740723 0.30380266904830933 0.28054147958755493,-0.0039001537952572107 0.00048516035894863307  -0.024611437693238258    0.99968934059143066,0.55287575721740723 0.30380266904830933 0.28054147958755493,-0.0039001537952572107 0.00048516035894863307  -0.024611437693238258    0.99968934059143066
1715186493.0982227,0.55239731073379517 0.30461147427558899 0.28108465671539307, -0.0044156662188470364 -0.00036534271202981472   -0.024078121408820152     0.99970024824142456,0.55239731073379517 0.30461147427558899 0.28108465671539307, -0.0044156662188470364 -0.00036534271202981472   -0.024078121408820152     0.99970024824142456
1715186493.1032341,0.55285954475402832 0.30381053686141968 0.28058773279190063,-0.0039821402169764042 0.00033844527206383646  -0.024621907621622086    0.99968886375427246,0.55285954475402832 0.30381053686141968 0.28058773279190063,-0.0039821402169764042 0.00033844527206383646  -0.024621907621622086    0.99968886375427246
1715186493.1082277,0.55285954475402832 0.30381053686141968 0.28058773279190063,-0.0039821402169764042 0.00033844527206383646  -0.024621907621622086    0.99968886375427246,0.55285954475402832 0.30381053686141968 0.28058773279190063,-0.0039821402169764042 0.00033844527206383646  -0.024621907621622086    0.99968886375427246
1715186493.1132512,0.55284720659255981 0.30387100577354431 0.28060200810432434, -0.004196749534457922 0.00030638353200629354  -0.024653395637869835    0.99968719482421875,0.55284720659255981 0.30387100577354431 0.28060200810432434, -0.004196749534457922 0.00030638353200629354  -0.024653395637869835    0.99968719482421875
1715186493.118233,0.55282688140869141 0.30389049649238586  0.2806122899055481,-0.0042296955361962318 0.00023601055727340281   -0.02464834600687027    0.99968719482421875,0.55282688140869141 0.30389049649238586  0.2806122899055481,-0.0042296955361962318 0.00023601055727340281   -0.02464834600687027    0.99968719482421875
1715186493.1232316,0.55283164978027344 0.30390399694442749 0.28061184287071228,-0.0041880542412400246 0.00031055771978572011  -0.024603912606835365    0.99968844652175903,0.55283164978027344 0.30390399694442749 0.28061184287071228,-0.0041880542412400246 0.00031055771978572011  -0.024603912606835365    0.99968844652175903
1715186493.1282282,0.55284273624420166 0.30386808514595032 0.28062564134597778,-0.0041278251446783543 0.00030195032013580203  -0.024635646492242813    0.99968791007995605,0.55284273624420166 0.30386808514595032 0.28062564134597778,-0.0041278251446783543 0.00030195032013580203  -0.024635646492242813    0.99968791007995605
1715186493.1332271,0.55283951759338379 0.30385541915893555 0.28063824772834778,-0.0040366738103330135 0.00031706099980510771  -0.024618329480290413    0.99968874454498291,0.55283951759338379 0.30385541915893555 0.28063824772834778,-0.0040366738103330135 0.00031706099980510771  -0.024618329480290413    0.99968874454498291
1715186493.1382339,0.55283808708190918 0.30383914709091187 0.28064301609992981,-0.0040344288572669029  0.0003046502242796123  -0.024610927328467369    0.99968892335891724,0.55283808708190918 0.30383914709091187 0.28064301609992981,-0.0040344288572669029  0.0003046502242796123  -0.024610927328467369    0.99968892335891724
1715186493.1432269,0.55284398794174194 0.30382353067398071 0.28064972162246704,-0.0040079834870994091 0.00029639969579875469  -0.024632774293422699    0.99968850612640381,0.55284398794174194 0.30382353067398071 0.28064972162246704,-0.0040079834870994091 0.00029639969579875469  -0.024632774293422699    0.99968850612640381
1715186493.1482296,0.55285125970840454 0.30383589863777161 0.28063574433326721,-0.0040349350310862064 0.00031305974698625505  -0.024623896926641464    0.99968856573104858,0.55285125970840454 0.30383589863777161 0.28063574433326721,-0.0040349350310862064 0.00031305974698625505  -0.024623896926641464    0.99968856573104858
1715186493.15323,0.55284887552261353 0.30385676026344299 0.28065565228462219,-0.0040753115899860859 0.00027820075047202408   -0.02463206835091114    0.99968826770782471,0.55284887552261353 0.30385676026344299 0.28065565228462219,-0.0040753115899860859 0.00027820075047202408   -0.02463206835091114    0.99968826770782471
1715186493.1582284,0.55283552408218384 0.30386814475059509 0.28064942359924316,-0.0040727942250669003 0.00029164116131141782  -0.024616861715912819    0.99968862533569336,0.55283552408218384 0.30386814475059509 0.28064942359924316,-0.0040727942250669003 0.00029164116131141782  -0.024616861715912819    0.99968862533569336
1715186493.1632273,0.55284816026687622 0.30388352274894714 0.28063255548477173,-0.0041278726421296597 0.00030765988049097359  -0.024604188278317451    0.99968868494033813,0.55284816026687622 0.30388352274894714 0.28063255548477173,-0.0041278726421296597 0.00030765988049097359  -0.024604188278317451    0.99968868494033813
1715186493.1682289,0.55284571647644043 0.30386728048324585 0.28065347671508789,-0.0041169989854097366 0.00031624725670553744  -0.024623708799481392    0.99968826770782471,0.55284571647644043 0.30386728048324585 0.28065347671508789,-0.0041169989854097366 0.00031624725670553744  -0.024623708799481392    0.99968826770782471
1715186493.1732295,0.55284970998764038 0.30386409163475037 0.28062406182289124, -0.004087069071829319 0.00026215706020593643  -0.024630844593048096    0.99968820810317993,0.55284970998764038 0.30386409163475037 0.28062406182289124, -0.004087069071829319 0.00026215706020593643  -0.024630844593048096    0.99968820810317993
1715186493.1782277,0.55284857749938965 0.30384600162506104 0.28063800930976868, -0.004087498877197504 0.00029207463376224041   -0.02463836595416069    0.99968802928924561,0.55284857749938965 0.30384600162506104 0.28063800930976868, -0.004087498877197504 0.00029207463376224041   -0.02463836595416069    0.99968802928924561
1715186493.1832273,0.55284684896469116 0.30383375287055969 0.28064808249473572,-0.0040514450520277023 0.00030010237242095172   -0.02464454248547554    0.99968802928924561,0.55284684896469116 0.30383375287055969 0.28064808249473572,-0.0040514450520277023 0.00030010237242095172   -0.02464454248547554    0.99968802928924561
1715186493.1882305,0.55286413431167603 0.30382275581359863 0.28061819076538086,-0.0040038186125457287 0.00030106664053164423  -0.024633031338453293    0.99968850612640381,0.55286413431167603 0.30382275581359863 0.28061819076538086,-0.0040038186125457287 0.00030106664053164423  -0.024633031338453293    0.99968850612640381
1715186493.1932294,0.55285245180130005 0.30383601784706116  0.2806251049041748,-0.0040392600931227207 0.00026642359443940222  -0.024643601849675179    0.99968808889389038,0.55285245180130005 0.30383601784706116  0.2806251049041748,-0.0040392600931227207 0.00026642359443940222  -0.024643601849675179    0.99968808889389038
1715186493.1982279,0.55284661054611206 0.30381041765213013 0.28064221143722534,-0.0040623079985380173 0.00025495060253888369  -0.024633383378386497    0.99968826770782471,0.55284661054611206 0.30381041765213013 0.28064221143722534,-0.0040623079985380173 0.00025495060253888369  -0.024633383378386497    0.99968826770782471
1715186493.2032301,0.55286920070648193 0.30379346013069153 0.28062516450881958,-0.0040318584069609642 0.00026436295593157411  -0.024661807343363762    0.99968767166137695,0.55286920070648193 0.30379346013069153 0.28062516450881958,-0.0040318584069609642 0.00026436295593157411  -0.024661807343363762    0.99968767166137695
1715186493.2082286,0.55288302898406982 0.30379021167755127  0.2806486189365387,-0.0040696715004742146 0.00027623109053820372   -0.02464638464152813    0.99968791007995605,0.55288302898406982 0.30379021167755127  0.2806486189365387,-0.0040696715004742146 0.00027623109053820372   -0.02464638464152813    0.99968791007995605
1715186493.2132289,0.55288344621658325  0.3037949800491333 0.28062781691551208,-0.0040936069563031197 0.00025508421822451055  -0.024667926132678986     0.9996873140335083,0.55288344621658325  0.3037949800491333 0.28062781691551208,-0.0040936069563031197 0.00025508421822451055  -0.024667926132678986     0.9996873140335083
1715186493.2182178,0.55287730693817139 0.30380675196647644 0.28062734007835388,-0.0040870546363294125 0.00027286264230497181  -0.024644272401928902    0.99968791007995605,0.55287730693817139 0.30380675196647644 0.28062734007835388,-0.0040870546363294125 0.00027286264230497181  -0.024644272401928902    0.99968791007995605
1715186493.2232566, 0.5528796911239624 0.30381304025650024 0.28064188361167908, -0.004094807431101799 0.00028437550645321608  -0.024628063663840294    0.99968826770782471, 0.5528796911239624 0.30381304025650024 0.28064188361167908, -0.004094807431101799 0.00028437550645321608  -0.024628063663840294    0.99968826770782471
1715186493.2282252,0.55287480354309082 0.30379897356033325 0.28065377473831177,-0.0040794378146529198 0.00025900948094204068  -0.024634398519992828    0.99968814849853516,0.55287480354309082 0.30379897356033325 0.28065377473831177,-0.0040794378146529198 0.00025900948094204068  -0.024634398519992828    0.99968814849853516
1715186493.233252,0.55284839868545532 0.30379751324653625 0.28067731857299805,-0.0040458994917571545 0.00024526621564291418  -0.024606546387076378    0.99968898296356201,0.55284839868545532 0.30379751324653625 0.28067731857299805,-0.0040458994917571545 0.00024526621564291418  -0.024606546387076378    0.99968898296356201
1715186493.2382555,0.55276596546173096  0.3037618100643158 0.28089624643325806,-0.0039112200029194355 0.00013272803334984928  -0.024550464004278183     0.9996909499168396,0.55276596546173096  0.3037618100643158 0.28089624643325806,-0.0039112200029194355 0.00013272803334984928  -0.024550464004278183     0.9996909499168396
1715186493.2432554,0.55278581380844116  0.3038482666015625 0.28067436814308167,-0.0040046935901045799 0.00025949024711735547  -0.024489400908350945    0.99969202280044556,0.55278581380844116  0.3038482666015625 0.28067436814308167,-0.0040046935901045799 0.00025949024711735547  -0.024489400908350945    0.99969202280044556
1715186493.2482276,0.55278414487838745 0.30386501550674438 0.28071531653404236,-0.0039530782960355282 0.00028425874188542366  -0.024478835985064507    0.99969249963760376,0.55278414487838745 0.30386501550674438 0.28071531653404236,-0.0039530782960355282 0.00028425874188542366  -0.024478835985064507    0.99969249963760376
1715186493.2532375,0.55279242992401123 0.30389773845672607 0.28067505359649658,-0.0039849109016358852 0.00029021393856965005  -0.024452820420265198    0.99969297647476196,0.55279242992401123 0.30389773845672607 0.28067505359649658,-0.0039849109016358852 0.00029021393856965005  -0.024452820420265198    0.99969297647476196
1715186493.2582521,0.55278533697128296 0.30389389395713806 0.28070038557052612,-0.0040193912573158741 0.00027955518453381956  -0.024459294974803925    0.99969267845153809,0.55278533697128296 0.30389389395713806 0.28070038557052612,-0.0040193912573158741 0.00027955518453381956  -0.024459294974803925    0.99969267845153809
1715186493.2632558, 0.5527719259262085 0.30391040444374084 0.28073403239250183,-0.0040180929936468601 0.00026914355112239718  -0.024437682703137398    0.99969321489334106, 0.5527719259262085 0.30391040444374084 0.28073403239250183,-0.0040180929936468601 0.00026914355112239718  -0.024437682703137398    0.99969321489334106
1715186493.2682285,0.55278712511062622 0.30392226576805115  0.2806658148765564,-0.0040757535025477409 0.00029180504498071969  -0.024445943534374237    0.99969279766082764,0.55278712511062622 0.30392226576805115  0.2806658148765564,-0.0040757535025477409 0.00029180504498071969  -0.024445943534374237    0.99969279766082764
1715186493.2731795,0.55278921127319336 0.30391368269920349 0.28069263696670532,-0.0040454794652760029  0.0002509233308956027  -0.024462839588522911    0.99969249963760376,0.55278921127319336 0.30391368269920349 0.28069263696670532,-0.0040454794652760029  0.0002509233308956027  -0.024462839588522911    0.99969249963760376
1715186493.2782276,0.55277884006500244 0.30391734838485718 0.28069359064102173,-0.0040449374355375767 0.00029971325420774519  -0.024434637278318405    0.99969321489334106,0.55277884006500244 0.30391734838485718 0.28069359064102173,-0.0040449374355375767 0.00029971325420774519  -0.024434637278318405    0.99969321489334106
1715186493.2832301,0.55278998613357544 0.30390238761901855 0.28065481781959534,-0.0040445537306368351  0.0002705965016502887  -0.024455210193991661    0.99969273805618286,0.55278998613357544 0.30390238761901855 0.28065481781959534,-0.0040445537306368351  0.0002705965016502887  -0.024455210193991661    0.99969273805618286
1715186493.288228,0.55278438329696655 0.30392232537269592 0.28068038821220398,-0.0039872545748949051 0.00027175748255103827  -0.024449747055768967    0.99969309568405151,0.55278438329696655 0.30392232537269592 0.28068038821220398,-0.0039872545748949051 0.00027175748255103827  -0.024449747055768967    0.99969309568405151
1715186493.2932272,0.55277979373931885 0.30390337109565735 0.28073140978813171,-0.0039473413489758968 0.00024972532992251217  -0.024435529485344887    0.99969357252120972,0.55277979373931885 0.30390337109565735 0.28073140978813171,-0.0039473413489758968 0.00024972532992251217  -0.024435529485344887    0.99969357252120972
1715186493.2982426,0.55278819799423218 0.30388766527175903  0.2806830108165741,-0.0040310816839337349 0.00022395866108126938  -0.024469649419188499    0.99969244003295898,0.55278819799423218 0.30388766527175903  0.2806830108165741,-0.0040310816839337349 0.00022395866108126938  -0.024469649419188499    0.99969244003295898
1715186493.3032281,0.55277955532073975  0.3038991391658783  0.2807040810585022,-0.0040424666367471218 0.00028099343762733042  -0.024427592754364014    0.99969339370727539,0.55277955532073975  0.3038991391658783  0.2807040810585022,-0.0040424666367471218 0.00028099343762733042  -0.024427592754364014    0.99969339370727539
1715186493.3082302,0.55279088020324707 0.30393359065055847 0.28065115213394165,-0.0040778969414532185 0.00027478171978145838     -0.024428715929389    0.99969321489334106,0.55279088020324707 0.30393359065055847 0.28065115213394165,-0.0040778969414532185 0.00027478171978145838     -0.024428715929389    0.99969321489334106
1715186493.3132274,0.55230158567428589 0.30487215518951416  0.2809377908706665, -0.0042835036292672157 -7.3216520831920207e-05   -0.023804128170013428     0.99970746040344238,0.55230158567428589 0.30487215518951416  0.2809377908706665, -0.0042835036292672157 -7.3216520831920207e-05   -0.023804128170013428     0.99970746040344238
1715186493.3182244,0.55235648155212402 0.30471101403236389 0.28096804022789001,-0.0042863204143941402 -5.461734690470621e-05  -0.023951714858412743    0.99970394372940063,0.55235648155212402 0.30471101403236389 0.28096804022789001,-0.0042863204143941402 -5.461734690470621e-05  -0.023951714858412743    0.99970394372940063
1715186493.323226,0.55235385894775391 0.30471482872962952 0.28094202280044556, -0.0043107043020427227 -7.4133218731731176e-05   -0.023918282240629196     0.99970459938049316,0.55235385894775391 0.30471482872962952 0.28094202280044556, -0.0043107043020427227 -7.4133218731731176e-05   -0.023918282240629196     0.99970459938049316
1715186493.3282278,0.55235278606414795 0.30469322204589844 0.28098320960998535,-0.0042483340948820114 -7.519485370721668e-05  -0.023945055902004242    0.99970424175262451,0.55235278606414795 0.30469322204589844 0.28098320960998535,-0.0042483340948820114 -7.519485370721668e-05  -0.023945055902004242    0.99970424175262451
1715186493.3332682,0.55237621068954468 0.30465555191040039 0.28097271919250488, -0.0042185639031231403 -4.2322979425080121e-05   -0.023944778367877007     0.99970436096191406,0.55237621068954468 0.30465555191040039 0.28097271919250488, -0.0042185639031231403 -4.2322979425080121e-05   -0.023944778367877007     0.99970436096191406
1715186493.3382339,0.55235552787780762 0.30467581748962402 0.28097033500671387, -0.0042030424810945988 -7.7588825661223382e-05    -0.02393997460603714     0.99970453977584839,0.55235552787780762 0.30467581748962402 0.28097033500671387, -0.0042030424810945988 -7.7588825661223382e-05    -0.02393997460603714     0.99970453977584839
1715186493.3432293,0.55237609148025513 0.30465951561927795 0.28095093369483948, -0.0041989204473793507 -5.0486381951486692e-05   -0.023958764970302582     0.99970412254333496,0.55237609148025513 0.30465951561927795 0.28095093369483948, -0.0041989204473793507 -5.0486381951486692e-05   -0.023958764970302582     0.99970412254333496
1715186493.3482277,0.55237734317779541  0.3046468198299408 0.28098323941230774, -0.0042148148640990257 -4.1831004637060687e-05   -0.023956101387739182     0.99970412254333496,0.55237734317779541  0.3046468198299408 0.28098323941230774, -0.0042148148640990257 -4.1831004637060687e-05   -0.023956101387739182     0.99970412254333496
1715186493.3532295,0.55237734317779541 0.30465230345726013 0.28094834089279175, -0.0042269648984074593 -7.3919480200856924e-05   -0.023963490501046181     0.99970388412475586,0.55237734317779541 0.30465230345726013 0.28094834089279175, -0.0042269648984074593 -7.3919480200856924e-05   -0.023963490501046181     0.99970388412475586
1715186493.3582268,0.55240261554718018  0.3046565055847168 0.28095081448554993, -0.0042585013434290886 -5.6407629017485306e-05   -0.023958923295140266     0.99970388412475586,0.55240261554718018  0.3046565055847168 0.28095081448554993, -0.0042585013434290886 -5.6407629017485306e-05   -0.023958923295140266     0.99970388412475586
1715186493.3632307,0.55237925052642822 0.30468663573265076 0.28098243474960327,  -0.004280364140868187 -8.6204199760686606e-05   -0.023927390575408936     0.99970453977584839,0.55237925052642822 0.30468663573265076 0.28098243474960327,  -0.004280364140868187 -8.6204199760686606e-05   -0.023927390575408936     0.99970453977584839
1715186493.368228,0.55238747596740723 0.30471307039260864 0.28094807267189026,  -0.004295974038541317 -1.8147982700611465e-05   -0.023911623284220695     0.99970483779907227,0.55238747596740723 0.30471307039260864 0.28094807267189026,  -0.004295974038541317 -1.8147982700611465e-05   -0.023911623284220695     0.99970483779907227
1715186493.3732283,0.55238908529281616 0.30479627847671509 0.28095290064811707,-0.0044741472229361534 -3.120748806395568e-05  -0.023940322920680046    0.99970334768295288,0.55238908529281616 0.30479627847671509 0.28095290064811707,-0.0044741472229361534 -3.120748806395568e-05  -0.023940322920680046    0.99970334768295288
1715186493.3782315,0.55128806829452515 0.30906006693840027 0.28135538101196289,-0.0098251951858401299 -0.0013403876218944788   -0.02472132071852684     0.9996451735496521,0.55128806829452515 0.30906006693840027 0.28135538101196289,-0.0098251951858401299 -0.0013403876218944788   -0.02472132071852684     0.9996451735496521
1715186493.3832266,0.55090707540512085 0.31189480423927307 0.28172716498374939, -0.010141998529434204 -0.0027041239663958549  -0.024992503225803375    0.99963253736495972,0.55090707540512085 0.31189480423927307 0.28172716498374939, -0.010141998529434204 -0.0027041239663958549  -0.024992503225803375    0.99963253736495972
1715186493.3882332,0.55065876245498657 0.31800189614295959 0.28129008412361145,-0.0092978887259960175  -0.001284675789065659   -0.02536485344171524    0.99963420629501343,0.55065876245498657 0.31800189614295959 0.28129008412361145,-0.0092978887259960175  -0.001284675789065659   -0.02536485344171524    0.99963420629501343
1715186493.3932309,0.54985982179641724 0.32403770089149475   0.281370609998703,-0.0079069137573242188 -0.0014365535462275147  -0.026070110499858856    0.99962782859802246,0.54985982179641724 0.32403770089149475   0.281370609998703,-0.0079069137573242188 -0.0014365535462275147  -0.026070110499858856    0.99962782859802246
1715186493.398227,0.54864895343780518 0.33026954531669617 0.28153929114341736,-0.0061630806885659695 -0.0021584569476544857  -0.026726089417934418    0.99962145090103149,0.54864895343780518 0.33026954531669617 0.28153929114341736,-0.0061630806885659695 -0.0021584569476544857  -0.026726089417934418    0.99962145090103149
1715186493.4032304,0.54832679033279419 0.33605647087097168 0.28106814622879028, -0.004839013796299696 -0.0014206757768988609  -0.027682550251483917    0.99960404634475708,0.54832679033279419 0.33605647087097168 0.28106814622879028, -0.004839013796299696 -0.0014206757768988609  -0.027682550251483917    0.99960404634475708
1715186493.4082282,0.54800683259963989 0.33904191851615906 0.28089550137519836,-0.0041246204636991024 -0.0014376469189301133  -0.028111355379223824    0.99959522485733032,0.54800683259963989 0.33904191851615906 0.28089550137519836,-0.0041246204636991024 -0.0014376469189301133  -0.028111355379223824    0.99959522485733032
1715186493.4132283, 0.5475534200668335 0.34499767422676086 0.28077298402786255,  -0.002778633963316679 -3.7684567359974608e-05   -0.028597248718142509     0.99958717823028564, 0.5475534200668335 0.34499767422676086 0.28077298402786255,  -0.002778633963316679 -3.7684567359974608e-05   -0.028597248718142509     0.99958717823028564
1715186493.4182217,0.54708957672119141 0.35101050138473511 0.28051966428756714,-0.0019885015208274126   0.001287233317270875  -0.028940865769982338    0.99957829713821411,0.54708957672119141 0.35101050138473511 0.28051966428756714,-0.0019885015208274126   0.001287233317270875  -0.028940865769982338    0.99957829713821411
1715186493.4231923,0.54637068510055542 0.35661855340003967   0.280668705701828,-0.0027059838175773621 0.00052640476496890187  -0.030631005764007568     0.9995269775390625,0.54637068510055542 0.35661855340003967   0.280668705701828,-0.0027059838175773621 0.00052640476496890187  -0.030631005764007568     0.9995269775390625
1715186493.4282489,0.54549026489257812 0.36264529824256897 0.28062725067138672, -0.0027624703943729401 -0.00017034659686032683   -0.031237764284014702     0.99950814247131348,0.54549026489257812 0.36264529824256897 0.28062725067138672, -0.0027624703943729401 -0.00017034659686032683   -0.031237764284014702     0.99950814247131348
1715186493.4332478,0.54481738805770874 0.36868473887443542 0.28050807118415833,-0.003435041755437851 6.461667362600565e-05 -0.031872868537902832   0.99948602914810181,0.54481738805770874 0.36868473887443542 0.28050807118415833,-0.003435041755437851 6.461667362600565e-05 -0.031872868537902832   0.99948602914810181
1715186493.4382167,0.54456639289855957 0.37171483039855957 0.28049039840698242,-0.0040671559982001781 0.00056837644660845399  -0.032043267041444778     0.9994780421257019,0.54456639289855957 0.37171483039855957 0.28049039840698242,-0.0040671559982001781 0.00056837644660845399  -0.032043267041444778     0.9994780421257019
1715186493.4432161,0.54396224021911621 0.37775406241416931 0.28014710545539856,  -0.00382573576644063 0.00078670535003766418  -0.032430790364742279    0.99946635961532593,0.54396224021911621 0.37775406241416931 0.28014710545539856,  -0.00382573576644063 0.00078670535003766418  -0.032430790364742279    0.99946635961532593
1715186493.448216,0.54335635900497437 0.38323765993118286 0.28052473068237305,-0.0047797602601349354 9.0284665930084884e-05   -0.03338773176074028    0.99943101406097412,0.54335635900497437 0.38323765993118286 0.28052473068237305,-0.0047797602601349354 9.0284665930084884e-05   -0.03338773176074028    0.99943101406097412
1715186493.4532211,0.54328685998916626 0.38788613677024841 0.28036811947822571,-0.0054208012297749519 0.00033116913982667029  -0.034669950604438782    0.99938404560089111,0.54328685998916626 0.38788613677024841 0.28036811947822571,-0.0054208012297749519 0.00033116913982667029  -0.034669950604438782    0.99938404560089111
1715186493.4582181,0.54210996627807617 0.39426884055137634 0.28058242797851562, -0.0056582335382699966 -0.00032183885923586786   -0.034722372889518738     0.99938094615936279,0.54210996627807617 0.39426884055137634 0.28058242797851562, -0.0056582335382699966 -0.00032183885923586786   -0.034722372889518738     0.99938094615936279
1715186493.4632151, 0.5422818660736084 0.39625066518783569 0.28026777505874634, -0.0057239998131990433 -0.00017043962725438178    -0.03552158921957016     0.99935251474380493, 0.5422818660736084 0.39625066518783569 0.28026777505874634, -0.0057239998131990433 -0.00017043962725438178    -0.03552158921957016     0.99935251474380493
1715186493.4682064,0.54084515571594238 0.40266436338424683 0.28051051497459412, -0.0056191994808614254 -0.00061082327738404274   -0.035218752920627594     0.99936366081237793,0.54084515571594238 0.40266436338424683 0.28051051497459412, -0.0056191994808614254 -0.00061082327738404274   -0.035218752920627594     0.99936366081237793
1715186493.4732163, 0.5400930643081665 0.40806066989898682  0.2804749608039856, -0.0053093968890607357 -0.00037755005178041756   -0.035452093929052353     0.99935722351074219, 0.5400930643081665 0.40806066989898682  0.2804749608039856, -0.0053093968890607357 -0.00037755005178041756   -0.035452093929052353     0.99935722351074219
1715186493.4782155,0.54000985622406006 0.41245549917221069 0.28014981746673584,  -0.00490607600659132 0.00024797531659714878  -0.036414660513401031    0.99932467937469482,0.54000985622406006 0.41245549917221069 0.28014981746673584,  -0.00490607600659132 0.00024797531659714878  -0.036414660513401031    0.99932467937469482
1715186493.4832156,0.53970915079116821 0.41499194502830505 0.28025567531585693,-0.0048932028003036976  0.0006077989237383008  -0.036567393690347672    0.99931901693344116,0.53970915079116821 0.41499194502830505 0.28025567531585693,-0.0048932028003036976  0.0006077989237383008  -0.036567393690347672    0.99931901693344116
1715186493.4882159,0.53909677267074585 0.41996076703071594 0.28021293878555298,-0.0039731515571475029 0.00025963367079384625  -0.037122935056686401    0.99930274486541748,0.53909677267074585 0.41996076703071594 0.28021293878555298,-0.0039731515571475029 0.00025963367079384625  -0.037122935056686401    0.99930274486541748
1715186493.4932673,0.53799265623092651 0.42572566866874695 0.28035822510719299, -0.003614908317103982 8.7183667346835136e-05  -0.036977805197238922    0.99930953979492188,0.53799265623092651 0.42572566866874695 0.28035822510719299, -0.003614908317103982 8.7183667346835136e-05  -0.036977805197238922    0.99930953979492188
1715186493.4982164,0.53732866048812866 0.43084493279457092 0.28037518262863159,-0.0031078741885721684  -0.000244346127146855   -0.03722887858748436    0.99930191040039062,0.53732866048812866 0.43084493279457092 0.28037518262863159,-0.0031078741885721684  -0.000244346127146855   -0.03722887858748436    0.99930191040039062
1715186493.5032167,0.53670626878738403 0.43600079417228699 0.28027793765068054, -0.0035886834375560284 -3.7402409361675382e-05   -0.037514727562665939     0.99928963184356689,0.53670626878738403 0.43600079417228699 0.28027793765068054, -0.0035886834375560284 -3.7402409361675382e-05   -0.037514727562665939     0.99928963184356689
1715186493.5082164,0.53596764802932739 0.44120299816131592 0.28013363480567932,-0.0041373791173100471 0.00031607758137397468  -0.037752225995063782     0.9992784857749939,0.53596764802932739 0.44120299816131592 0.28013363480567932,-0.0041373791173100471 0.00031607758137397468  -0.037752225995063782     0.9992784857749939
1715186493.5132172,0.53566330671310425 0.44372323155403137 0.28013667464256287, -0.0041315611451864243 -5.5968976084841415e-05   -0.037840131670236588     0.99927526712417603,0.53566330671310425 0.44372323155403137 0.28013667464256287, -0.0041315611451864243 -5.5968976084841415e-05   -0.037840131670236588     0.99927526712417603
1715186493.5182173, 0.5349540114402771  0.4487970769405365 0.28015533089637756, -0.0043243230320513248 -0.00014637825370300561   -0.037962485104799271     0.99926978349685669, 0.5349540114402771  0.4487970769405365 0.28015533089637756, -0.0043243230320513248 -0.00014637825370300561   -0.037962485104799271     0.99926978349685669
1715186493.5232179,0.53429520130157471 0.45375362038612366 0.28017139434814453, -0.0044051236473023891 -0.00013468152610585093   -0.038034874945878983     0.99926668405532837,0.53429520130157471 0.45375362038612366 0.28017139434814453, -0.0044051236473023891 -0.00013468152610585093   -0.038034874945878983     0.99926668405532837
1715186493.528218,0.53368675708770752 0.45856481790542603 0.28019529581069946, -0.0043011149391531944 -4.3130388803547248e-05   -0.038099117577075958     0.99926471710205078,0.53368675708770752 0.45856481790542603 0.28019529581069946, -0.0043011149391531944 -4.3130388803547248e-05   -0.038099117577075958     0.99926471710205078
1715186493.5332201,0.53317743539810181 0.46322408318519592 0.28012067079544067, -0.0041729500517249107 -5.0828992243623361e-05   -0.038266606628894806     0.99925887584686279,0.53317743539810181 0.46322408318519592 0.28012067079544067, -0.0041729500517249107 -5.0828992243623361e-05   -0.038266606628894806     0.99925887584686279
1715186493.5382197, 0.5329362154006958 0.46547043323516846 0.28014704585075378, -0.0041115740314126015 -5.9440550103317946e-05    -0.03836686909198761     0.99925523996353149, 0.5329362154006958 0.46547043323516846 0.28014704585075378, -0.0041115740314126015 -5.9440550103317946e-05    -0.03836686909198761     0.99925523996353149
1715186493.5432181,0.53244280815124512 0.46999156475067139 0.28005614876747131, -0.0035525388084352016 -0.00024005972954910249   -0.038346577435731888     0.99925816059112549,0.53244280815124512 0.46999156475067139 0.28005614876747131, -0.0035525388084352016 -0.00024005972954910249   -0.038346577435731888     0.99925816059112549
1715186493.5482178,0.53194713592529297 0.47441995143890381 0.27995556592941284,-0.0036478668916970491 4.1703129681991413e-05  -0.038554634898900986    0.99924981594085693,0.53194713592529297 0.47441995143890381 0.27995556592941284,-0.0036478668916970491 4.1703129681991413e-05  -0.038554634898900986    0.99924981594085693
1715186493.5532179, 0.5313950777053833 0.47886499762535095 0.27993062138557434,-0.0035574701614677906 0.00017212193051818758  -0.038700196892023087    0.99924451112747192, 0.5313950777053833 0.47886499762535095 0.27993062138557434,-0.0035574701614677906 0.00017212193051818758  -0.038700196892023087    0.99924451112747192
1715186493.5582185,0.53085601329803467 0.48316872119903564 0.27992647886276245, -0.003615071764215827 8.8905493612401187e-05  -0.038586162030696869    0.99924874305725098,0.53085601329803467 0.48316872119903564 0.27992647886276245, -0.003615071764215827 8.8905493612401187e-05  -0.038586162030696869    0.99924874305725098
1715186493.5632176,0.53055387735366821 0.48535862565040588 0.27994102239608765,-0.0035677000414580107 7.2992050263565034e-05  -0.038513779640197754    0.99925172328948975,0.53055387735366821 0.48535862565040588 0.27994102239608765,-0.0035677000414580107 7.2992050263565034e-05  -0.038513779640197754    0.99925172328948975
1715186493.5682178,0.52992898225784302 0.48964545130729675  0.2799326479434967,-0.0038074639160186052 6.7886197939515114e-05  -0.038460526615381241    0.99925285577774048,0.52992898225784302 0.48964545130729675  0.2799326479434967,-0.0038074639160186052 6.7886197939515114e-05  -0.038460526615381241    0.99925285577774048
1715186493.5732195, 0.5293927788734436 0.49384570121765137 0.27995684742927551,-0.0040792739018797874 0.00033245541271753609  -0.038194317370653152    0.99926197528839111, 0.5293927788734436 0.49384570121765137 0.27995684742927551,-0.0040792739018797874 0.00033245541271753609  -0.038194317370653152    0.99926197528839111
1715186493.5782168,0.52881836891174316 0.49793165922164917 0.27983036637306213,-0.0039003894198685884 6.3713348936289549e-05  -0.038164857774972916    0.99926382303237915,0.52881836891174316 0.49793165922164917 0.27983036637306213,-0.0039003894198685884 6.3713348936289549e-05  -0.038164857774972916    0.99926382303237915
1715186493.5832224,0.52831065654754639 0.50194650888442993 0.27978441119194031,-0.0039400402456521988 8.3934319263789803e-05  -0.038275673985481262    0.99925947189331055,0.52831065654754639 0.50194650888442993 0.27978441119194031,-0.0039400402456521988 8.3934319263789803e-05  -0.038275673985481262    0.99925947189331055
1715186493.5882409,0.52874422073364258 0.50305420160293579 0.27962803840637207,-0.0037911871913820505 0.00020309713727328926  -0.038688227534294128     0.9992440938949585,0.52874422073364258 0.50305420160293579 0.27962803840637207,-0.0037911871913820505 0.00020309713727328926  -0.038688227534294128     0.9992440938949585
1715186493.5932438,0.52758276462554932 0.50774466991424561 0.27972051501274109, -0.0037059839814901352 -0.00023891881573945284   -0.037986647337675095     0.99927133321762085,0.52758276462554932 0.50774466991424561 0.27972051501274109, -0.0037059839814901352 -0.00023891881573945284   -0.037986647337675095     0.99927133321762085
1715186493.5982153,0.52715104818344116 0.51153743267059326 0.27967441082000732,-0.0038698941934853792 7.7748562034685165e-05  -0.037950929254293442    0.99927210807800293,0.52715104818344116 0.51153743267059326 0.27967441082000732,-0.0038698941934853792 7.7748562034685165e-05  -0.037950929254293442    0.99927210807800293
1715186493.6032162,0.52670615911483765 0.51526838541030884 0.27966803312301636,-0.0037174820899963379  0.0001245051680598408  -0.037769883871078491    0.99927955865859985,0.52670615911483765 0.51526838541030884 0.27966803312301636,-0.0037174820899963379  0.0001245051680598408  -0.037769883871078491    0.99927955865859985
1715186493.6082163,0.52619516849517822  0.5190509557723999 0.27966821193695068, -0.003766282694414258 0.00017092782945837826  -0.037711996585130692    0.99928152561187744,0.52619516849517822  0.5190509557723999 0.27966821193695068, -0.003766282694414258 0.00017092782945837826  -0.037711996585130692    0.99928152561187744
1715186493.6350105,0.52359914779663086 0.53849989175796509 0.27940601110458374,-0.0040636928752064705 9.3315611593425274e-05  -0.035991746932268143    0.99934381246566772,0.52359914779663086 0.53849989175796509 0.27940601110458374,-0.0040636928752064705 9.3315611593425274e-05  -0.035991746932268143    0.99934381246566772
1715186493.6400366,0.52359914779663086 0.53849989175796509 0.27940601110458374,-0.0040636928752064705 9.3315611593425274e-05  -0.035991746932268143    0.99934381246566772,0.52359914779663086 0.53849989175796509 0.27940601110458374,-0.0040636928752064705 9.3315611593425274e-05  -0.035991746932268143    0.99934381246566772
1715186493.6450658,0.52318358421325684  0.5418122410774231 0.27935698628425598,-0.0041200150735676289 9.9911892903037369e-05  -0.035779934376478195    0.99935120344161987,0.52318358421325684  0.5418122410774231 0.27935698628425598,-0.0041200150735676289 9.9911892903037369e-05  -0.035779934376478195    0.99935120344161987
1715186493.6500916,0.52277576923370361 0.54508423805236816 0.27929490804672241,-0.0041220146231353283 0.00012645333481486887  -0.035436287522315979    0.99936342239379883,0.52277576923370361 0.54508423805236816 0.27929490804672241,-0.0041220146231353283 0.00012645333481486887  -0.035436287522315979    0.99936342239379883
1715186493.6550684,0.52256947755813599 0.54665970802307129 0.27931666374206543,-0.0040888520888984203 0.00026245714980177581  -0.035271856933832169    0.99936938285827637,0.52256947755813599 0.54665970802307129 0.27931666374206543,-0.0040888520888984203 0.00026245714980177581  -0.035271856933832169    0.99936938285827637
1715186493.660038,0.52215790748596191 0.54983139038085938 0.27925163507461548,-0.0039672832936048508 0.00025127638946287334  -0.034925419837236404    0.99938201904296875,0.52215790748596191 0.54983139038085938 0.27925163507461548,-0.0039672832936048508 0.00025127638946287334  -0.034925419837236404    0.99938201904296875
1715186493.665067,0.52168697118759155 0.55293929576873779  0.2792128324508667,-0.0039860010147094727 0.00029326271032914519  -0.034486960619688034     0.9993971586227417,0.52168697118759155 0.55293929576873779  0.2792128324508667,-0.0039860010147094727 0.00029326271032914519  -0.034486960619688034     0.9993971586227417
1715186493.6700692,0.52120542526245117  0.5560222864151001 0.27917364239692688, -0.003674365347251296 4.9419533752370626e-05  -0.034007672220468521    0.99941480159759521,0.52120542526245117  0.5560222864151001 0.27917364239692688, -0.003674365347251296 4.9419533752370626e-05  -0.034007672220468521    0.99941480159759521
1715186493.6750667,0.52074998617172241 0.55901563167572021 0.27912959456443787,-0.0037419279105961323 1.8490505681256764e-05  -0.033480171114206314    0.99943238496780396,0.52074998617172241 0.55901563167572021 0.27912959456443787,-0.0037419279105961323 1.8490505681256764e-05  -0.033480171114206314    0.99943238496780396
1715186493.6800365,0.52056097984313965 0.56048309803009033 0.27907907962799072,-0.0039462270215153694 0.00031851514359004796  -0.033550906926393509    0.99942916631698608,0.52056097984313965 0.56048309803009033 0.27907907962799072,-0.0039462270215153694 0.00031851514359004796  -0.033550906926393509    0.99942916631698608
1715186493.6850839,0.52018630504608154 0.56330370903015137 0.27908283472061157,-0.0040085981599986553 0.00027616514125838876  -0.032957367599010468    0.99944865703582764,0.52018630504608154 0.56330370903015137 0.27908283472061157,-0.0040085981599986553 0.00027616514125838876  -0.032957367599010468    0.99944865703582764
1715186493.6900709,0.51983153820037842 0.56608778238296509 0.27910518646240234,-0.0040507060475647449 0.00022701866691932082  -0.032509099692106247    0.99946320056915283,0.51983153820037842 0.56608778238296509 0.27910518646240234,-0.0040507060475647449 0.00022701866691932082  -0.032509099692106247    0.99946320056915283
1715186493.6950662,0.51949125528335571 0.56879222393035889 0.27906909584999084,-0.0040620202198624611 0.00034593636519275606  -0.032156191766262054    0.99947452545166016,0.51949125528335571 0.56879222393035889 0.27906909584999084,-0.0040620202198624611 0.00034593636519275606  -0.032156191766262054    0.99947452545166016
1715186493.700036,0.51913905143737793  0.5714566707611084 0.27904206514358521,-0.0041838400065898895 0.00050784100312739611  -0.031603284180164337    0.99949163198471069,0.51913905143737793  0.5714566707611084 0.27904206514358521,-0.0041838400065898895 0.00050784100312739611  -0.031603284180164337    0.99949163198471069
1715186493.7050672,0.51897096633911133 0.57275861501693726 0.27901655435562134,-0.0040938332676887512 0.00053722911980003119  -0.031408380717039108    0.99949812889099121,0.51897096633911133 0.57275861501693726 0.27901655435562134,-0.0040938332676887512 0.00053722911980003119  -0.031408380717039108    0.99949812889099121
1715186493.7100909,0.51859569549560547 0.57535505294799805 0.27900201082229614,-0.0042847217991948128  0.0005342067452147603  -0.030983725562691689    0.99951058626174927,0.51859569549560547 0.57535505294799805 0.27900201082229614,-0.0042847217991948128  0.0005342067452147603  -0.030983725562691689    0.99951058626174927
1715186493.7150962,0.51823538541793823 0.57778763771057129 0.27899327874183655,-0.0041669150814414024 0.00047109634033404291  -0.030306868255138397    0.99953186511993408,0.51823538541793823 0.57778763771057129 0.27899327874183655,-0.0041669150814414024 0.00047109634033404291  -0.030306868255138397    0.99953186511993408
1715186493.7200625,0.51787662506103516 0.58022415637969971 0.27899423241615295,-0.0041372077539563179 0.00047356143477372825  -0.029730997979640961     0.9995492696762085,0.51787662506103516 0.58022415637969971 0.27899423241615295,-0.0041372077539563179 0.00047356143477372825  -0.029730997979640961     0.9995492696762085
1715186493.7250667,0.51758992671966553 0.58158361911773682 0.27898523211479187,-0.0045683556236326694 0.00053491402650251985  -0.029604667797684669    0.99955111742019653,0.51758992671966553 0.58158361911773682 0.27898523211479187,-0.0045683556236326694 0.00053491402650251985  -0.029604667797684669    0.99955111742019653
1715186493.7300816,0.51721608638763428 0.58378851413726807 0.27923780679702759,-0.0042937924154102802 0.00025359098799526691  -0.028824009001255035    0.99957525730133057,0.51721608638763428 0.58378851413726807 0.27923780679702759,-0.0042937924154102802 0.00025359098799526691  -0.028824009001255035    0.99957525730133057
1715186493.7350762,0.51693946123123169 0.58595120906829834 0.27935498952865601,-0.0042008999735116959 0.00049903453327715397  -0.028212618082761765    0.99959301948547363,0.51693946123123169 0.58595120906829834 0.27935498952865601,-0.0042008999735116959 0.00049903453327715397  -0.028212618082761765    0.99959301948547363
1715186493.7400415,0.51663810014724731 0.58814042806625366 0.27936863899230957,-0.0042234058491885662 0.00056574941845610738  -0.027671884745359421    0.99960798025131226,0.51663810014724731 0.58814042806625366 0.27936863899230957,-0.0042234058491885662 0.00056574941845610738  -0.027671884745359421    0.99960798025131226
1715186493.7450206,0.51636594533920288 0.59032011032104492 0.27926033735275269,-0.0041579185053706169 0.00044989230809733272   -0.02752232551574707    0.99961245059967041,0.51636594533920288 0.59032011032104492 0.27926033735275269,-0.0041579185053706169 0.00044989230809733272   -0.02752232551574707    0.99961245059967041
1715186493.7500677,0.51605641841888428 0.59229272603988647 0.27931764721870422,-0.0040270918980240822 0.00022485946828965098  -0.026602264493703842    0.99963796138763428,0.51605641841888428 0.59229272603988647 0.27931764721870422,-0.0040270918980240822 0.00022485946828965098  -0.026602264493703842    0.99963796138763428
1715186493.7550662,0.51592177152633667 0.59337025880813599 0.27922481298446655,-0.0041762846522033215 0.00040149598498828709  -0.026564992964267731    0.99963825941085815,0.51592177152633667 0.59337025880813599 0.27922481298446655,-0.0041762846522033215 0.00040149598498828709  -0.026564992964267731    0.99963825941085815
1715186493.7600837,0.51562684774398804 0.59532266855239868 0.27924409508705139,-0.0041187871247529984 0.00037111525307409465  -0.025798169896006584    0.99965864419937134,0.51562684774398804 0.59532266855239868 0.27924409508705139,-0.0041187871247529984 0.00037111525307409465  -0.025798169896006584    0.99965864419937134
1715186493.7650723,0.51532167196273804 0.59728920459747314 0.27922695875167847,-0.0041685076430439949  0.0004204227589070797  -0.025157129392027855    0.99967473745346069,0.51532167196273804 0.59728920459747314 0.27922695875167847,-0.0041685076430439949  0.0004204227589070797  -0.025157129392027855    0.99967473745346069
1715186493.7700992,0.51505297422409058 0.59916722774505615 0.27926626801490784,-0.0039890655316412449 0.00047966308193281293  -0.024496398866176605    0.99969184398651123,0.51505297422409058 0.59916722774505615 0.27926626801490784,-0.0039890655316412449 0.00047966308193281293  -0.024496398866176605    0.99969184398651123
1715186493.7751026,0.51480424404144287 0.60097199678421021 0.27927133440971375,-0.0040545505471527576 0.00040092846029438078  -0.023794675245881081    0.99970859289169312,0.51480424404144287 0.60097199678421021 0.27927133440971375,-0.0040545505471527576 0.00040092846029438078  -0.023794675245881081    0.99970859289169312
1715186493.7800617,0.51467454433441162 0.60193544626235962 0.27927398681640625,-0.0038253092207014561 0.00027504799072630703   -0.02347080409526825    0.99971717596054077,0.51467454433441162 0.60193544626235962 0.27927398681640625,-0.0038253092207014561 0.00027504799072630703   -0.02347080409526825    0.99971717596054077
1715186493.7850668,0.51442861557006836 0.60363644361495972 0.27923038601875305,-0.0040857759304344654 0.00042801137897185981    -0.0229029580950737    0.99972927570343018,0.51442861557006836 0.60363644361495972 0.27923038601875305,-0.0040857759304344654 0.00042801137897185981    -0.0229029580950737    0.99972927570343018
1715186493.7900956,0.51421105861663818 0.60532259941101074 0.27927002310752869,-0.0038221164140850306 0.00017633383686188608  -0.022112876176834106    0.99974817037582397,0.51421105861663818 0.60532259941101074 0.27927002310752869,-0.0038221164140850306 0.00017633383686188608  -0.022112876176834106    0.99974817037582397
1715186493.7950895,0.51400643587112427 0.60693275928497314 0.27928784489631653,-0.0039859474636614323 0.00038192863576114178  -0.021595191210508347    0.99975878000259399,0.51400643587112427 0.60693275928497314 0.27928784489631653,-0.0039859474636614323 0.00038192863576114178  -0.021595191210508347    0.99975878000259399
1715186493.800036,0.51380711793899536 0.60848695039749146 0.27925819158554077,-0.0039917286485433578 0.00046861337614245713  -0.020896885544061661    0.99977356195449829,0.51380711793899536 0.60848695039749146 0.27925819158554077,-0.0039917286485433578 0.00046861337614245713  -0.020896885544061661    0.99977356195449829
1715186493.8050671,0.51373648643493652 0.60926049947738647 0.27919489145278931,-0.0040730009786784649 0.00035684212343767285  -0.020576704293489456    0.99977993965148926,0.51373648643493652 0.60926049947738647 0.27919489145278931,-0.0040730009786784649 0.00035684212343767285  -0.020576704293489456    0.99977993965148926
1715186493.8100662,0.51342886686325073 0.61075872182846069 0.27936604619026184,-0.0039771459996700287  0.0002971621579490602  -0.019857987761497498    0.99979484081268311,0.51342886686325073 0.61075872182846069 0.27936604619026184,-0.0039771459996700287  0.0002971621579490602  -0.019857987761497498    0.99979484081268311
1715186493.8151031,0.51320117712020874 0.61228173971176147 0.27936893701553345, -0.003973779734224081 0.00038052923628129065  -0.019294487312436104    0.99980586767196655,0.51320117712020874 0.61228173971176147 0.27936893701553345, -0.003973779734224081 0.00038052923628129065  -0.019294487312436104    0.99980586767196655
1715186493.8200369,0.51296103000640869 0.61360132694244385 0.27937799692153931,-0.0040088039822876453 0.00037062255432829261  -0.018471146002411842    0.99982130527496338,0.51296103000640869 0.61360132694244385 0.27937799692153931,-0.0040088039822876453 0.00037062255432829261  -0.018471146002411842    0.99982130527496338
1715186493.8250685,0.51275700330734253 0.61491233110427856 0.27935308218002319,-0.0039223120547831059 0.00037296762457117438   -0.01769639365375042    0.99983566999435425,0.51275700330734253 0.61491233110427856 0.27935308218002319,-0.0039223120547831059 0.00037296762457117438   -0.01769639365375042    0.99983566999435425
1715186493.8300681,0.51267343759536743 0.61553943157196045 0.27938750386238098,-0.0036854902282357216 0.00018283244571648538   -0.01723850704729557    0.99984461069107056,0.51267343759536743 0.61553943157196045 0.27938750386238098,-0.0036854902282357216 0.00018283244571648538   -0.01723850704729557    0.99984461069107056
1715186493.8350933,0.51250261068344116 0.61672216653823853 0.27938875555992126,-0.0039567137137055397 0.00037026294739916921  -0.016628406941890717    0.99985384941101074,0.51250261068344116 0.61672216653823853 0.27938875555992126,-0.0039567137137055397 0.00037026294739916921  -0.016628406941890717    0.99985384941101074
1715186493.84004,0.51230114698410034 0.61791300773620605 0.27941450476646423,-0.0038173114880919456 0.00016919555491767824  -0.015913309529423714     0.9998660683631897,0.51230114698410034 0.61791300773620605 0.27941450476646423,-0.0038173114880919456 0.00016919555491767824  -0.015913309529423714     0.9998660683631897
1715186493.8451025,0.51219087839126587 0.61899268627166748 0.27940109372138977,-0.0038623376749455929 0.00039946180186234415  -0.015236878767609596    0.99987637996673584,0.51219087839126587 0.61899268627166748 0.27940109372138977,-0.0038623376749455929 0.00039946180186234415  -0.015236878767609596    0.99987637996673584
1715186493.8500683,0.51207548379898071   0.620006263256073 0.27939718961715698,-0.0039766733534634113 0.00038511405000463128  -0.014522948302328587    0.99988657236099243,0.51207548379898071   0.620006263256073 0.27939718961715698,-0.0039766733534634113 0.00038511405000463128  -0.014522948302328587    0.99988657236099243
1715186493.8550675,0.51200997829437256 0.62050461769104004 0.27938789129257202,-0.0039689801633358002 0.00035759960883297026  -0.014202691614627838    0.99989122152328491,0.51200997829437256 0.62050461769104004 0.27938789129257202,-0.0039689801633358002 0.00035759960883297026  -0.014202691614627838    0.99989122152328491
1715186493.8600662,0.51184374094009399 0.62148368358612061 0.27938929200172424,-0.0039113308303058147 0.00036919603007845581  -0.013394959270954132    0.99990254640579224,0.51184374094009399 0.62148368358612061 0.27938929200172424,-0.0039113308303058147 0.00036919603007845581  -0.013394959270954132    0.99990254640579224
1715186493.8650677,0.51170188188552856 0.62237906455993652 0.27940613031387329,-0.0038498220965266228 0.00033791534951888025   -0.01260853186249733    0.99991303682327271,0.51170188188552856 0.62237906455993652 0.27940613031387329,-0.0038498220965266228 0.00033791534951888025   -0.01260853186249733    0.99991303682327271
1715186493.8700476, 0.5115848183631897 0.62321913242340088 0.27941015362739563,-0.0039219656027853489 0.00026195115060545504  -0.011999743059277534    0.99992024898529053, 0.5115848183631897 0.62321913242340088 0.27941015362739563,-0.0039219656027853489 0.00026195115060545504  -0.011999743059277534    0.99992024898529053
1715186493.8750937,0.51148074865341187 0.62399488687515259 0.27936995029449463,-0.0039549786597490311 0.00033646516385488212  -0.011261771433055401    0.99992871284484863,0.51148074865341187 0.62399488687515259 0.27936995029449463,-0.0039549786597490311 0.00033646516385488212  -0.011261771433055401    0.99992871284484863
1715186493.8800347,0.51141399145126343 0.62435775995254517 0.27940383553504944,-0.0038946042768657207 0.00034909546957351267  -0.010870633646845818    0.99993324279785156,0.51141399145126343 0.62435775995254517 0.27940383553504944,-0.0038946042768657207 0.00034909546957351267  -0.010870633646845818    0.99993324279785156
1715186493.8851113,0.51132786273956299 0.62504494190216064 0.27944514155387878,-0.0036731353029608727 0.00018611882114782929  -0.010150314308702946    0.99994170665740967,0.51132786273956299 0.62504494190216064 0.27944514155387878,-0.0036731353029608727 0.00018611882114782929  -0.010150314308702946    0.99994170665740967
1715186493.8900664,0.51126807928085327 0.62570029497146606 0.27942591905593872,-0.0037955152802169323 0.00029853280284442008 -0.0094448933377861977    0.99994814395904541,0.51126807928085327 0.62570029497146606 0.27942591905593872,-0.0037955152802169323 0.00029853280284442008 -0.0094448933377861977    0.99994814395904541
1715186493.8950694,0.51122069358825684 0.62629520893096924 0.27938875555992126,-0.0038828430697321892 0.00022924826771486551 -0.0087228771299123764    0.99995440244674683,0.51122069358825684 0.62629520893096924 0.27938875555992126,-0.0038828430697321892 0.00022924826771486551 -0.0087228771299123764    0.99995440244674683
1715186493.9000382,0.51113516092300415 0.62682682275772095 0.27940544486045837,-0.0038551089819520712 0.00028713888605125248 -0.0080095427110791206    0.99996042251586914,0.51113516092300415 0.62682682275772095 0.27940544486045837,-0.0038551089819520712 0.00028713888605125248 -0.0080095427110791206    0.99996042251586914
1715186493.9050713,0.51114332675933838 0.62707293033599854 0.27940404415130615,-0.0036377934738993645 0.00023405863612424582 -0.0076130102388560772    0.99996435642242432,0.51114332675933838 0.62707293033599854 0.27940404415130615,-0.0036377934738993645 0.00023405863612424582 -0.0076130102388560772    0.99996435642242432
1715186493.9100707,0.51108598709106445 0.62753748893737793 0.27938368916511536, -0.003836687421426177 0.00037509718094952404  -0.006963368970900774    0.99996834993362427,0.51108598709106445 0.62753748893737793 0.27938368916511536, -0.003836687421426177 0.00037509718094952404  -0.006963368970900774    0.99996834993362427
1715186493.915071,0.51106357574462891 0.62799996137619019 0.27941370010375977,-0.0035803227219730616 0.00020780270278919488 -0.0061429464258253574    0.99997472763061523,0.51106357574462891 0.62799996137619019 0.27941370010375977,-0.0035803227219730616 0.00020780270278919488 -0.0061429464258253574    0.99997472763061523
1715186493.9200375,0.51098781824111938 0.62835800647735596 0.27938029170036316,-0.0038386550731956959 0.00041177251841872931 -0.0055153495632112026    0.99997735023498535,0.51098781824111938 0.62835800647735596 0.27938029170036316,-0.0038386550731956959 0.00041177251841872931 -0.0055153495632112026    0.99997735023498535
1715186493.9250658,0.51093590259552002 0.62869280576705933 0.27942967414855957,-0.0037808474153280258 0.00038250049692578614 -0.0047766398638486862     0.9999813437461853,0.51093590259552002 0.62869280576705933 0.27942967414855957,-0.0037808474153280258 0.00038250049692578614 -0.0047766398638486862     0.9999813437461853
1715186493.9300687,0.51090937852859497  0.6288459300994873 0.27942046523094177,-0.003875775495544076 0.0003033812390640378 -0.004415338858962059   0.99998271465301514,0.51090937852859497  0.6288459300994873 0.27942046523094177,-0.003875775495544076 0.0003033812390640378 -0.004415338858962059   0.99998271465301514
1715186493.9350891,0.51091152429580688 0.62910681962966919 0.27941697835922241,-0.0037109069526195526 0.00019369643996469676 -0.0037214760668575764    0.99998617172241211,0.51091152429580688 0.62910681962966919 0.27941697835922241,-0.0037109069526195526 0.00019369643996469676 -0.0037214760668575764    0.99998617172241211
1715186493.9400675,0.51086658239364624  0.6293637752532959 0.27940541505813599,-0.0039777127094566822 0.00040677434299141169 -0.0032704879995435476    0.99998664855957031,0.51086658239364624  0.6293637752532959 0.27940541505813599,-0.0039777127094566822 0.00040677434299141169 -0.0032704879995435476    0.99998664855957031
1715186493.9450712,0.51090466976165771 0.62946933507919312 0.27944016456604004,-0.0038480134680867195 0.00040027426439337432 -0.0024415948428213596    0.99998950958251953,0.51090466976165771 0.62946933507919312 0.27944016456604004,-0.0038480134680867195 0.00040027426439337432 -0.0024415948428213596    0.99998950958251953
1715186493.9500675,0.51087868213653564 0.62961584329605103 0.27942162752151489,-0.0038580060936510563 0.00042036920785903931 -0.0018570768879726529    0.99999076128005981,0.51087868213653564 0.62961584329605103 0.27942162752151489,-0.0038580060936510563 0.00042036920785903931 -0.0018570768879726529    0.99999076128005981
1715186493.9550924,0.51090401411056519 0.62970387935638428 0.27939850091934204,-0.0038669158238917589 0.00052061129827052355 -0.0017256916034966707    0.99999088048934937,0.51090401411056519 0.62970387935638428 0.27939850091934204,-0.0038669158238917589 0.00052061129827052355 -0.0017256916034966707    0.99999088048934937
1715186493.9600732,0.51088011264801025 0.62976044416427612 0.27940824627876282,-0.0037658568471670151 0.00042216791189275682 -0.0010777295101433992     0.9999922513961792,0.51088011264801025 0.62976044416427612 0.27940824627876282,-0.0037658568471670151 0.00042216791189275682 -0.0010777295101433992     0.9999922513961792
1715186493.965143,0.51084595918655396 0.62981671094894409  0.2794329822063446, -0.0036627985537052155  0.00041281234007328749 -0.00069688999792560935      0.9999929666519165,0.51084595918655396 0.62981671094894409  0.2794329822063446, -0.0036627985537052155  0.00041281234007328749 -0.00069688999792560935      0.9999929666519165
1715186493.9700677,0.51087933778762817 0.62983554601669312  0.2793940007686615, -0.0036646220833063126  0.00044978965888731182 -0.00047291131340898573     0.99999308586120605,0.51087933778762817 0.62983554601669312  0.2793940007686615, -0.0036646220833063126  0.00044978965888731182 -0.00047291131340898573     0.99999308586120605
1715186493.9750218,0.51089692115783691 0.62986254692077637 0.27934753894805908, -0.0036876604426652193  0.00044199294643476605 -0.00036521349102258682     0.99999302625656128,0.51089692115783691 0.62986254692077637 0.27934753894805908, -0.0036876604426652193  0.00044199294643476605 -0.00036521349102258682     0.99999302625656128
1715186493.9800367,0.51086020469665527 0.62988698482513428 0.27936753630638123, -0.0036663259379565716  0.00044655738747678697 -0.00033891826751641929     0.99999314546585083,0.51086020469665527 0.62988698482513428 0.27936753630638123, -0.0036663259379565716  0.00044655738747678697 -0.00033891826751641929     0.99999314546585083
1715186493.985096,0.51087784767150879 0.62988001108169556 0.27936661243438721, -0.0036508319899439812  0.00046122694038785994 -0.00034680223325267434     0.99999314546585083,0.51087784767150879 0.62988001108169556 0.27936661243438721, -0.0036508319899439812  0.00046122694038785994 -0.00034680223325267434     0.99999314546585083
1715186493.9901035,0.51089680194854736 0.62986797094345093  0.2793421745300293, -0.0036564965266734362  0.00042849255260080099 -0.00038895104080438614     0.99999314546585083,0.51089680194854736 0.62986797094345093  0.2793421745300293, -0.0036564965266734362  0.00042849255260080099 -0.00038895104080438614     0.99999314546585083
1715186493.9950666,0.51093769073486328 0.62983518838882446 0.27934467792510986, -0.0035718390718102455  0.00048784841783344746 -0.00039176869904622436     0.99999344348907471,0.51093769073486328 0.62983518838882446 0.27934467792510986, -0.0035718390718102455  0.00048784841783344746 -0.00039176869904622436     0.99999344348907471
1715186494.0000355,0.51173317432403564 0.62908846139907837 0.27913463115692139,  -0.003449093084782362  0.00077790487557649612 -0.00094736937899142504     0.99999332427978516,0.51173317432403564 0.62908846139907837 0.27913463115692139,  -0.003449093084782362  0.00077790487557649612 -0.00094736937899142504     0.99999332427978516
1715186494.0051048,0.51095741987228394 0.62981462478637695 0.27929225564002991, -0.0035595863591879606  0.00051758554764091969 -0.00040410342626273632     0.99999344348907471,0.51095741987228394 0.62981462478637695 0.27929225564002991, -0.0035595863591879606  0.00051758554764091969 -0.00040410342626273632     0.99999344348907471
1715186494.0100665,0.51172482967376709  0.6290733814239502 0.27908936142921448, -0.0034528598189353943  0.00075802538776770234 -0.00092629814753308892     0.99999332427978516,0.51172482967376709  0.6290733814239502 0.27908936142921448, -0.0034528598189353943  0.00075802538776770234 -0.00092629814753308892     0.99999332427978516
1715186494.01509, 0.5109332799911499 0.62983471155166626 0.27923709154129028, -0.0036057392135262489  0.00050837884191423655 -0.00036382308462634683     0.99999332427978516, 0.5109332799911499 0.62983471155166626 0.27923709154129028, -0.0036057392135262489  0.00050837884191423655 -0.00036382308462634683     0.99999332427978516
1715186494.0200386,0.51091039180755615 0.62983810901641846 0.27925696969032288,  -0.003603627672418952  0.00052677275380119681 -0.00035321529139764607     0.99999332427978516,0.51169097423553467 0.62910979986190796 0.27906039357185364, -0.0035169497132301331  0.00079930387437343597 -0.00090010737767443061     0.99999308586120605
1715186494.0250676,0.51168352365493774 0.62911844253540039 0.27908214926719666, -0.0035281344316899776  0.00077006511855870485 -0.00088582094758749008     0.99999308586120605,0.51168352365493774 0.62911844253540039 0.27908214926719666, -0.0035281344316899776  0.00077006511855870485 -0.00088582094758749008     0.99999308586120605
1715186494.0301387,0.51093733310699463  0.6298447847366333 0.27922490239143372, -0.0036648977547883987  0.00051605666521936655 -0.00036505694151856005     0.99999308586120605,0.51093733310699463  0.6298447847366333 0.27922490239143372, -0.0036648977547883987  0.00051605666521936655 -0.00036505694151856005     0.99999308586120605
1715186494.0350664,0.51172727346420288 0.62910056114196777 0.27903845906257629, -0.0035520188976079226  0.00079952587839215994 -0.00091733626322820783      0.9999929666519165,0.51172727346420288 0.62910056114196777 0.27903845906257629, -0.0035520188976079226  0.00079952587839215994 -0.00091733626322820783      0.9999929666519165
1715186494.0400374,0.51093065738677979 0.62986719608306885  0.2792016863822937, -0.0036754242610186338  0.00051757902838289738 -0.00037348884507082403     0.99999302625656128,0.51093065738677979 0.62986719608306885  0.2792016863822937, -0.0036754242610186338  0.00051757902838289738 -0.00037348884507082403     0.99999302625656128
1715186494.0450947,0.51173222064971924 0.62910324335098267 0.27907273173332214, -0.0035253243986517191  0.00081324618076905608 -0.00094581383746117353     0.99999302625656128,0.51173222064971924 0.62910324335098267 0.27907273173332214, -0.0035253243986517191  0.00081324618076905608 -0.00094581383746117353     0.99999302625656128
1715186494.0501592,0.51092547178268433 0.62987351417541504 0.27921915054321289, -0.0037069113459438086  0.00050283712334930897 -0.00039369921432808042     0.99999290704727173,0.51092547178268433 0.62987351417541504 0.27921915054321289, -0.0037069113459438086  0.00050283712334930897 -0.00039369921432808042     0.99999290704727173
1715186494.0551713,0.51095426082611084 0.62992769479751587 0.27920442819595337,-0.0036943340674042702 0.00059194472851231694 -0.0005225677159614861    0.99999284744262695,0.51095426082611084 0.62992769479751587 0.27920442819595337,-0.0036943340674042702 0.00059194472851231694 -0.0005225677159614861    0.99999284744262695
1715186494.0600355,0.51173257827758789 0.62908542156219482 0.27914634346961975,-0.0035581712145358324 0.00070982158649712801 -0.0009620099444873631     0.9999929666519165,0.51173257827758789 0.62908542156219482 0.27914634346961975,-0.0035581712145358324 0.00070982158649712801 -0.0009620099444873631     0.9999929666519165
1715186494.0650737,0.51085931062698364 0.62987297773361206 0.27932453155517578, -0.0040931170806288719  0.00010284002200933173 -0.00049079232849180698     0.99999147653579712,0.51085931062698364 0.62987297773361206 0.27932453155517578, -0.0040931170806288719  0.00010284002200933173 -0.00049079232849180698     0.99999147653579712
1715186494.0700667, 0.5108715295791626 0.62993156909942627 0.27932092547416687, -0.0039275549352169037  0.00034142285585403442 -0.00045757688349112868     0.99999213218688965, 0.5108715295791626 0.62993156909942627 0.27932092547416687, -0.0039275549352169037  0.00034142285585403442 -0.00045757688349112868     0.99999213218688965
1715186494.0750663,0.51169008016586304 0.62915492057800293 0.27917766571044922,-0.0037706524599343538 0.00062588346190750599 -0.0010268348269164562    0.99999219179153442,0.51169008016586304 0.62915492057800293 0.27917766571044922,-0.0037706524599343538 0.00062588346190750599 -0.0010268348269164562    0.99999219179153442
1715186494.0800383,0.51169657707214355 0.62910443544387817 0.27914422750473022, -0.0037732792552560568  0.00056136766215786338 -0.00089701102115213871     0.99999231100082397,0.51169657707214355 0.62910443544387817 0.27914422750473022, -0.0037732792552560568  0.00056136766215786338 -0.00089701102115213871     0.99999231100082397
1715186494.0851023,0.51167798042297363 0.62910830974578857 0.27917894721031189, -0.0037277948576956987  0.00053026224486529827 -0.00091418524971231818      0.9999924898147583,0.51167798042297363 0.62910830974578857 0.27917894721031189, -0.0037277948576956987  0.00053026224486529827 -0.00091418524971231818      0.9999924898147583
1715186494.0900664,0.51089942455291748 0.62981808185577393 0.27937492728233337,  -0.004132627509534359 -1.9570456970541272e-06  -0.0005118877743370831     0.99999135732650757,0.51089942455291748 0.62981808185577393 0.27937492728233337,  -0.004132627509534359 -1.9570456970541272e-06  -0.0005118877743370831     0.99999135732650757
1715186494.0950668,0.51165908575057983 0.62903112173080444 0.27929604053497314,-0.0044211479835212231 -8.052310295170173e-05 -0.0012319154338911176    0.99998944997787476,0.51165908575057983 0.62903112173080444 0.27929604053497314,-0.0044211479835212231 -8.052310295170173e-05 -0.0012319154338911176    0.99998944997787476
1715186494.1000381,0.51167744398117065 0.62909209728240967 0.27921894192695618,-0.0040473556146025658 0.00027656886959448457 -0.0010185176506638527    0.99999123811721802,0.51167744398117065 0.62909209728240967 0.27921894192695618,-0.0040473556146025658 0.00027656886959448457 -0.0010185176506638527    0.99999123811721802
1715186494.1050925,0.51165395975112915 0.62910288572311401 0.27924734354019165,-0.0040645543485879898 0.00025920174084603786 -0.0010219247778877616    0.99999117851257324,0.51165395975112915 0.62910288572311401 0.27924734354019165,-0.0040645543485879898 0.00025920174084603786 -0.0010219247778877616    0.99999117851257324
1715186494.1100693,0.51089423894882202 0.62984037399291992 0.27937111258506775, -0.0041207568719983101  5.7396744523430243e-05 -0.00044744042679667473     0.99999141693115234,0.51089423894882202 0.62984037399291992 0.27937111258506775, -0.0041207568719983101  5.7396744523430243e-05 -0.00044744042679667473     0.99999141693115234
1715186494.1150672,0.51089376211166382  0.6298556923866272 0.27933228015899658, -0.0041231396608054638  8.0885132774710655e-05 -0.00045952317304909229     0.99999141693115234,0.51089376211166382  0.6298556923866272 0.27933228015899658, -0.0041231396608054638  8.0885132774710655e-05 -0.00045952317304909229     0.99999141693115234
1715186494.1200368,0.51088821887969971 0.62984746694564819 0.27934920787811279,-0.0041373828426003456 8.1207232142332941e-05 -0.0004541408852674067    0.99999135732650757,0.51088821887969971 0.62984746694564819 0.27934920787811279,-0.0041373828426003456 8.1207232142332941e-05 -0.0004541408852674067    0.99999135732650757
1715186494.1250668, 0.5116426944732666 0.62909364700317383  0.2792460024356842, -0.0039882780984044075  0.00031134238815866411 -0.00099209812469780445     0.99999147653579712, 0.5116426944732666 0.62909364700317383  0.2792460024356842, -0.0039882780984044075  0.00031134238815866411 -0.00099209812469780445     0.99999147653579712
1715186494.1300671,0.51084834337234497  0.6298363208770752  0.2793755829334259,-0.0040927892550826073  5.240775499260053e-05 -0.0004428969114087522    0.99999153614044189,0.51084834337234497  0.6298363208770752  0.2793755829334259,-0.0040927892550826073  5.240775499260053e-05 -0.0004428969114087522    0.99999153614044189
1715186494.1350672,0.51164764165878296 0.62908238172531128 0.27920722961425781,-0.0039598336443305016 0.00034134724410250783 -0.0010009467368945479    0.99999159574508667,0.51164764165878296 0.62908238172531128 0.27920722961425781,-0.0039598336443305016 0.00034134724410250783 -0.0010009467368945479    0.99999159574508667
1715186494.1400993,0.51165133714675903 0.62907105684280396 0.27920499444007874,-0.0040625710971653461 0.00024838556419126689 -0.0010830876417458057    0.99999111890792847,0.51165133714675903 0.62907105684280396 0.27920499444007874,-0.0040625710971653461 0.00024838556419126689 -0.0010830876417458057    0.99999111890792847
1715186494.1450675,0.51159781217575073 0.62904930114746094 0.27927139401435852,-0.0043753860518336296 1.8241020370624028e-05 -0.0012814940419048071    0.99998962879180908,0.51159781217575073 0.62904930114746094 0.27927139401435852,-0.0043753860518336296 1.8241020370624028e-05 -0.0012814940419048071    0.99998962879180908
1715186494.1500669,0.51156342029571533 0.62903618812561035  0.2793043851852417, -0.0048199621960520744 -0.00033226702362298965  -0.0015213376609608531     0.99998718500137329,0.51156342029571533 0.62903618812561035  0.2793043851852417, -0.0048199621960520744 -0.00033226702362298965  -0.0015213376609608531     0.99998718500137329
1715186494.1550672,0.51153236627578735 0.62903612852096558 0.27932891249656677,  -0.005023484118282795 -0.00042603662586770952  -0.0016023173229768872     0.99998599290847778,0.51153236627578735 0.62903612852096558 0.27932891249656677,  -0.005023484118282795 -0.00042603662586770952  -0.0016023173229768872     0.99998599290847778
1715186494.1600785,0.51089012622833252  0.6298220157623291 0.27935588359832764, -0.0043299435637891293 -5.2021707233507186e-05   -0.000599277438595891     0.99999046325683594,0.51089012622833252  0.6298220157623291 0.27935588359832764, -0.0043299435637891293 -5.2021707233507186e-05   -0.000599277438595891     0.99999046325683594
1715186494.1650681,0.51164102554321289 0.62910652160644531 0.27917206287384033,-0.0042169527150690556 0.00020683629554696381 -0.0011165832402184606    0.99999046325683594,0.51164102554321289 0.62910652160644531 0.27917206287384033,-0.0042169527150690556 0.00020683629554696381 -0.0011165832402184606    0.99999046325683594
1715186494.1700695,0.51163637638092041 0.62919080257415771 0.27921783924102783,  -0.003988306038081646  0.00029721777536906302 -0.00074568262789398432     0.99999171495437622,0.51163637638092041 0.62919080257415771 0.27921783924102783,  -0.003988306038081646  0.00029721777536906302 -0.00074568262789398432     0.99999171495437622
1715186494.1750214,0.51093274354934692 0.62989252805709839 0.27927869558334351,  -0.004101932980120182  9.4235743745230138e-05 -0.00022616492060478777     0.99999153614044189,0.51093274354934692 0.62989252805709839 0.27927869558334351,  -0.004101932980120182  9.4235743745230138e-05 -0.00022616492060478777     0.99999153614044189
1715186494.1800358,0.51169812679290771 0.62914752960205078 0.27919560670852661, -0.0040453779511153698  0.00030197927844710648 -0.00078850582940503955     0.99999147653579712,0.51169812679290771 0.62914752960205078 0.27919560670852661, -0.0040453779511153698  0.00030197927844710648 -0.00078850582940503955     0.99999147653579712
1715186494.1850662,0.51186811923980713 0.62908089160919189 0.27893659472465515, -0.0017529136966913939   0.0022841221652925014 -0.00052758108358830214     0.99999570846557617,0.51186811923980713 0.62908089160919189 0.27893659472465515, -0.0017529136966913939   0.0022841221652925014 -0.00052758108358830214     0.99999570846557617
1715186494.1900668,0.51091808080673218 0.62985950708389282 0.27933579683303833, -0.0041809198446571827 -1.7983434190682601e-06 -0.00027471125940792263     0.99999123811721802,0.51091808080673218 0.62985950708389282 0.27933579683303833, -0.0041809198446571827 -1.7983434190682601e-06 -0.00027471125940792263     0.99999123811721802
1715186494.1950657,0.51172530651092529 0.62911349534988403 0.27918368577957153, -0.0040269508026540279  0.00027568882796913385 -0.00083706452278420329     0.99999147653579712,0.51172530651092529 0.62911349534988403 0.27918368577957153, -0.0040269508026540279  0.00027568882796913385 -0.00083706452278420329     0.99999147653579712
1715186494.2000377,0.51170176267623901 0.62917113304138184  0.2792154848575592, -0.0040752729400992393  0.00028954530716873705 -0.00095812015933915973     0.99999117851257324,0.51170176267623901 0.62917113304138184  0.2792154848575592, -0.0040752729400992393  0.00028954530716873705 -0.00095812015933915973     0.99999117851257324
1715186494.2050481,0.51187396049499512 0.62911099195480347 0.27890583872795105, -0.0018344722921028733   0.0023135035298764706 -0.00055115768918767571     0.99999547004699707,0.51187396049499512 0.62911099195480347 0.27890583872795105, -0.0018344722921028733   0.0023135035298764706 -0.00055115768918767571     0.99999547004699707
1715186494.2101417,0.51168143749237061 0.62922018766403198 0.27916347980499268, -0.0041063977405428886  0.00032434321474283934 -0.00094551604706794024     0.99999105930328369,0.51168143749237061 0.62922018766403198 0.27916347980499268, -0.0041063977405428886  0.00032434321474283934 -0.00094551604706794024     0.99999105930328369
1715186494.2150669,0.51167023181915283 0.62923210859298706 0.27916973829269409, -0.0040857871063053608  0.00033333300962112844 -0.00091858324594795704     0.99999117851257324,0.51167023181915283 0.62923210859298706 0.27916973829269409, -0.0040857871063053608  0.00033333300962112844 -0.00091858324594795704     0.99999117851257324
1715186494.2200429,0.51166462898254395 0.62922358512878418 0.27917760610580444, -0.0041013848967850208  0.00031978407059796154 -0.00093717686831951141     0.99999111890792847,0.51166462898254395 0.62922358512878418 0.27917760610580444, -0.0041013848967850208  0.00031978407059796154 -0.00093717686831951141     0.99999111890792847
1715186494.2250671,0.51168102025985718 0.62921464443206787 0.27914345264434814, -0.0040691853500902653  0.00035782085615210235 -0.00091596198035404086     0.99999123811721802,0.51168102025985718 0.62921464443206787 0.27914345264434814, -0.0040691853500902653  0.00035782085615210235 -0.00091596198035404086     0.99999123811721802
1715186494.2300675, 0.5116848349571228 0.62915867567062378 0.27915441989898682, -0.0040070461109280586  0.00031398219289258122 -0.00079037225805222988     0.99999159574508667, 0.5116848349571228 0.62915867567062378 0.27915441989898682, -0.0040070461109280586  0.00031398219289258122 -0.00079037225805222988     0.99999159574508667
1715186494.2350993,0.51169544458389282 0.62919259071350098 0.27911913394927979, -0.0040439623408019543  0.00037832380621694028 -0.00093030539574101567     0.99999129772186279,0.51169544458389282 0.62919259071350098 0.27911913394927979, -0.0040439623408019543  0.00037832380621694028 -0.00093030539574101567     0.99999129772186279
1715186494.2400777,0.51170969009399414 0.62913990020751953 0.27912196516990662, -0.0040062861517071724  0.00033004110446199775 -0.00078914058394730091     0.99999159574508667,0.51170969009399414 0.62913990020751953 0.27912196516990662, -0.0040062861517071724  0.00033004110446199775 -0.00078914058394730091     0.99999159574508667
1715186494.2450664, 0.5117146372795105 0.62913972139358521 0.27914491295814514, -0.0040211970917880535  0.00029795322916470468 -0.00078181526623666286     0.99999153614044189, 0.5117146372795105 0.62913972139358521 0.27914491295814514, -0.0040211970917880535  0.00029795322916470468 -0.00078181526623666286     0.99999153614044189
1715186494.2500665,0.51169705390930176 0.62917131185531616 0.27912348508834839, -0.0040550609119236469  0.00030853669159114361 -0.00077737309038639069     0.99999141693115234,0.51169705390930176 0.62917131185531616 0.27912348508834839, -0.0040550609119236469  0.00030853669159114361 -0.00077737309038639069     0.99999141693115234
1715186494.2550669,0.51170188188552856 0.62915998697280884 0.27914828062057495,  -0.004045531153678894  0.00028002882027067244 -0.00077542918734252453     0.99999147653579712,0.51170188188552856 0.62915998697280884 0.27914828062057495,  -0.004045531153678894  0.00028002882027067244 -0.00077542918734252453     0.99999147653579712
1715186494.2600362,0.51168817281723022 0.62918782234191895 0.27911171317100525, -0.0041135470382869244  0.00028150927391834557 -0.00076452060602605343     0.99999117851257324,0.51168817281723022 0.62918782234191895 0.27911171317100525, -0.0041135470382869244  0.00028150927391834557 -0.00076452060602605343     0.99999117851257324
1715186494.2650201,0.51168102025985718 0.62918883562088013 0.27912032604217529, -0.0040784780867397785  0.00026604838785715401 -0.00077623588731512427     0.99999135732650757,0.51168102025985718 0.62918883562088013 0.27912032604217529, -0.0040784780867397785  0.00026604838785715401 -0.00077623588731512427     0.99999135732650757
1715186494.2700663,0.51167780160903931 0.62918746471405029 0.27905797958374023, -0.0041488572023808956  0.00029926243587397039 -0.00077647779835388064     0.99999105930328369,0.51167780160903931 0.62918746471405029 0.27905797958374023, -0.0041488572023808956  0.00029926243587397039 -0.00077647779835388064     0.99999105930328369
1715186494.2751656,0.51090627908706665 0.62988400459289551  0.2792631983757019, -0.0041612777858972549  6.7763343395199627e-05 -0.00021518932771869004     0.99999129772186279,0.51090627908706665 0.62988400459289551  0.2792631983757019, -0.0041612777858972549  6.7763343395199627e-05 -0.00021518932771869004     0.99999129772186279
1715186494.2801161,0.51168477535247803 0.62917321920394897 0.27907663583755493, -0.0040680035017430782  0.00030657861498184502 -0.00075482798274606466     0.99999141693115234,0.51168477535247803 0.62917321920394897 0.27907663583755493, -0.0040680035017430782  0.00030657861498184502 -0.00075482798274606466     0.99999141693115234
1715186494.2850661,0.51170194149017334 0.62916284799575806 0.27907097339630127, -0.0040121614001691341  0.00031723847496323287 -0.00076830503530800343     0.99999159574508667,0.51170194149017334 0.62916284799575806 0.27907097339630127, -0.0040121614001691341  0.00031723847496323287 -0.00076830503530800343     0.99999159574508667
1715186494.2901695,0.51169443130493164 0.62916445732116699 0.27905556559562683, -0.0040374989621341228  0.00035788019886240363 -0.00074324436718598008     0.99999153614044189,0.51169443130493164 0.62916445732116699 0.27905556559562683, -0.0040374989621341228  0.00035788019886240363 -0.00074324436718598008     0.99999153614044189
1715186494.2950673,0.51095783710479736 0.62988919019699097 0.27920109033584595, -0.0041709304787218571  5.6256270909216255e-05 -0.00021830192417837679     0.99999129772186279,0.51095783710479736 0.62988919019699097 0.27920109033584595, -0.0041709304787218571  5.6256270909216255e-05 -0.00021830192417837679     0.99999129772186279
1715186494.3000531,0.51171243190765381 0.62918716669082642 0.27903947234153748, -0.0041076675988733768  0.00032930841553024948 -0.00076903606532141566     0.99999123811721802,0.51171243190765381 0.62918716669082642 0.27903947234153748, -0.0041076675988733768  0.00032930841553024948 -0.00076903606532141566     0.99999123811721802
1715186494.3051004,0.51171141862869263 0.62921696901321411 0.27897277474403381, -0.0041577438823878765  0.00033206291845999658 -0.00076200510375201702     0.99999099969863892,0.51171141862869263 0.62921696901321411 0.27897277474403381, -0.0041577438823878765  0.00033206291845999658 -0.00076200510375201702     0.99999099969863892
1715186494.3100688, 0.5117182731628418 0.62923389673233032 0.27892380952835083, -0.0042283129878342152  0.00032513958285562694 -0.00076444866135716438     0.99999070167541504, 0.5117182731628418 0.62923389673233032 0.27892380952835083, -0.0042283129878342152  0.00032513958285562694 -0.00076444866135716438     0.99999070167541504
1715186494.3150666,0.51097875833511353 0.62998336553573608 0.27899518609046936, -0.0043626748956739902  9.0444002125877887e-05 -0.00024228691472671926     0.99999046325683594,0.51097875833511353 0.62998336553573608 0.27899518609046936, -0.0043626748956739902  9.0444002125877887e-05 -0.00024228691472671926     0.99999046325683594
1715186494.3200386,0.51175355911254883 0.62927746772766113 0.27870997786521912, -0.0043058665469288826  0.00038823910290375352 -0.00076272990554571152     0.99999034404754639,0.51175355911254883 0.62927746772766113 0.27870997786521912, -0.0043058665469288826  0.00038823910290375352 -0.00076272990554571152     0.99999034404754639
1715186494.3250663,0.51175355911254883  0.6293182373046875 0.27860581874847412, -0.0043049454689025879  0.00043636534246616066 -0.00073526590131223202     0.99999034404754639,0.51175355911254883  0.6293182373046875 0.27860581874847412, -0.0043049454689025879  0.00043636534246616066 -0.00073526590131223202     0.99999034404754639
1715186494.3300974,0.51100057363510132 0.63005274534225464 0.27871385216712952, -0.0044734650291502476  0.00021412815840449184 -0.00021749624283984303     0.99998992681503296,0.51100057363510132 0.63005274534225464 0.27871385216712952, -0.0044734650291502476  0.00021412815840449184 -0.00021749624283984303     0.99998992681503296
1715186494.3350656,0.51176804304122925  0.6293455958366394 0.27846607565879822, -0.0043843896128237247  0.00049967342056334019 -0.00071365002077072859     0.99998998641967773,0.51176804304122925  0.6293455958366394 0.27846607565879822, -0.0043843896128237247  0.00049967342056334019 -0.00071365002077072859     0.99998998641967773
1715186494.3400381,0.51178485155105591  0.6291312575340271 0.27903184294700623, -0.0040967096574604511  0.00031997813493944705 -0.00078135693911463022     0.99999123811721802,0.51178485155105591  0.6291312575340271 0.27903184294700623, -0.0040967096574604511  0.00031997813493944705 -0.00078135693911463022     0.99999123811721802
1715186494.3450675,0.51178175210952759 0.62916779518127441 0.27906474471092224,-0.0041227294132113457 0.00030870301998220384 -0.0009339776006527245    0.99999099969863892,0.51178175210952759 0.62916779518127441 0.27906474471092224,-0.0041227294132113457 0.00030870301998220384 -0.0009339776006527245    0.99999099969863892
1715186494.3500671,0.51176393032073975 0.62915772199630737 0.27903395891189575,  -0.004181866068392992   0.0002405678533250466 -0.00078567495802417397     0.99999094009399414,0.51176393032073975 0.62915772199630737 0.27903395891189575,  -0.004181866068392992   0.0002405678533250466 -0.00078567495802417397     0.99999094009399414
1715186494.3551037,0.51178836822509766  0.6291496753692627 0.27901658415794373, -0.0041730361990630627  0.00030937252449803054 -0.00078517815563827753     0.99999094009399414,0.51178836822509766  0.6291496753692627 0.27901658415794373, -0.0041730361990630627  0.00030937252449803054 -0.00078517815563827753     0.99999094009399414
1715186494.3600399,0.51173460483551025 0.62922614812850952  0.2790256142616272, -0.0041820253245532513  0.00030822993721812963 -0.00090885558165609837     0.99999082088470459,0.51173460483551025 0.62922614812850952  0.2790256142616272, -0.0041820253245532513  0.00030822993721812963 -0.00090885558165609837     0.99999082088470459
1715186494.3650665,0.51178151369094849 0.62916696071624756 0.27902722358703613,  -0.004166965838521719  0.00026988063473254442 -0.00079324300168082118     0.99999094009399414,0.51178151369094849 0.62916696071624756 0.27902722358703613,  -0.004166965838521719  0.00026988063473254442 -0.00079324300168082118     0.99999094009399414
1715186494.3700686, 0.5117875337600708 0.62916064262390137 0.27902919054031372,-0.0041212099604308605 0.00030398427043110132 -0.0007800295134074986    0.99999117851257324, 0.5117875337600708 0.62916064262390137 0.27902919054031372,-0.0041212099604308605 0.00030398427043110132 -0.0007800295134074986    0.99999117851257324
1715186494.3750675,0.51174944639205933 0.62919789552688599 0.27903839945793152, -0.0041554970666766167  0.00032418372575193644 -0.00091854081256315112     0.99999088048934937,0.51174944639205933 0.62919789552688599 0.27903839945793152, -0.0041554970666766167  0.00032418372575193644 -0.00091854081256315112     0.99999088048934937
1715186494.3800418,0.51180940866470337 0.62916076183319092 0.27902674674987793, -0.0041075404733419418  0.00036513077793642879 -0.00095473171677440405     0.99999105930328369,0.51180940866470337 0.62916076183319092 0.27902674674987793, -0.0041075404733419418  0.00036513077793642879 -0.00095473171677440405     0.99999105930328369
1715186494.3850961,0.51176905632019043 0.62913757562637329 0.27906918525695801, -0.0040517905727028847  0.00029367717797867954 -0.00078223599120974541     0.99999141693115234,0.51176905632019043 0.62913757562637329 0.27906918525695801, -0.0040517905727028847  0.00029367717797867954 -0.00078223599120974541     0.99999141693115234
1715186494.3901479,0.51097828149795532 0.62988686561584473 0.27914512157440186, -0.0042419573292136192  4.3153842852916569e-05 -0.00024642920470796525     0.99999099969863892,0.51097828149795532 0.62988686561584473 0.27914512157440186, -0.0042419573292136192  4.3153842852916569e-05 -0.00024642920470796525     0.99999099969863892
1715186494.3950958,0.51100897789001465 0.62988042831420898 0.27914184331893921,  -0.004157752264291048   0.0001178515303763561 -0.00023400264035444707     0.99999129772186279,0.51100897789001465 0.62988042831420898 0.27914184331893921,  -0.004157752264291048   0.0001178515303763561 -0.00023400264035444707     0.99999129772186279
1715186494.4000616,0.51099944114685059  0.6298937201499939 0.27914804220199585, -0.0042058615945279598  0.00010386723442934453 -0.00024299399228766561     0.99999111890792847,0.51099944114685059  0.6298937201499939 0.27914804220199585, -0.0042058615945279598  0.00010386723442934453 -0.00024299399228766561     0.99999111890792847
1715186494.4050679,0.51177775859832764 0.62913995981216431 0.27902865409851074,-0.0040658866055309772 0.00033688964322209358 -0.0007829745882190764    0.99999135732650757,0.51177775859832764 0.62913995981216431 0.27902865409851074,-0.0040658866055309772 0.00033688964322209358 -0.0007829745882190764    0.99999135732650757
1715186494.4101019,0.51099669933319092 0.62988340854644775  0.2791517972946167, -0.0042104646563529968  0.00010308518540114164 -0.00023524026619270444     0.99999111890792847,0.51099669933319092 0.62988340854644775  0.2791517972946167, -0.0042104646563529968  0.00010308518540114164 -0.00023524026619270444     0.99999111890792847
1715186494.4150662,0.51177984476089478 0.62913775444030762 0.27902057766914368,  -0.004111303947865963  0.00033213981078006327 -0.00080046843504533172     0.99999117851257324,0.51177984476089478 0.62913775444030762 0.27902057766914368,  -0.004111303947865963  0.00033213981078006327 -0.00080046843504533172     0.99999117851257324
1715186494.4200394,0.51102930307388306 0.63005161285400391 0.27862715721130371,-0.0044359196908771992 0.00024966307682916522 -0.0001999421656364575    0.99999010562896729,0.51102930307388306 0.63005161285400391 0.27862715721130371,-0.0044359196908771992 0.00024966307682916522 -0.0001999421656364575    0.99999010562896729
1715186494.4250896,0.51101416349411011 0.63003361225128174 0.27869471907615662, -0.0044325636699795723  0.00022238984820432961 -0.00023258932924363762     0.99999010562896729,0.51101416349411011 0.63003361225128174 0.27869471907615662, -0.0044325636699795723  0.00022238984820432961 -0.00023258932924363762     0.99999010562896729
1715186494.4300828,0.51103311777114868 0.63000774383544922  0.2787143886089325, -0.0043940492905676365  0.00024657318135723472 -0.00022467524104285985     0.99999028444290161,0.51103311777114868 0.63000774383544922  0.2787143886089325, -0.0043940492905676365  0.00024657318135723472 -0.00022467524104285985     0.99999028444290161
1715186494.4351273,0.51100915670394897 0.62998509407043457 0.27881768345832825,-0.0043459683656692505 0.00022212463954929262 -0.0002176531997974962    0.99999052286148071,0.51100915670394897 0.62998509407043457 0.27881768345832825,-0.0043459683656692505 0.00022212463954929262 -0.0002176531997974962    0.99999052286148071
1715186494.4400365,0.51098942756652832 0.62998437881469727 0.27887901663780212, -0.0043369429185986519  0.00018249644199386239 -0.00022198441729415208     0.99999058246612549,0.51098942756652832 0.62998437881469727 0.27887901663780212, -0.0043369429185986519  0.00018249644199386239 -0.00022198441729415208     0.99999058246612549
1715186494.4450679, 0.5117567777633667 0.62925118207931519 0.27873632311820984,-0.0041853180155158043 0.00045219674939289689 -0.0007645014557056129    0.99999082088470459, 0.5117567777633667 0.62925118207931519 0.27873632311820984,-0.0041853180155158043 0.00045219674939289689 -0.0007645014557056129    0.99999082088470459
1715186494.4501505, 0.5117347240447998 0.62922936677932739 0.27887141704559326, -0.0041616018861532211  0.00037748960312455893 -0.00076273479498922825     0.99999099969863892, 0.5117347240447998 0.62922936677932739 0.27887141704559326, -0.0041616018861532211  0.00037748960312455893 -0.00076273479498922825     0.99999099969863892
1715186494.4550941,0.51094299554824829 0.62996208667755127 0.27907505631446838, -0.0042692283168435097  8.4068000433035195e-05 -0.00021041563013568521     0.99999088048934937,0.51094299554824829 0.62996208667755127 0.27907505631446838, -0.0042692283168435097  8.4068000433035195e-05 -0.00021041563013568521     0.99999088048934937
1715186494.4600399,0.51173222064971924 0.62920612096786499 0.27891746163368225, -0.0041734040714800358  0.00035851000575348735 -0.00078464735997840762     0.99999094009399414,0.51173222064971924 0.62920612096786499 0.27891746163368225, -0.0041734040714800358  0.00035851000575348735 -0.00078464735997840762     0.99999094009399414
1715186494.4650733,0.51172995567321777  0.6291954517364502 0.27898597717285156, -0.0041398825123906136  0.00033863665885291994 -0.00077642698306590319     0.99999105930328369,0.51172995567321777  0.6291954517364502 0.27898597717285156, -0.0041398825123906136  0.00033863665885291994 -0.00077642698306590319     0.99999105930328369
1715186494.4700716,0.51172888278961182  0.6291918158531189 0.27899187803268433, -0.0041539785452187061   0.0002900756080634892 -0.00078279408626258373     0.99999099969863892,0.51172888278961182  0.6291918158531189 0.27899187803268433, -0.0041539785452187061   0.0002900756080634892 -0.00078279408626258373     0.99999099969863892
1715186494.4750698, 0.5109366774559021 0.62991803884506226 0.27923056483268738, -0.0042332992888987064  5.0161594117525965e-05 -0.00023669529764447361     0.99999099969863892, 0.5109366774559021 0.62991803884506226 0.27923056483268738, -0.0042332992888987064  5.0161594117525965e-05 -0.00023669529764447361     0.99999099969863892
1715186494.4800403,0.51173549890518188 0.62920635938644409  0.2790452241897583, -0.0041049947030842304  0.00035150989424437284 -0.00094793253811076283     0.99999105930328369,0.51173549890518188 0.62920635938644409  0.2790452241897583, -0.0041049947030842304  0.00035150989424437284 -0.00094793253811076283     0.99999105930328369
1715186494.4850719,0.51173913478851318 0.62917274236679077 0.27904742956161499,-0.0041025117971003056 0.00031637455685995519 -0.0008070431649684906    0.99999123811721802,0.51173913478851318 0.62917274236679077 0.27904742956161499,-0.0041025117971003056 0.00031637455685995519 -0.0008070431649684906    0.99999123811721802
1715186494.4900832,0.51094406843185425 0.62994784116744995 0.27922111749649048, -0.0042408774606883526  6.3233979744836688e-05 -0.00039780593942850828     0.99999094009399414,0.51094406843185425 0.62994784116744995 0.27922111749649048, -0.0042408774606883526  6.3233979744836688e-05 -0.00039780593942850828     0.99999094009399414
1715186494.4950707,0.51093506813049316 0.62992191314697266  0.2791982889175415,-0.0042589074000716209  3.476752681308426e-05 -0.0002367350971326232    0.99999088048934937,0.51093506813049316 0.62992191314697266  0.2791982889175415,-0.0042589074000716209  3.476752681308426e-05 -0.0002367350971326232    0.99999088048934937
1715186494.5000536,0.51093959808349609 0.62996041774749756 0.27923125028610229, -0.0042283809743821621  9.0418143372517079e-05 -0.00039437517989426851     0.99999099969863892,0.51093959808349609 0.62996041774749756 0.27923125028610229, -0.0042283809743821621  9.0418143372517079e-05 -0.00039437517989426851     0.99999099969863892
1715186494.5050933,0.51091694831848145 0.62994551658630371 0.27921813726425171, -0.0042909849435091019 -1.2852494364778977e-05  -0.0002393178001511842     0.99999076128005981,0.51091694831848145 0.62994551658630371 0.27921813726425171, -0.0042909849435091019 -1.2852494364778977e-05  -0.0002393178001511842     0.99999076128005981
1715186494.5102217,  0.510894775390625 0.62998485565185547 0.27925917506217957,  -0.004264043178409338   3.709178781718947e-05 -0.00038018092163838446     0.99999082088470459,  0.510894775390625 0.62998485565185547 0.27925917506217957,  -0.004264043178409338   3.709178781718947e-05 -0.00038018092163838446     0.99999082088470459
1715186494.5150735,0.51090717315673828 0.62998789548873901 0.27925831079483032, -0.0042296308092772961  6.3808380218688399e-05 -0.00039922926225699484     0.99999099969863892,0.51090717315673828 0.62998789548873901 0.27925831079483032, -0.0042296308092772961  6.3808380218688399e-05 -0.00039922926225699484     0.99999099969863892
1715186494.5265918,0.51079028844833374 0.63003259897232056 0.27929908037185669, -0.0042019765824079514  2.4120254238368943e-05 -0.00015693760360591114     0.99999117851257324,0.51079028844833374 0.63003259897232056 0.27929908037185669, -0.0042019765824079514  2.4120254238368943e-05 -0.00015693760360591114     0.99999117851257324
1715186494.5266683,0.51173698902130127 0.62914985418319702 0.27908661961555481, -0.0040906309150159359  0.00032203854061663151 -0.00081882718950510025     0.99999123811721802,0.51173698902130127 0.62914985418319702 0.27908661961555481, -0.0040906309150159359  0.00032203854061663151 -0.00081882718950510025     0.99999123811721802
1715186494.5300741,0.51173698902130127 0.62914985418319702 0.27908661961555481, -0.0040906309150159359  0.00032203854061663151 -0.00081882718950510025     0.99999123811721802,0.51173698902130127 0.62914985418319702 0.27908661961555481, -0.0040906309150159359  0.00032203854061663151 -0.00081882718950510025     0.99999123811721802
1715186494.5351346,0.51172047853469849 0.62915581464767456 0.27909383177757263, -0.0040753409266471863  0.00031010218663141131 -0.00081207201583310962     0.99999129772186279,0.51172047853469849 0.62915581464767456 0.27909383177757263, -0.0040753409266471863  0.00031010218663141131 -0.00081207201583310962     0.99999129772186279
1715186494.5400443,0.51172047853469849 0.62915581464767456 0.27909383177757263, -0.0040753409266471863  0.00031010218663141131 -0.00081207201583310962     0.99999129772186279,0.51172047853469849 0.62915581464767456 0.27909383177757263, -0.0040753409266471863  0.00031010218663141131 -0.00081207201583310962     0.99999129772186279
1715186494.5451224,0.51172089576721191 0.62915116548538208 0.27909502387046814, -0.0040872958488762379  0.00032911336165852845 -0.00080466369399800897     0.99999129772186279,0.51172089576721191 0.62915116548538208 0.27909502387046814, -0.0040872958488762379  0.00032911336165852845 -0.00080466369399800897     0.99999129772186279
1715186494.5500686,0.51172089576721191 0.62915116548538208 0.27909502387046814, -0.0040872958488762379  0.00032911336165852845 -0.00080466369399800897     0.99999129772186279,0.51172089576721191 0.62915116548538208 0.27909502387046814, -0.0040872958488762379  0.00032911336165852845 -0.00080466369399800897     0.99999129772186279
1715186494.5550735,0.51171433925628662 0.62915295362472534 0.27908957004547119, -0.0040190038271248341  0.00032784213544800878 -0.00080145365791395307     0.99999153614044189,0.51171433925628662 0.62915295362472534 0.27908957004547119, -0.0040190038271248341  0.00032784213544800878 -0.00080145365791395307     0.99999153614044189
1715186494.5600507, 0.5117117166519165 0.62914931774139404 0.27911427617073059, -0.0040527563542127609  0.00034763288567773998 -0.00082057242980226874     0.99999141693115234, 0.5117117166519165 0.62914931774139404 0.27911427617073059, -0.0040527563542127609  0.00034763288567773998 -0.00082057242980226874     0.99999141693115234
1715186494.5650687,0.51188600063323975 0.62908560037612915 0.27890419960021973, -0.0017753668362274766   0.0022996966727077961 -0.00053336063865572214      0.9999956488609314,0.51188600063323975 0.62908560037612915 0.27890419960021973, -0.0017753668362274766   0.0022996966727077961 -0.00053336063865572214      0.9999956488609314
1715186494.5700967,0.51188594102859497 0.62909835577011108 0.27888739109039307, -0.0018256822368130088    0.002296586986631155 -0.00054176407866179943     0.99999552965164185,0.51188594102859497 0.62909835577011108 0.27888739109039307, -0.0018256822368130088    0.002296586986631155 -0.00054176407866179943     0.99999552965164185
1715186494.5751045,0.51186990737915039 0.62909269332885742 0.27888280153274536, -0.0018227079417556524   0.0023119482211768627 -0.00052863417658954859     0.99999552965164185,0.51186990737915039 0.62909269332885742 0.27888280153274536, -0.0018227079417556524   0.0023119482211768627 -0.00052863417658954859     0.99999552965164185
1715186494.5800383,0.51167505979537964 0.62907415628433228 0.27916288375854492,-0.0040990179404616356 0.00026783873909153044 -0.0011266926303505898    0.99999094009399414,0.51167505979537964 0.62907415628433228 0.27916288375854492,-0.0040990179404616356 0.00026783873909153044 -0.0011266926303505898    0.99999094009399414
1715186494.5850666,0.51168197393417358 0.62908238172531128 0.27913045883178711,-0.0041351239196956158 0.00028491806006059051 -0.0011128089390695095    0.99999076128005981,0.51168197393417358 0.62908238172531128 0.27913045883178711,-0.0041351239196956158 0.00028491806006059051 -0.0011128089390695095    0.99999076128005981
1715186494.5900683,0.51167958974838257 0.62906813621520996  0.2791687548160553,-0.0041045001707971096 0.00029129208996891975 -0.0011176988482475281    0.99999088048934937,0.51167958974838257 0.62906813621520996  0.2791687548160553,-0.0041045001707971096 0.00029129208996891975 -0.0011176988482475281    0.99999088048934937
1715186494.595114,0.51168012619018555 0.62910962104797363 0.27915140986442566,-0.0041445749811828136 0.00034555516322143376 -0.0012554433196783066    0.99999058246612549,0.51168012619018555 0.62910962104797363 0.27915140986442566,-0.0041445749811828136 0.00034555516322143376 -0.0012554433196783066    0.99999058246612549
1715186494.6000381,0.51170456409454346 0.62906575202941895 0.27913942933082581,-0.0041090804152190685 0.00028785842005163431 -0.0011140132555738091    0.99999088048934937,0.51170456409454346 0.62906575202941895 0.27913942933082581,-0.0041090804152190685 0.00028785842005163431 -0.0011140132555738091    0.99999088048934937
1715186494.6050727,0.51168465614318848 0.62907731533050537 0.27919110655784607, -0.004137521144002676 0.00022956391330808401 -0.0011283649364486337    0.99999076128005981,0.51168465614318848 0.62907731533050537 0.27919110655784607, -0.004137521144002676 0.00022956391330808401 -0.0011283649364486337    0.99999076128005981
1715186494.6100459,0.51170206069946289  0.6290706992149353  0.2791590690612793,-0.0041370880790054798 0.00028024442144669592 -0.0011412935564294457    0.99999076128005981,0.51170206069946289  0.6290706992149353  0.2791590690612793,-0.0041370880790054798 0.00028024442144669592 -0.0011412935564294457    0.99999076128005981
1715186494.6150711,0.51169389486312866 0.62907463312149048 0.27919900417327881,-0.0041406103409826756 0.00026742409681901336 -0.0011204435722902417    0.99999076128005981,0.51169389486312866 0.62907463312149048 0.27919900417327881,-0.0041406103409826756 0.00026742409681901336 -0.0011204435722902417    0.99999076128005981
1715186494.6200697,0.51171553134918213 0.62906527519226074 0.27915337681770325,-0.0041780676692724228 0.00025299459230154753 -0.0011513868812471628    0.99999058246612549,0.51171553134918213 0.62906527519226074 0.27915337681770325,-0.0041780676692724228 0.00025299459230154753 -0.0011513868812471628    0.99999058246612549
1715186494.6250696,0.51170831918716431 0.62905377149581909 0.27918994426727295,-0.0041506551206111908 0.00027396238874644041 -0.0011487134033814073    0.99999070167541504,0.51170831918716431 0.62905377149581909 0.27918994426727295,-0.0041506551206111908 0.00027396238874644041 -0.0011487134033814073    0.99999070167541504
1715186494.6300678,0.51169174909591675 0.62907612323760986 0.27915880084037781,-0.0041839061304926872 0.00025402577011846006 -0.0011346741812303662    0.99999058246612549,0.51169174909591675 0.62907612323760986 0.27915880084037781,-0.0041839061304926872 0.00025402577011846006 -0.0011346741812303662    0.99999058246612549
1715186494.6350927,0.51170492172241211 0.62907290458679199 0.27913445234298706,-0.0041677439585328102  0.0002816211199387908 -0.0011462501715868711    0.99999064207077026,0.51170492172241211 0.62907290458679199 0.27913445234298706,-0.0041677439585328102  0.0002816211199387908 -0.0011462501715868711    0.99999064207077026
1715186494.6400681,0.51169353723526001  0.6291089653968811 0.27917027473449707,-0.0041678762063384056 0.00029349344549700618 -0.0012819292023777962    0.99999046325683594,0.51169353723526001  0.6291089653968811 0.27917027473449707,-0.0041678762063384056 0.00029349344549700618 -0.0012819292023777962    0.99999046325683594
1715186494.6451359,0.51168382167816162 0.62907606363296509 0.27918487787246704,-0.0041476339101791382 0.00027173908893018961 -0.0011355275055393577    0.99999070167541504,0.51168382167816162 0.62907606363296509 0.27918487787246704,-0.0041476339101791382 0.00027173908893018961 -0.0011355275055393577    0.99999070167541504
1715186494.6500857,0.51168274879455566 0.62911707162857056     0.2791748046875,-0.0042021810077130795 0.00030281153158284724 -0.0012691731099039316    0.99999034404754639,0.51168274879455566 0.62911707162857056     0.2791748046875,-0.0042021810077130795 0.00030281153158284724 -0.0012691731099039316    0.99999034404754639
1715186494.6550801, 0.5116848349571228 0.62911140918731689 0.27918282151222229, -0.004149602260440588 0.00033053586957976222 -0.0012880940921604633    0.99999052286148071, 0.5116848349571228 0.62911140918731689 0.27918282151222229, -0.004149602260440588 0.00033053586957976222 -0.0012880940921604633    0.99999052286148071
1715186494.6600513,0.51170015335083008  0.6290549635887146  0.2791917622089386,-0.0041299746371805668 0.00026383643853478134 -0.0011558304540812969    0.99999076128005981,0.51170015335083008  0.6290549635887146  0.2791917622089386,-0.0041299746371805668 0.00026383643853478134 -0.0011558304540812969    0.99999076128005981
1715186494.6650705,0.51172059774398804 0.62906008958816528  0.2791430652141571,-0.0041538123041391373 0.00028423414914868772 -0.0011664441553875804    0.99999064207077026,0.51172059774398804 0.62906008958816528  0.2791430652141571,-0.0041538123041391373 0.00028423414914868772 -0.0011664441553875804    0.99999064207077026
1715186494.6700678,0.51168906688690186 0.62907671928405762 0.27917575836181641,-0.0041663437150418758 0.00026918048388324678 -0.0011352348374202847    0.99999064207077026,0.51168906688690186 0.62907671928405762 0.27917575836181641,-0.0041663437150418758 0.00026918048388324678 -0.0011352348374202847    0.99999064207077026
1715186494.675066,0.51170164346694946 0.62906396389007568 0.27915850281715393,-0.0041493736207485199 0.00025121576618403196 -0.0011696527944877744    0.99999070167541504,0.51170164346694946 0.62906396389007568 0.27915850281715393,-0.0041493736207485199 0.00025121576618403196 -0.0011696527944877744    0.99999070167541504
1715186494.6800365, 0.5117000937461853 0.62906920909881592 0.27914407849311829,-0.0041524386033415794 0.00027288988349027932 -0.0011644908227026463    0.99999064207077026, 0.5117000937461853 0.62906920909881592 0.27914407849311829,-0.0041524386033415794 0.00027288988349027932 -0.0011644908227026463    0.99999064207077026
1715186494.685122,0.51170593500137329 0.62906026840209961 0.27916461229324341,-0.0041372901760041714  0.0002729611296672374 -0.0011412448948249221    0.99999076128005981,0.51170593500137329 0.62906026840209961 0.27916461229324341,-0.0041372901760041714  0.0002729611296672374 -0.0011412448948249221    0.99999076128005981
1715186494.6900685,0.51170408725738525 0.62905478477478027 0.27916833758354187,-0.0041239084675908089 0.00028696819208562374  -0.001161700114607811    0.99999076128005981,0.51170408725738525 0.62905478477478027 0.27916833758354187,-0.0041239084675908089 0.00028696819208562374  -0.001161700114607811    0.99999076128005981
1715186494.6950827,  0.511677086353302 0.62907111644744873 0.27915683388710022,-0.0041253813542425632 0.00028500432381406426 -0.0011461143149062991    0.99999082088470459,  0.511677086353302 0.62907111644744873 0.27915683388710022,-0.0041253813542425632 0.00028500432381406426 -0.0011461143149062991    0.99999082088470459
1715186494.7000856,0.51170122623443604 0.62904518842697144 0.27917778491973877,-0.0041439482010900974 0.00023423254606314003  -0.001153883058577776    0.99999070167541504,0.51170122623443604 0.62904518842697144 0.27917778491973877,-0.0041439482010900974 0.00023423254606314003  -0.001153883058577776    0.99999070167541504
1715186494.7050681,0.51169508695602417 0.62905722856521606 0.27917662262916565,-0.0041491426527500153 0.00028553564334288239 -0.0011387043632566929    0.99999070167541504,0.51169508695602417 0.62905722856521606 0.27917662262916565,-0.0041491426527500153 0.00028553564334288239 -0.0011387043632566929    0.99999070167541504
