DesiredFlux,1.003,HitTime,1715021008.8965595,DesiredPos, 0.54460251331329346 -0.29237401485443115  0.21781256794929504
RobotName,RosTime,JointPosition,JointVelocity,JointEffort,TorqueCmd,EEF_Position,EEF_Orientation,EEF_Velocity,EEF_DesiredVelocity,Inertia,DirGrad,HittingFlux
IIWA_14,1715021008.3500211, 0.59474047023340371   1.0796744610940383 -0.13834739037262064  -1.4325309685333658  -1.0581573964999786   1.7427290879636441 -0.59569729070894128, 0.0006775840466034821 0.00012298231501369994 -0.0009247607788188929 0.00023811862763719916 2.6400287096891132e-07 0.00051159739240693618 -0.0036879745044694741,-0.94135148620605469   68.055082855224612   5.3232289123535157  -15.133563407897949   1.3804278564453125  -2.1637121315002443  0.54368148422241214, -1.8818007063623554   3.6993271770206904  -1.8019138427347821 -0.57614124256534538 -0.65815824605767814 -0.10443351085182961 -0.74879257363533724,0.53454703092575073 0.06242113932967186 0.22821712493896484, 0.51111698150634766 -0.50996804237365723  0.49630019068717957   0.4820561408996582,3.1484953069593757e-05 0.00019702446297742426  0.0003167445829603821, 0.012721722014248371   -1.4513736963272095 -0.013160337693989277,  0.24599231779575348 -0.019135678187012672  0.065808661282062531 -0.019135678187012672   0.23349802196025848   0.02894384041428566  0.065808661282062531   0.02894384041428566   0.18520136177539825,    0.70183741847884562    -0.59952187284917358      1.1058047552561234      0.5929664320447614   -0.068942286932660579    0.085779627656989987 -1.7763568394002505e-12,0.00025868031661957502
IIWA_14,1715021008.3549912, 0.59473849288444425   1.0796750004007771 -0.13835146495284251  -1.4325317474956276  -1.0581572046882939   1.7427292078459471 -0.59572629262695553, 0.00046297327890443447  0.00011995812156386521 -0.00090279183192964855  0.00015933641163756534  7.8836696870823768e-06  0.00041407320604449098  -0.0041104563241455266, -1.057091423034668  68.114238822937011  5.2748359222412109 -15.195398895263672  1.3777867317199708 -2.1617096214294436  0.5456839942932129, -54.911908326033327   9.4875501409242009  -37.064631925673119  -21.063104695333855 -0.42059418202759835   2.5776522607468295 -0.74648937844377938, 0.53454726934432983 0.062418993562459946  0.22821752727031708, 0.51112186908721924 -0.50996172428131104  0.49629408121109009  0.48206394910812378,  3.56263954017777e-05 7.1739741542842239e-05 0.00026928467559628189,  0.01272172573953867   -1.4513741731643677 -0.013161730021238327,  0.24599207937717438 -0.019135557115077972  0.065808862447738647 -0.019135557115077972   0.23349830508232117  0.028943471610546112  0.065808862447738647  0.028943471610546112   0.18520131707191467,    0.70183125951839287    -0.59951125497814672      1.1057908976406239     0.59295742267817531   -0.068944135308335319    0.085771548270052733 -1.7763568394002505e-12,0.00019413682457525283
IIWA_14,1715021008.3599935, 0.59473585634644299   1.0796750004007771 -0.13835637849101917  -1.4325325863444993  -1.0581573964999786   1.7427292078459471 -0.59575691224702021,  0.0002649171030733491  9.5966497251092172e-05 -0.00091877499261032599  9.3915174442125835e-05 -1.3655316406413457e-06  0.00033125856483559281  -0.0045131498619034524,-1.2088393402099611  68.075658843994148  5.2156889343261721 -15.242447635650635  1.3848297309875488 -2.1627108764648439 0.54668524932861329, -54.907361136184605   9.4842559377813576  -37.063559464583896  -21.059144248211414  -0.4215892561486706   2.5771615603059863 -0.74392967019401979, 0.53454744815826416 0.062416326254606247  0.22821806371212006, 0.51112711429595947 -0.50995469093322754  0.49628722667694092  0.48207288980484009, 3.5070879675913602e-05 -4.9296995712211356e-05  0.00023683060135226697, 0.012721388600766659   -1.4513747692108154 -0.013162472285330296,  0.24599179625511169 -0.019135411828756332  0.065809108316898346 -0.019135411828756332   0.23349867761135101   0.02894301526248455  0.065809108316898346   0.02894301526248455   0.18520122766494751,    0.70182371491700479    -0.59949824695593179      1.1057738310800147     0.59294619983063512   -0.068946588852369928    0.085761241668258492 -8.8817841970012523e-13,0.00016890844563022256
IIWA_14,1715021008.3649921, 0.59472656857682848   1.0796776968253885 -0.13837663183707472  -1.4325487051146399   -1.058156917232566   1.7427421507713476 -0.59578705255603903,-0.00015957710212162967  0.00018463018225568648  -0.0015451538363099883 -0.00056961866607139317  1.8078271193297194e-05   0.0007827238678904645  -0.0048161322502756568,-1.2216993331909181  67.846750968933108  5.3272616615295414 -15.035433177947999  1.3821886062622071 -2.1880760040283205 0.54768650436401367, -54.902838941902807   9.4814186977363377  -37.062040708022288  -21.055435371466228 -0.42239592000745818   2.5764975029172903 -0.74148540939352792, 0.53454786539077759 0.062413040548563004  0.22821906208992004, 0.51113224029541016 -0.50994753837585449  0.49628016352653503  0.48208233714103699, 4.4577358494279906e-05 -0.00017077222582884133  0.00022930187697056681, 0.012721053324639797   -1.4513753652572632 -0.013162663206458092,  0.24599137902259827 -0.019135262817144394  0.065809436142444611 -0.019135262817144394   0.23349909484386444  0.028942463919520378  0.065809436142444611  0.028942463919520378    0.1852012425661087,  0.70181571147553967   -0.5994823659865034    1.1057540430607915   0.59293259763926187 -0.068949559127950977  0.085749450296823682                     0,0.00019995206093881279
IIWA_14,1715021008.3699937, 0.59458377653665506    1.079728150476156 -0.13876647872352643  -1.4328770130006634  -1.0581533698508614   1.7430482878489659 -0.59582048859210102,-0.0058393432886342175  0.0021658501765046013  -0.016829998527116665  -0.013588010373795072 0.00015635788513883783   0.012871662199043763 -0.0051903472426999067, 5.8718727951049807  63.456349365234381  11.138453224182129 -8.5373300056457513  1.1242387580871582 -3.5604629058837891 0.63646445083618164, -54.880618239014794   9.4739042371692168  -37.044772484501564  -21.040957893185166 -0.42511321806386204   2.5679889007028551 -0.73788081488945478, 0.53454345464706421 0.062397580593824387  0.22822260856628418, 0.51112580299377441 -0.50993698835372925  0.49627324938774109  0.48210737109184265, -0.0001418823521817103 -0.00075498933438211679  0.00032549846218898892,  0.01272088848054409   -1.4513760805130005 -0.013163311406970024,  0.24599127471446991 -0.019134307280182838  0.065810076892375946 -0.019134307280182838   0.23350122570991516  0.028940530493855476  0.065810076892375946  0.028940530493855476   0.18519936501979828,    0.70176790864184824    -0.59942329144480055      1.1056709814685206     0.59287620354009363   -0.068958248394146437    0.085666280937424233 -8.8817841970012523e-13,0.00057652388932183385
IIWA_14,1715021008.3749962, 0.59450815600165541   1.0797245552069799 -0.13922733203985091  -1.4331368908900393  -1.0581603686211618   1.7434049982414885 -0.59585350509464408, -0.0076962960308935404   0.0015888693741577323   -0.031898131474672436   -0.021265523874070866 -0.00015486450390552362    0.024565745460139322  -0.0054729378958823073, 11.190765892028809  62.682177787780766  13.800067680358886 -8.1434648361206055 0.92175252914428707 -2.5091451187133789 0.48594244384765622,    -54.458724087099   9.3745399724574501  -36.661259104610664  -20.793853116156946 -0.46317465634832167   2.3840395868437394 -0.70875807046106065,0.53444397449493408 0.06211535632610321  0.2283010333776474, 0.51085376739501953 -0.50985473394393921  0.49628472328186035   0.4824708104133606,-0.0040946877561509609  -0.011889630928635597  0.0033999243751168251, 0.012720945291221142   -1.4513769149780273 -0.013164283707737923, 0.24599239230155945   -0.019116235896945 0.065820522606372833   -0.019116235896945  0.23354096710681915 0.028907753527164459 0.065820522606372833 0.028907753527164459  0.18516124784946442,    0.70086690755566394    -0.59841520872527809      1.1041886291813796     0.59189557502659085   -0.069070460812170609    0.083993430796347468 -2.6645352591003757e-12,0.0090009709820151329
IIWA_14,1715021008.3799965, 0.59446381438484541   1.0797273115182011 -0.13984032516165634  -1.4335645479349075  -1.0581538491182738   1.7440564008241426 -0.59589269351775453,-0.0079307014971146429  0.0013813479481767311  -0.050038230051955269  -0.034118700893986532 0.00013688851239524651    0.04570869967427383 -0.0059458872411242017, 14.444344116210939  63.011393608093265  14.754484985351562 -8.7174594688415521  1.2246014976501465  -3.369890697479248 0.49228372573852541,  -54.16035334250963   9.3495173831267451  -36.323163417667331  -20.639172056736879  -0.4731841329190869   2.2161968946066928 -0.70167530652410226,0.53436863422393799 0.06186111643910408 0.22844021022319794,  0.5105438232421875 -0.50979214906692505  0.49634596705436707  0.48280182480812073,-0.0062942109070718288  -0.019672637805342674  0.0082920016720890999,  0.01272090058773756   -1.4513809680938721 -0.013166047632694244,  0.24597714841365814 -0.019103113561868668  0.065837875008583069 -0.019103113561868668     0.233578160405159   0.02887796051800251  0.065837875008583069   0.02887796051800251   0.18514074385166168,   0.70016348496970693   -0.59754243844789556     1.1028717590830794    0.59108256477191645  -0.069127443603989036   0.082302030442349405 1.7763568394002505e-12,0.015378468669950962
IIWA_14,1715021008.3849959, 0.59444571826574533   1.0797309667830701 -0.14061947951873785  -1.4341975547472456  -1.0581581635721848   1.7448816344914706 -0.59593655582351868,   -0.00706840596169516   0.0012512889533016615   -0.071196758324824513   -0.052615233208714536 -6.3067346524808398e-05    0.069576306432539342  -0.0065112020234650361, 15.182507713317872  63.248017478942877  14.200654098510743 -8.2617588119506831  1.0185937690734863 -2.8939608039855957 0.60008551788330078, -53.797232802168175   9.2912737313806399  -35.893674007302323  -20.404519838724418  -0.4952137397105385   1.9604963630706587 -0.67871771413986426, 0.53421306610107422 0.061535272747278214  0.22864329814910889, 0.5100894570350647 -0.5096624493598938 0.49643734097480774 0.48332482576370239,-0.011268950998783112 -0.028748936951160431  0.014769874513149261, 0.012733033858239651   -1.4514570236206055 -0.013177314773201942,  0.24596798419952393 -0.019086657091975212  0.065855056047439575 -0.019086657091975212   0.23362764716148376  0.028847089037299156  0.065855056047439575  0.028847089037299156   0.18510256707668304, 0.69926473389081423 -0.59661110929098982   1.1013421277787927  0.59017427773966347 -0.06914686898085165 0.079726759524945123                    0,0.023648815229535103
IIWA_14,1715021008.3899961, 0.59443684992056678   1.0797280305938528 -0.14160386376098597  -1.4350169161452222  -1.0581595057303796   1.7460001821933195 -0.59598203594041632,  -0.006009458576498033  0.00088358359394863253   -0.096332776349784224   -0.074866642486034002 -0.00010414020501208176     0.10040295321998899  -0.0070281662946778236, 13.924800399780274  62.273230010986332  13.218007549285888 -7.8531068954467775  0.7905766677856445 -2.9960888175964357 0.61910936355590818, -53.376602211202183   9.1947402947318579  -35.393448260976498  -20.103822445546147 -0.52417437750023343   1.6507478692963462 -0.63948525171937476, 0.53398865461349487 0.061124872416257858  0.22889190912246704, 0.50952625274658203 -0.50945872068405151  0.49655759334564209  0.48400968313217163,-0.018011247739195824  -0.03937024250626564  0.021785438060760498, 0.012992670759558678   -1.4515239000320435 -0.013414644636213779,   0.2459670752286911 -0.019060393795371056  0.065872296690940857 -0.019060393795371056    0.2336919903755188  0.028809012845158577  0.065872296690940857  0.028809012845158577    0.1850430965423584,    0.69791880459657563    -0.59547815400495807      1.0993054147121484     0.58900248119631016   -0.069074761043452781    0.076427353635999395 -1.7763568394002505e-12,0.033482611179351807
IIWA_14,1715021008.3949966, 0.59441138338511856   1.0797285100139817 -0.14282607496650784  -1.4360018995808193  -1.0581592181001189   1.7473056237875459  -0.5960266172127493, -0.0058262282791270393  0.00072604368031607886    -0.12595466930070251   -0.099292651412709335 -7.1806953580857164e-05     0.13254002634504752  -0.0074057839290613582, 12.996308906555177  62.630737815856939  13.845772171020508 -7.2602927665710446  1.0951863861083984 -3.0371402740478515 0.56504159164428713, -53.380295904258865   9.2009846573543825  -35.393216026163415  -20.101353505849847 -0.52540887681427439   1.6452992558782797 -0.63948525171937476, 0.53398865461349487 0.061124872416257858  0.22889190912246704, 0.50952625274658203 -0.50945872068405151  0.49655759334564209  0.48400968313217163,-0.018011247739195824  -0.03937024250626564  0.021785438060760498, 0.013253274373710155   -1.4516134262084961 -0.013763213530182838,   0.2459670752286911 -0.019060393795371056  0.065872296690940857 -0.019060393795371056    0.2336919903755188  0.028809012845158577  0.065872296690940857  0.028809012845158577    0.1850430965423584,    0.69791880459657563    -0.59547815400495807      1.0993054147121484     0.58900248119631016   -0.069074761043452781    0.076427353635999395 -1.7763568394002505e-12,0.033482611179351807
IIWA_14,1715021008.3999968, 0.59438340030305525   1.0797274314005041 -0.14425585294398166  -1.4371367458217217  -1.0581599851723251   1.7487824398064409 -0.59608102567051868, -0.0057803059058340236  0.00053769040514705258    -0.15795485453951469    -0.12482797076626474 -8.8128451112609487e-05     0.16510466183183536  -0.0081009654540244377, 14.380044151306153  62.450697914123538  14.105212368011475 -7.9566141242980954 0.98249839782714843 -2.8522418441772461 0.51931761169433599, -52.260009461411251   8.9550017646114366  -34.053562036113419  -19.308765828904605 -0.59986450991404527  0.79819174113931346 -0.54139037739297113, 0.53333514928817749 0.059973224997520447  0.22961769998073578,-0.50789421796798706  0.50888335704803467 -0.49690842628479004  -0.4859662652015686,-0.035332795232534409  -0.06695084273815155  0.040446784347295761,0.013733913190662861   -1.451727032661438 -0.01431724987924099,  0.24596451222896576 -0.018989043310284615   0.06592058390378952 -0.018989043310284615   0.23387351632118225  0.028704816475510597   0.06592058390378952  0.028704816475510597    0.1848747581243515,    0.69422923506845535    -0.59236842562970793      1.0936975790833969     0.58578425247102217   -0.068885411252495032    0.066962355192323741 -1.7763568394002505e-12,0.059280171990394592
IIWA_14,1715021008.4049964, 0.59437255449983406   1.0797280305938528 -0.14587420262065948  -1.4384587256105246  -1.0581610397002592   1.7503861088642818 -0.59617126682866228, -0.0050580768535149522  0.00045412005806627978    -0.19109787069872439    -0.15274156816512718 -0.00011268387825351437     0.19623049177910543    -0.01009041868896356, 14.806995918273927  62.749049751281738  14.406324306488036  -7.806058155059814  1.0203545188903809 -3.0648416633605957 0.59374423599243165, -52.266609068212986   8.9701998902919389  -34.051251365256682  -19.305097803205648 -0.60111084131455039  0.78666196568293156 -0.54139037739297113, 0.53333514928817749 0.059973224997520447  0.22961769998073578,-0.50789421796798706  0.50888335704803467 -0.49690842628479004  -0.4859662652015686,-0.035332795232534409  -0.06695084273815155  0.040446784347295761, 0.014407339505851269   -1.4517132043838501 -0.015039187856018543,  0.24596451222896576 -0.018989043310284615   0.06592058390378952 -0.018989043310284615   0.23387351632118225  0.028704816475510597   0.06592058390378952  0.028704816475510597    0.1848747581243515,    0.69422923506845535    -0.59236842562970793      1.0936975790833969     0.58578425247102217   -0.068885411252495032    0.066962355192323741 -1.7763568394002505e-12,0.059280171990394592
IIWA_14,1715021008.4099963, 0.59436668223048272   1.0797293488628537 -0.14766536487330964   -1.439941593667684  -1.0581573964999786   1.7521288548108169 -0.59630243421243578,-0.0042813522568654373  0.0004160268064870049   -0.22452478666498607   -0.18150797681848055 5.5580908619889567e-05    0.22669423128468907  -0.013319030302110872, 15.205655700683595  63.013965606689453  14.220817844390869 -8.5225432586669925  1.0925452613830566 -2.6286282196044923 0.59741550445556635, -50.935636668434505    8.652410018676413  -32.453473933282119    -18.3639732846969  -0.6913091632400733 -0.21868137413132488 -0.41784988136359791,  0.5324748158454895 0.058404162526130676  0.23057729005813599,-0.50573056936264038  0.50810378789901733 -0.49736922979354858 -0.48856014013290405,-0.05395980179309845 -0.09927784651517868 0.060844078660011292, 0.014410799369215965   -1.4520618915557861 -0.015042799524962902,  0.24595782160758972 -0.018883250653743744  0.065989837050437927 -0.018883250653743744   0.23412461578845978  0.028550175949931145  0.065989837050437927  0.028550175949931145   0.18464520573616028,   0.68888422554902462   -0.58787382486880091     1.0855587287190716    0.58115349578091724  -0.068602494903480249   0.054432523620029372 3.5527136788005009e-12,0.088607490062713623
IIWA_14,1715021008.4149957, 0.59436320684360966    1.079731266325203 -0.14963575116893937  -1.4416039255324291   -1.058163340742345   1.7538971272884933 -0.59645649137118317, -0.0035640972804149157  0.00040951993916334091    -0.25843528115717818    -0.21169965604458726 -0.00019330496775725545     0.25208628413480783   -0.016817510591584272, 14.313172187805177  63.700689231872559  12.970665599822999 -8.0238266105651856 0.92879552841186519 -2.4964625549316408 0.62778690719604491, -50.948647512646829   8.6542728341637503    -32.4618771481382  -18.368611343050027 -0.69137977925011995 -0.21861100772812048 -0.41784988136359791,  0.5324748158454895 0.058404162526130676  0.23057729005813599,-0.50573056936264038  0.50810378789901733 -0.49736922979354858 -0.48856014013290405,-0.05395980179309845 -0.09927784651517868 0.060844078660011292, 0.016483906656503677   -1.4520151615142822 -0.017270650714635849,  0.24595782160758972 -0.018883250653743744  0.065989837050437927 -0.018883250653743744   0.23412461578845978  0.028550175949931145  0.065989837050437927  0.028550175949931145   0.18464520573616028,   0.68888422554902462   -0.58787382486880091     1.0855587287190716    0.58115349578091724  -0.068602494903480249   0.054432523620029372 3.5527136788005009e-12,0.088607490062713623
IIWA_14,1715021008.4199965, 0.59434481107329362   1.0797319255142448 -0.15182305200182855  -1.4434050347437355  -1.0581613273305199   1.7557191489258144  -0.5966217538709776, -0.0035871086369734352  0.00035398351300252001    -0.29424025824130962     -0.2414040932879252 -7.4107501204146586e-05     0.27454989280068776   -0.020064508465044515, 12.273577301025391  63.248017478942877  12.302573486328125   -7.98215486907959  1.0564498901367188 -2.7931677970886231 0.60308928298950193, -49.564707812111898   8.2749526288591824  -30.782653889216739   -17.31983228004766 -0.80281677381569838  -1.3196481423374404 -0.25084529321887838,  0.5314103364944458 0.056480709463357925  0.23169869184494019,-0.50319445133209229  0.50708287954330444 -0.49787652492523193 -0.49171259999275208,-0.073262281715869904   -0.1324618011713028  0.079832486808300018, 0.016489382833242416   -1.4524973630905151 -0.017276385799050331,   0.2459629625082016 -0.018737105652689934  0.066071055829524994 -0.018737105652689934   0.23443827033042908  0.028346262872219086  0.066071055829524994  0.028346262872219086   0.18434657156467438,  0.68172777666397621  -0.58209773664330555    1.0748894283238997   0.57513770058204017 -0.068158230381420992  0.039479801767328127                     0,0.11810877174139023
IIWA_14,1715021008.4249964, 0.59430562265018316   1.0797322850520708 -0.15423230068337379  -1.4453495350794812  -1.0581636283726057   1.7573709346385542 -0.59678354087481589,-0.0044372238339971046 0.00029756832344024676    -0.3317621538548573   -0.27090328806016695 -0.0001513276843937833    0.28571134275014332  -0.022523086925567107, 11.581709678649903  63.656965255737305  12.584865928649903 -8.7147709693908695   1.110152759552002 -2.0976292991638186 0.56203782653808598, -49.582666747379584     8.27752644015799  -30.794222219553767  -17.326219270643804 -0.80291171235251013  -1.3196317602848886 -0.25084529321887838,  0.5314103364944458 0.056480709463357925  0.23169869184494019,-0.50319445133209229  0.50708287954330444 -0.49787652492523193 -0.49171259999275208,-0.073262281715869904   -0.1324618011713028  0.079832486808300018,0.01948137953877449  -1.452418327331543 -0.0205046646296978,   0.2459629625082016 -0.018737105652689934  0.066071055829524994 -0.018737105652689934   0.23443827033042908  0.028346262872219086  0.066071055829524994  0.028346262872219086   0.18434657156467438,  0.68172777666397621  -0.58209773664330555    1.0748894283238997   0.57513770058204017 -0.068158230381420992  0.039479801767328127                     0,0.11810877174139023
IIWA_14,1715021008.4299951,  0.5942610413778503   1.0797327643631167 -0.15683473506016682  -1.4474702036048523  -1.0581622860398781   1.7589615408886914 -0.59694448902978237, -0.0053330299605123428  0.00025722710059077492    -0.36950709815560695    -0.30154937146298089 -6.7368838409486378e-05     0.29219332420560196   -0.024456395739112815,  12.08839340209961  63.916737113952642  13.072828578948975 -9.2807001037597665  1.1233583831787108 -2.3125653800964354  0.6324594306945801,  -48.105835159859943    7.8726527078792987   -29.017298369337521   -16.252246353094602  -0.92394510467633384   -2.4192571082313368 -0.079424126986021581, 0.53024208545684814 0.054144535213708878  0.23293781280517578,-0.50034034252166748  0.50592964887619019 -0.49843192100524902 -0.49523764848709106,-0.08935120701789856 -0.16836738586425781 0.096355050802230835, 0.019489455968141556   -1.4530205726623535 -0.020513167604804039,  0.24595814943313599 -0.018537789583206177  0.066178396344184875 -0.018537789583206177   0.23482179641723633  0.028060156852006912  0.066178396344184875  0.028060156852006912   0.18399378657341003, 0.67227802724989516  -0.5742860803641392   1.0606109230213434  0.56709065384552559 -0.06764740944298353 0.022763857359109352                    0,0.1473272293806076
IIWA_14,1715021008.4349947, 0.59422077434126208   1.0797343222876401 -0.15960422951680073   -1.449759729899194  -1.0581621902213021   1.7602305504801117 -0.59707008368633741,-0.0058771054319384812 0.00026809866140812611   -0.40638545678984189   -0.33282054894405066  -5.00623276890881e-05    0.28451504302129316  -0.024588902853491822,  13.09404485321045  63.885873130798345  12.980075347900391 -9.5320748023986823  1.1453677558898925 -2.0612503662109374 0.61076557159423828, -47.368545199364611    7.607745057670372  -28.155715161356508  -15.739417392015126 -0.98521704646877661  -2.9073117655693483 0.010197602184775167, 0.52962702512741089 0.052823174744844437  0.23357300460338593,-0.49883970618247986  0.50530838966369629 -0.49871718883514404 -0.49709510803222656,-0.096387572586536407  -0.18693311512470245   0.10295112431049347, 0.023544469848275185   -1.4528939723968506 -0.024782977998256683,  0.24595575034618378 -0.018413050100207329  0.066240377724170685 -0.018413050100207329   0.23503930866718292  0.027880830690264702  0.066240377724170685  0.027880830690264702   0.18379455804824829,    0.66652081389317885    -0.56952032881785186      1.0519061037763677     0.56218989509293493   -0.067349198242361297    0.013987388591374383 -8.8817841970012523e-13,0.1614823043346405
IIWA_14,1715021008.4399955, 0.59418500141841479   1.0797349814766821 -0.16254234197779907  -1.4522079272392436  -1.0581642994517031   1.7612499285738623 -0.59716296149156545, -0.0061326012594423076  0.00024084649080722997    -0.44263286387180728    -0.36418433275722617 -0.00012441907819142926     0.26838715816705988   -0.023386234491915143, 14.858435890197756  64.526300781250001  12.758274143218994 -8.9500146713256843  1.1233583831787108  -1.981483715057373 0.57371913528442386,  -47.38617137814748   7.7135540189983027   -28.11787098901404  -15.692142793672923 -0.99899093699432973  -2.9972084092323303 0.010197602184775195, 0.52962702512741089 0.052823174744844437  0.23357300460338593,-0.49883970618247986  0.50530838966369629 -0.49871718883514404 -0.49709510803222656,-0.096387572586536407  -0.18693311512470245   0.10295112431049347, 0.023556407541036606   -1.4536305665969849 -0.024795543402433395,  0.24595575034618378 -0.018413050100207329  0.066240377724170685 -0.018413050100207329   0.23503930866718292  0.027880830690264702  0.066240377724170685  0.027880830690264702   0.18379455804824829,    0.66652081389317885    -0.56952032881785186      1.0519061037763677     0.56218989509293493   -0.067349198242361297    0.013987388591374383 -8.8817841970012523e-13,0.1614823043346405
IIWA_14,1715021008.4449966, 0.59416366945888155   1.0797369588256416 -0.16565254793911793  -1.4547851947318045  -1.0581706271429063   1.7618720296963692 -0.59719106445593173, -0.0057593593888836045  0.00027177115102413522    -0.47851452955020035    -0.39443816590821373 -0.00035264291068250154     0.23959377143392532   -0.019833106168183449, 14.863579887390138  64.397700851440433  12.410113464355469 -8.8747366867065427  1.0432442665100097   -1.40976708984375 0.51331008148193358,-46.692133598548907  7.4300621262308022  -27.32049843931236 -15.212010650929548 -1.0628108127182569 -3.4114509733553495 0.10046753930461798, 0.52901524305343628 0.051419280469417572  0.23416845500469208,-0.49737784266471863  0.50467270612716675 -0.49899783730506897 -0.49892076849937439,-0.10194672644138336 -0.20507767796516418  0.10671345889568329, 0.028578115627169609   -1.4538582563400269 -0.030100146308541298, 0.24595817923545837 -0.01826510950922966  0.06630542129278183 -0.01826510950922966  0.23527094721794128 0.027671843767166138  0.06630542129278183 0.027671843767166138   0.1835794597864151,   0.6598659336187751  -0.56410413283014549      1.04193203543268   0.55659430909127394 -0.066974747034542759 0.0053998780265018809                     0,0.17418387532234192
IIWA_14,1715021008.4499941, 0.59414377565065191   1.0797325845942036 -0.16892094574418212   -1.457485899763048   -1.058170914773167   1.7620705483542296  -0.5971804584173166, -0.0054032398402926009   4.244766330116544e-05    -0.51354753584272783    -0.42357873397631235 -0.00029361953897480951      0.1996157634615546   -0.015442243389941351, 15.025615798950197   63.76498919677735  13.472070747375488 -8.2644473114013675  1.1629752540588378 -1.8015915603637696 0.44622599411010744,-45.386920107300888  6.9717665376888149 -25.783250047951007 -14.270836844016344 -1.2038924734577332 -4.1872276355588616   0.271914788969148, 0.52780938148498535 0.048376291990280151  0.23526696860790253, 0.49453690648078918 -0.50337725877761841  0.49956819415092468  0.50247007608413696,-0.10940783470869064 -0.23998382687568665  0.10883904993534088, 0.031438697129487991   -1.4537343978881836 -0.033086575567722321,  0.24597112834453583 -0.017904201522469521  0.066446065902709961 -0.017904201522469521    0.2357715517282486  0.027167623862624168  0.066446065902709961  0.027167623862624168   0.18311154842376709,  0.64408634670254372  -0.55143059147599871    1.0184081052013738   0.54346808763749976 -0.066014345462050983 -0.011263438657316271                     0,0.19656962156295776
IIWA_14,1715021008.4549522, 0.59412214414898579    1.079731625863029 -0.17230870628954095  -1.4602746888345628  -1.0581748456037083    1.761791855270102 -0.59717973934166479, -0.0051878519388788603 -4.3911163459361261e-06    -0.54634845048853553    -0.45041455004164221 -0.00039212885283135691     0.14854488740413785    -0.01232503168588106, 13.886220420837404  62.908513664245611  13.394104263305664 -8.9580801696777339 0.98337877273559571 -1.8099353523254393 0.46391483306884768,-45.397802622185587  7.0440693164068477 -25.755898256343016 -14.236820441433331 -1.2138087683639933 -4.2495047968588935   0.271914788969148, 0.52780938148498535 0.048376291990280151  0.23526696860790253, 0.49453690648078918 -0.50337725877761841  0.49956819415092468  0.50247007608413696,-0.10940783470869064 -0.23998382687568665  0.10883904993534088, 0.031448312103748322    -1.454179048538208 -0.033096697181463242,  0.24597112834453583 -0.017904201522469521  0.066446065902709961 -0.017904201522469521    0.2357715517282486  0.027167623862624168  0.066446065902709961  0.027167623862624168   0.18311154842376709,  0.64408634670254372  -0.55143059147599871    1.0184081052013738   0.54346808763749976 -0.066014345462050983 -0.011263438657316271                     0,0.19656962156295776
IIWA_14,1715021008.4599934, 0.59408367480152713   1.0797270718626781 -0.17582152229379908  -1.4631925479495056  -1.0581755166828057    1.761121158072567 -0.59717608418587886, -0.0056890554494494231 -0.00018567290710956613    -0.57759140056115332    -0.47704600463102581 -0.00034054624616120308    0.092008022021910829  -0.0097138191172676091, 11.885205513000489  62.327241981506354  13.403514011383058 -8.9782439155578615  1.2554146194458007 -1.3446855125427246 0.46524983978271484,-44.804471242145866  6.7526857626036989 -25.101369598338511  -13.86344515041827  -1.274367061227923 -4.4736200533243959 0.35001000614186811, 0.52724564075469971 0.046744614839553833  0.23574145138263702, 0.49321836233139038 -0.50274693965911865  0.49984678626060486  0.50411742925643921,-0.11066272109746933  -0.2567082941532135  0.10681821405887604, 0.034435335546731949   -1.4550012350082397 -0.036133360117673874, 0.24597908556461334 -0.01768842525780201 0.066522382199764252 -0.01768842525780201  0.23603703081607819   0.0268661268055439 0.066522382199764252   0.0268661268055439  0.18286508321762085,  0.63489456288579049   -0.5440722445220203     1.004699461165437   0.53584616000446061 -0.065441746739836049 -0.018987872895337432                     0,0.20609921216964722
IIWA_14,1715021008.4649918, 0.59402537153244894   1.0797183832864126 -0.17947473356483531  -1.4662278525605597  -1.0581766672038486   1.7599806194403091 -0.59716583768508957, -0.0068833751226869766 -0.00049608137631044233    -0.60820157129037222    -0.50304898814698296  -0.0003184578386441955    0.027984872327215624  -0.0073611952622424691, 11.134181922912598   62.05461013031006  11.756808097839356 -9.8923337287902839  1.1339228820800782 -1.2659201164245606 0.39382698059082033,-44.298540606134765  6.5333887799972246 -24.515668438363139 -13.506854661284912 -1.3444565016839836  -4.679545294711466 0.43083034940024667, 0.52672350406646729 0.045055374503135681  0.23614677786827087, 0.49201959371566772 -0.50212550163269043   0.5000990629196167  0.50565564632415771,-0.11008208245038986   -0.272469162940979  0.10250405222177505, 0.040659956634044647   -1.4546753168106079 -0.042261037975549698,  0.24598886072635651 -0.017449596896767616  0.066601186990737915 -0.017449596896767616   0.23630818724632263   0.02653256431221962  0.066601186990737915   0.02653256431221962   0.18261374533176422,   0.62488656453485447   -0.53607274573153063    0.98977738425443107    0.52756170336820674  -0.064809192749315514  -0.026115304333274025 8.8817841970012523e-13,0.2142680287361145
IIWA_14,1715021008.469991, 0.59394250068157028   1.0797178439796737 -0.18330201557606846  -1.4694088852919214   -1.058183665974149   1.7583183474621742  -0.5971656579161766,  -0.008821534133295901 -0.00041843737060125912    -0.63965253748162343    -0.52968049977205522 -0.00053471708293195024    -0.04410298126362569  -0.0058817654532748601, 10.555482238769532  62.376109954833986  10.748620803833008 -10.719047309875489   1.236046371459961 -1.0606628341674804  0.4071770477294922, -43.77976941129068  6.3738328920273783 -23.919803331016176 -13.107982095985824 -1.4324711927695639 -4.9092163595603129 0.51604063756769447, 0.52621924877166748 0.043290834873914719  0.23649881780147552, 0.49090352654457092 -0.50150728225708008  0.50032317638397217  0.50713002681732178,-0.10899118334054947 -0.28815656900405884 0.096995331346988678, 0.040674198418855667   -1.4551849365234375 -0.042275846004486084,  0.24600280821323395 -0.017189159989356995  0.066681317985057831 -0.017189159989356995    0.2365860641002655  0.026167718693614006  0.066681317985057831  0.026167718693614006   0.18235400319099426,   0.61411563715285666   -0.52743683312428402    0.97369761665255794     0.5186183836087821   -0.06415473225729329  -0.032851476277073743 1.7763568394002505e-12,0.22228103876113892
IIWA_14,1715021008.4749796, 0.59381139318440668   1.0797179638619767 -0.18732344212280722  -1.4727584761410375  -1.0581821320042695   1.7561093552410088 -0.59716122379812886,  -0.012301527193181012 -0.00032995460436206531    -0.67257909185484921    -0.55772803378228919 -0.00036641487116301794    -0.12364207385751816  -0.0045280476407104538,  10.732950141906739   62.695037780761723   11.661366367340088  -10.763407550811767   1.2677398681640626 -0.75528004837036133  0.37814065170288086,-43.272336565463412  6.0728250072163243 -23.431296776765841  -12.81510882729599 -1.4980434168766759 -4.9557036271106902 0.60261015739177715, 0.52574783563613892 0.041445270180702209  0.23678885400295258, 0.48988887667655945 -0.50090354681015015  0.50051981210708618  0.50851196050643921,-0.10690848529338837 -0.30402940511703491 0.090182922780513763, 0.043761417269706726    -1.455528736114502 -0.045203614979982376,  0.24601887166500092 -0.016904713585972786  0.066763877868652344 -0.016904713585972786   0.23687012493610382  0.025767192244529724  0.066763877868652344  0.025767192244529724   0.18208862841129303,  0.60250608206402489  -0.51808310381940004   0.95632144978452516   0.50894201156292951 -0.063472983909740321 -0.039080549825598609                     0,0.2302263081073761
IIWA_14,1715021008.4799957,  0.5936394195663891   1.0797176643198438 -0.19147687479310824  -1.4762483423746289  -1.0581821320042695    1.753272689170118 -0.59715547130199742,  -0.016720166475247752 -0.00027594536880467347    -0.70420058029592025     -0.5857770763694865 -0.00029313189693041435    -0.21238030192164353  -0.0033923382673107932, 13.106904846191407  62.625593818664555   12.39532671737671 -9.4366330718994149  1.2254818725585936 -1.1968335189819337 0.37613814163208009,-42.761370338042127  5.8244431368707801 -22.934187411895849 -12.485099539617062 -1.5822859588460774 -5.0117973662999589 0.69689180524014538,0.52530890703201294 0.03949742391705513 0.23700736463069916, 0.48898521065711975 -0.50030344724655151  0.50068366527557373  0.50980961322784424,-0.10406200587749481 -0.32090544700622559 0.081962481141090393, 0.046691752970218658   -1.4558862447738647 -0.047880526632070541,  0.24603889882564545 -0.016591483727097511  0.066848732531070709 -0.016591483727097511   0.23716218769550323  0.025324976071715355  0.066848732531070709  0.025324976071715355    0.1818142831325531,   0.58988666284509605   -0.50788715506566717    0.93741085210030661    0.49840390763389308  -0.062747563847942445  -0.044805757221766385 1.7763568394002505e-12,0.23874178528785706
IIWA_14,1715021008.4849954, 0.59345216602710271   1.0797153873196683 -0.19573151441616005  -1.4797879430742527  -1.0581998685637271   1.7497104982376532 -0.59714678272573174,  -0.020866274751653868 -0.00031183630206458831    -0.73354604915880861     -0.6102056890805404 -0.00094396789584760311    -0.31239187883590658  -0.0023663275632214045,  13.518424621582032   61.555642402648928    13.50298849105835  -8.6798204765319831   1.1330425071716308 -0.73792496109008787  0.35945055770874024,-42.206651184849065  5.5557051360042244  -22.43690320252453 -12.146933603686474 -1.6782973702679804 -5.0193389461043472 0.79707721963559197, 0.52489805221557617 0.037423279136419296   0.2371542751789093,  0.4881838858127594 -0.49972021579742432  0.50080561637878418  0.51102834939956665,-0.10081318020820618 -0.33954435586929321 0.072622433304786682, 0.049566838890314102   -1.4562530517578125 -0.050383780151605606,  0.24606239795684814 -0.016248276457190514   0.06693635880947113 -0.016248276457190514   0.23746317625045776   0.02483583427965641   0.06693635880947113   0.02483583427965641   0.18153071403503418,   0.57622084045316768   -0.49673298782160202    0.91683003981657407     0.4869009764965071  -0.062032278724366563  -0.050059014359504772 3.5527136788005009e-12,0.24854086339473724
IIWA_14,1715021008.489994, 0.59324202271284254   1.0797066987434027 -0.20007106212565981  -1.4833901015011728   -1.058196704805392   1.7454965450756255 -0.59713809414946606,  -0.025098752371729871 -0.00059701209227446005    -0.76041874770703743    -0.63225088834123766 -0.00062862398327449701    -0.41847162954983619  -0.0015455189999498934,  13.268940757751466   62.491849891662604   13.102402072906495  -9.2726346054077151   1.2351659965515136 -0.80634405517578123  0.35644679260253909, -41.17995492292922  4.9573269321316795 -21.675626841275498 -11.615402075141574 -1.8607336075798062 -4.7322379186349908  1.0011114622915875, 0.52424263954162598 0.033021647483110428   0.2371479719877243,  0.4871075451374054 -0.49864709377288818  0.50091230869293213  0.51299524307250977,-0.090230435132980347  -0.37604567408561707  0.048155184835195541, 0.052282977849245071   -1.4566407203674316 -0.052620187401771545,  0.24612328410148621 -0.015474546700716019  0.067112080752849579 -0.015474546700716019     0.238067626953125  0.023727593943476677  0.067112080752849579  0.023727593943476677   0.18095612525939941,   0.54599709195635171   -0.47194578366926976     0.8711915099119949    0.46135577959915963  -0.060507209425075814  -0.058054622296133118 8.8817841970012523e-13,0.26767373085021973
IIWA_14,1715021008.4949942,  0.5930109068677919    1.079709335281404 -0.20451978617944114  -1.4871029342012048  -1.0582061962549303   1.7406057829002717 -0.59712335364401914,   -0.02932363569940968 -0.00037214815376936957    -0.78628396031688308    -0.65431401867426919 -0.00088255716815254133    -0.53040779065402011 -0.00064679498208312968,  12.093537399291993    62.74647775268555   11.115600978851319  -10.770128799438476   1.1823435020446778 -0.71623110198974604  0.28335517501831053,-40.775520713341038  4.7050702460752678 -21.428387276103525 -11.416914208062144  -1.959201488429563 -4.4899879515864107  1.0983957718726109, 0.52401471138000488 0.030732613056898117  0.23698815703392029, 0.48686179518699646 -0.49818563461303711  0.50089269876480103  0.51369565725326538,-0.082855045795440674  -0.39257559180259705  0.033515322953462601, 0.054798100143671036   -1.4570573568344116 -0.054517455399036407,  0.24615684151649475 -0.015049419365823269  0.067199714481830597 -0.015049419365823269   0.23836374282836914  0.023113485425710678  0.067199714481830597  0.023113485425710678   0.18067531287670135,   0.52967736835718426   -0.45847005411747688    0.84641580616473533    0.44748856639476031  -0.059727310381951781  -0.060616043550787424 1.7763568394002505e-12,0.27643698453903198
IIWA_14,1715021008.4999969, 0.59274078247762685   1.0797062193232738 -0.20912184842540105   -1.490978512745333  -1.0582082096667553    1.735040368829464  -0.5971058566091848,  -0.034263884166129729 -0.00042235684822286698    -0.81310965809190283     -0.6784743567045447 -0.00078658220752369091    -0.64694279535552346    0.000182445407706899, 10.876982063293458  63.127133544921875   11.60356362915039  -11.69362836074829  1.5371345901489257 -0.6514832763671875 0.28368892669677737,-40.401545203122225  4.4426689027831019 -21.243856803137458 -11.240879729912539 -2.0599095050074405 -4.1800211566409917  1.2001459650454143, 0.52383929491043091 0.028366183862090111  0.23671853542327881, 0.48680636286735535 -0.49775037169456482  0.50082778930664062   0.5142330527305603,-0.075005069375038147  -0.40897926688194275  0.017480609938502312, 0.057131398469209671    -1.458071231842041 -0.056079626083374023,  0.24619857966899872 -0.014594367705285549  0.067284658551216125 -0.014594367705285549     0.238657146692276  0.022456478327512741  0.067284658551216125  0.022456478327512741   0.18039152026176453,   0.51239752271126093   -0.44421744188571921    0.82018610289846805    0.43281431087383027  -0.058892355241368932  -0.062312966432997996 1.7763568394002505e-12,0.2856275737285614
IIWA_14,1715021008.5049963, 0.59242308063021865   1.0797063990921867 -0.21384836671874527  -1.4950121032552104   -1.058208593115592   1.7288321208699651 -0.59707859249369011,  -0.040119181229231894  -0.0003306947220636191    -0.83954845820729118    -0.70412310575873149 -0.00064460371948626201    -0.76588415466437576   0.0012365209459533674, 10.375442337036134    63.1502815322876  11.872413574218751 -10.542950595855713  1.1647360038757324 -1.0336289482116698 0.34877050399780274,-40.026543591015113  4.1691325641099297  -21.09089450586557 -11.065591640777072 -2.1729581407692171 -3.8236878753699184  1.3093239607486762,0.52370011806488037 0.02588895708322525 0.23635031282901764, 0.48691904544830322 -0.49734511971473694  0.50070542097091675   0.5146375298500061,-0.067463614046573639  -0.42659851908683777 0.0007938105845823884, 0.060438577085733414     -1.45845627784729 -0.057397421449422836,  0.24624809622764587 -0.014107829891145229  0.067367672920227051 -0.014107829891145229   0.23895017802715302  0.021750161424279213  0.067367672920227051  0.021750161424279213    0.1801028698682785,  0.49409917065812436  -0.42904896920248348   0.79231567622795041    0.4172051792226128 -0.058061956150545768 -0.063274250949874045                     0,0.2963116466999054
IIWA_14,1715021008.5099957, 0.59206948608674326   1.0797040622054015 -0.21867836896501563  -1.4991007013071229  -1.0582291101590808   1.7219803799418159 -0.59705174791171445, -0.046239126722401054 -0.0003580312490585955   -0.86483885641664759   -0.72684240668348632 -0.0013363647151418629   -0.88677696085746938  0.0020630000357891019,  10.280278388977051   62.003170158386233   12.795913135528565  -8.6919187240600593   1.4667045974731445 -0.76829636383056643  0.31406032943725587, -39.61904901872105   3.873771456019552 -20.956972711057844 -10.853693681976795  -2.309822152206821 -3.4379497797427225  1.4255022718896142, 0.52359092235565186 0.023306477814912796  0.23588061332702637, 0.48719760775566101 -0.49696725606918335  0.50052279233932495  0.51491647958755493,-0.060435079038143158  -0.44494953751564026 -0.016533069312572479, 0.061309274286031723   -1.4589958190917969 -0.057103786617517471,  0.24630819261074066 -0.013591528870165348  0.067446574568748474 -0.013591528870165348   0.23924067616462708  0.020997228100895882  0.067446574568748474  0.020997228100895882   0.17980818450450897,   0.47485867862384623    -0.4130297568067931    0.76292635944774645    0.40072789190404023  -0.057243750611668531  -0.063528505855003914 1.7763568394002505e-12,0.30815801024436951
IIWA_14,1715021008.5149958, 0.59167472577119784   1.0796923775533085 -0.22358860552416329  -1.5032021823978261  -1.0582386974271949    1.714571552387544 -0.59701681383773886,   -0.05278171399973753 -0.00075381108296697689    -0.88828054749922436     -0.7455331689749165  -0.0014525824966760534     -1.0057746708568498   0.0030477629876548775, 10.462890289306641  63.335465431213379  11.779660343170166 -8.8774251861572271  1.0714162635803222 -1.4034258079528807 0.18957095336914062,-39.255089453943867   3.578815669227625 -20.890735971894507  -10.72303219870669 -2.4229193241041429 -2.9670261686641632  1.5359737243982354, 0.52354514598846436 0.020651791244745255   0.2353207916021347, 0.48765167593955994 -0.49663683772087097  0.50029873847961426  0.51502317190170288,-0.052453212440013885   -0.4625459611415863 -0.033942479640245438,  0.06169234961271286   -1.4595797061920166 -0.056174024939537048,  0.24636980891227722 -0.013049956411123276  0.067524388432502747 -0.013049956411123276    0.2395237535238266  0.020203124731779099  0.067524388432502747  0.020203124731779099   0.17952032387256622,    0.4548570939881813   -0.39629952085817877    0.73226199223874744    0.38354631348358481  -0.056409913167243531  -0.062945450102880329 8.8817841970012523e-13,0.31997683644294739
IIWA_14,1715021008.5199804, 0.59122399907335965   1.0796980700537471 -0.22861844458821159  -1.5073663410981284  -1.0582663092340931   1.7065560832918643 -0.59697277187214481,  -0.060254439113317571 -0.00037534884883033953    -0.91181800056131168    -0.76299288319202485  -0.0022665382732709781     -1.1252385005126695   0.0041998890138856548, 10.210834426879883  64.153360984802248  11.893921569824219 -10.108757934570313  1.4887139701843262 -1.3049690628051758 0.20292102050781249, -38.93936661549133  3.3104615515588494 -20.883146055714203 -10.643726984691327  -2.532531827694664 -2.4563029956663538  1.6356589970608186, 0.52355694770812988 0.017939450219273567  0.23468543589115143,0.48825368285179138 -0.4963744580745697 0.50002932548522949 0.51496738195419312,-0.043925203382968903  -0.47893071174621582 -0.050850760191679001, 0.061693664640188217   -1.4601938724517822 -0.054714374244213104,  0.24642917513847351 -0.012489890679717064  0.067601874470710754 -0.012489890679717064    0.2397971898317337  0.019373252987861633  0.067601874470710754  0.019373252987861633   0.17924433946609497,   0.4343402423740983  -0.37897361280592179   0.70058689303653665   0.36580513682960003 -0.055635431339240426 -0.061610708637083178                     0,0.33142665028572083
IIWA_14,1715021008.5249906, 0.59071658691757667   1.0796962124780074 -0.23375020957157944  -1.5116765873474809  -1.0582658297921477   1.6981140357647935  -0.5969247151038557,  -0.068500037521973367 -0.00037458210865115793    -0.93472499978376311    -0.78280415652771995  -0.0017940529407976672     -1.2378727014929671   0.0052821819426732254,  11.242205863952638   64.729488670349127   11.807889587402343  -12.950501853942871   1.4526185989379883 -0.90580205535888669  0.26666759109497068, -38.62826441633387    3.04312182200001 -20.902594803365993 -10.581454352509731 -2.6420407995211859  -1.907459982896945   1.733640004224057, 0.52362143993377686 0.015136935748159885  0.23396168649196625, 0.48900526762008667 -0.49615737795829773   0.4997161328792572  0.51476740837097168,-0.035188592970371246  -0.49563062191009521 -0.067850843071937561,  0.06134515255689621   -1.4608253240585327 -0.052751213312149048,  0.24649158120155334 -0.011904062703251839  0.067677460610866547 -0.011904062703251839   0.24006365239620209  0.018500037491321564  0.067677460610866547  0.018500037491321564   0.17897257208824158,    0.41304547521114898    -0.36089245265902292     0.66757497012481792     0.34733183366775222   -0.054874107135560735   -0.059577933559928908 -8.8817841970012523e-13,0.34355136752128601
IIWA_14,1715021008.5299926, 0.59018934094925701   1.0797036426718825 -0.23897125698191612  -1.5161792404389027  -1.0582854839448543    1.689298140239109 -0.59682962029414544,  -0.075889868750364936 -2.4579319186218956e-06      -0.956621896240478    -0.80634944887904947  -0.0022214084609045621     -1.3429339822217543   0.0080295379425490247, 11.270497848510743  65.246460388183593  13.141385314941406 -10.075151691436767  1.6049234580993652 -1.9364272384643555 0.23195741653442384,-38.289958126019108  2.7651415262540073 -20.923582040396855 -10.486691112262072 -2.7700163745957758 -1.3736739071920929  1.8398545746621706, 0.52367949485778809 0.012237638235092163  0.23317711055278778, 0.48985233902931213 -0.49597054719924927  0.49933627247810364   0.5145106315612793,-0.028670571744441986   -0.5128294825553894 -0.083817340433597565,0.060505598783493042  -1.4614723920822144 -0.05030759796500206,  0.24656379222869873 -0.011298700235784054  0.067747123539447784 -0.011298700235784054   0.24032340943813324  0.017588978633284569  0.067747123539447784  0.017588978633284569   0.17869743704795837,    0.39118925144787653    -0.34216922420693408     0.63346940700448329     0.32823806314397075   -0.054224541177205765   -0.057181480839219034 -1.7763568394002505e-12,0.3564014732837677
IIWA_14,1715021008.534992, 0.58963656866796244   1.0796963323603106 -0.24424545446763146  -1.5206715271472322  -1.0583082060373203   1.6800348737383222 -0.59658178648560534,  -0.082822786252075065 -0.00029437880840937816    -0.97626541642099596    -0.82477102743641817  -0.0026860104673640446     -1.4448778458088751    0.016336982695643175, 10.532334251403809  63.533509323120121  12.336179729461669 -7.8100909042358397  1.1127938842773437 -1.4010895462036133  0.1168130874633789, -37.954174920876625   2.4716749575295585   -20.95542147350168  -10.362712389753911  -2.9026109068946568 -0.85893723388213861   1.9550586648592163,  0.52371358871459961 0.0092558190226554871   0.23233337700366974,   0.490785151720047 -0.49577769637107849  0.49891969561576843  0.51421159505844116,-0.024641850963234901  -0.52985036373138428 -0.098882891237735748,  0.05925137922167778   -1.4621301889419556 -0.047503627836704254,  0.2466547042131424 -0.01067158579826355 0.067806057631969452 -0.01067158579826355  0.24057528376579285 0.016644731163978577 0.067806057631969452 0.016644731163978577  0.17841088771820068,    0.36869855027976683    -0.32292123041521847     0.59834288220184106     0.30859352184631206   -0.053563708919845965   -0.054499551355391418 -8.8817841970012523e-13,0.36938503384590149
IIWA_14,1715021008.5400181, 0.58902693105072701    1.079686505283957 -0.24960228314870248  -1.5251307973530188  -1.0583650590905065   1.6705648793144552 -0.59617959586710201,  -0.090643733691077075 -0.00062858610086959847    -0.99528548037963738    -0.83818763018059961  -0.0044229305013370572     -1.5347020536017792    0.029157210896647683, 10.228838417053224  64.320540893554693  12.309294734954834 -8.9123756790161135  1.3240838623046876 -2.0729316749572755 0.14785199356079101, -37.696272008080449   2.2417261206704073  -21.042848405742756  -10.324861461657182  -3.0186715094634167 -0.31564661353889201   2.0345836228465055,  0.52379405498504639 0.0062410943210124969   0.23143637180328369, 0.49180465936660767 -0.49568188190460205  0.49850624799728394  0.51373064517974854,-0.01971818134188652 -0.54472333192825317 -0.11303966492414474,0.057606473565101624  -1.4627948999404907 -0.04433966800570488,  0.24674330651760101 -0.010031489655375481  0.067862942814826965 -0.010031489655375481   0.24081312119960785  0.015672925859689713  0.067862942814826965  0.015672925859689713   0.17813903093338013,     0.3458936784763722    -0.30327446872924213     0.56250749774022779     0.28859091090005506   -0.052949100277643879   -0.051181106013764577 -5.3290705182007514e-12,0.38098427653312683
IIWA_14,1715021008.5449924,  0.5883601887692772   1.0796968116713563 -0.25504354071425867  -1.5296489100255393  -1.0583917120135136   1.6608131956215502 -0.59553736128084245,  -0.099184678210853902 -9.0613384723887101e-05     -1.0138786869259575    -0.85127461104529756  -0.0046044613213526682     -1.6178289905976244    0.049015152167700554, 9.5035348129272474  65.848308059692386  13.164237560272216  -11.03494599533081  1.3945138549804688 -1.7311699562072753 0.16320457077026368,-37.454080668911125   2.075412897270414 -21.106802931598409 -10.332895805951368 -3.1142603438330481 0.19256768075573349  2.0786486275783655,  0.52390360832214355 0.0031727838795632124   0.23054072260856628, 0.49280649423599243 -0.49566784501075745  0.49812290072441101  0.51315563917160034,-0.01475712563842535 -0.55870348215103149 -0.12427118420600891, 0.055945143103599548   -1.4634385108947754 -0.041082579642534256,    0.2468252032995224 -0.0093836421146988869   0.067920036613941193 -0.0093836421146988869    0.24103866517543793   0.014679741114377975   0.067920036613941193   0.014679741114377975    0.17788325250148773,  0.32294426999524006  -0.28332854329082835   0.52619353457217244   0.26836679795039231 -0.052399459295138229 -0.047689524381056003                     0,0.39172953367233276
IIWA_14,1715021008.5500193,0.58765467738006971   1.079701904978446 -0.2605437006331589  -1.534330008197679 -1.0584111745290685  1.6509908650365985 -0.5945719720022592,  -0.10756819813698279  0.0001312415758066128    -1.0311093462967755   -0.86826361572182553 -0.0044620696792804435    -1.6871564158761649   0.077827692877490473,   11.31936582183838   66.712499588012705   13.469382247924806  -11.923495063781738   1.8787200546264649  -2.3562868499755858 0.061744060516357419,-37.193939285044856  1.9343426100167194 -21.152257176203573 -10.343173866677178 -3.2238151854354333 0.67857511908719892  2.0956076075733145,   0.52400600910186768 3.0811923352302983e-05    0.22960573434829712,  0.4937976598739624 -0.49574992060661316  0.49774673581123352  0.51248812675476074,-0.011262516491115093  -0.57277113199234009  -0.13477373123168945, 0.054370250552892685   -1.4640439748764038 -0.037795152515172958,   0.24691282212734222 -0.0087239062413573265   0.067971400916576385 -0.0087239062413573265    0.24125315248966217   0.013657176867127419   0.067971400916576385   0.013657176867127419    0.17763054370880127,  0.29969891528924819  -0.26292885894996232   0.48911460951472918   0.24775710149160801 -0.051989408057728781 -0.044003453119501046                     0,0.40254554152488708
IIWA_14,1715021008.5549929, 0.58692867309836683   1.0797032232474466  -0.2660924567361701  -1.5391060812972257  -1.0584426209988662   1.6410554033003633 -0.59328402744286723,  -0.11509472977770166 0.00015772402067038948    -1.0468377211578686   -0.88565381655933051 -0.0048275145353320059     -1.747143602150343    0.11377993667767089,    10.91556204223633    65.902320030212408    13.142729564666748   -8.2214313201904297   0.97545539855957031   -1.9073908424377441 -0.018356342315673829,-36.899823001136951  1.8159996466510226 -21.150850526134946 -10.317826584154478 -3.3468619331517067  1.0877479975146418  2.0863982233610003,   0.52404356002807617 -0.0031830503139644861    0.22866985201835632,  0.4947032630443573 -0.49590125679969788  0.49740502238273621  0.51179963350296021,-0.011266687884926796  -0.58684861660003662   -0.1431521475315094, 0.052557665854692459   -1.4646272659301758 -0.034410782158374786,   0.24701637029647827 -0.0080567607656121254    0.06801130622625351 -0.0080567607656121254    0.24145615100860596   0.012614808045327663    0.06801130622625351   0.012614808045327663     0.1773705929517746,    0.27630754105079092    -0.24226900168766718      0.4515743008743911     0.22691958649101451   -0.051691889631833021   -0.040478573973601328 -1.7763568394002505e-12,0.4131331741809845
IIWA_14,1715021008.5599935, 0.58616707555364655   1.0796934561667864 -0.27170125380169613  -1.5438083915465954  -1.0585136635788712   1.6311804618376886 -0.59166561777049631,    -0.1225396856109722 -0.00026450400987369305      -1.061822059547336    -0.89661546322225383  -0.0067037148284659898     -1.7927125402272603     0.15576033623697366,  10.532334251403809   65.112716461181648   12.572767681121826  -7.7993369064331057   1.3452128601074218  -2.7818202400207519 0.016020080566406251,-36.621909715526783  1.7372265512293534 -21.137647265374845 -10.309810116857669 -3.4663970057169227  1.4583376549320088  2.0460457307646438,   0.52404564619064331 -0.0064428234472870827    0.22773115336894989, 0.4955446720123291 -0.4961332380771637  0.4971143901348114 0.51104259490966797,-0.012862646952271461  -0.59989053010940552  -0.14992146193981171, 0.050695497542619705   -1.4651776552200317 -0.031173631548881531,   0.24713039398193359 -0.0073830834589898586   0.068041883409023285 -0.0073830834589898586    0.24164509773254395   0.011555480770766735   0.068041883409023285   0.011555480770766735    0.17711107432842255,  0.25279977991754521  -0.22141466125891185   0.41365086021905029   0.20592158500765123 -0.051455303798242369 -0.036951995468825771                     0,0.42281606793403625
IIWA_14,1715021008.5650172,  0.5853671285437706   1.0797014256674002 -0.27737806122126762  -1.5484953619880866  -1.0586227679501377   1.6212955735254406 -0.58973435990228396,  -0.13002962888381603 0.00010717681665625527    -1.0765299444207286   -0.90477118823744851 -0.0097271467134301126    -1.8295655646717277    0.20185858371807314,  10.048798515319826   66.722787582397459   13.671019706726074  -10.130265930175781   1.6515833282470702  -2.1680509033203124 -0.11914934921264649,-36.375853856435853  1.7554016995628339 -21.078291351820688 -10.366729981744337 -3.5583970509598313  1.7664673084594615  1.9519628445223862,  0.52405309677124023 -0.009726308286190033   0.22684942185878754, 0.49624332785606384 -0.49647971987724304  0.49692493677139282   0.5102117657661438,-0.014016523957252502    -0.611225426197052  -0.15302456915378571, 0.048906862735748291   -1.4656926393508911 -0.028003135696053505,   0.24723492562770844 -0.0067123435437679291   0.068072348833084106 -0.0067123435437679291    0.24181811511516571   0.010490660555660725   0.068072348833084106   0.010490660555660725    0.17687264084815979,   0.22949597349519735   -0.20057935282569161    0.37577950236933333    0.18503621480636667  -0.051288162045359798  -0.033593162597433945 8.8817841970012523e-13,0.43076580762863159
IIWA_14,1715021008.5699916, 0.58451882522347276   1.0797105935547116 -0.28308147367637504  -1.5533284201967941  -1.0588576587241942   1.6116143571738359 -0.58748024699296386,  -0.13795583591896637 0.00045245694577748937    -1.0893604537408796   -0.91713927893825875  -0.017177348333007457    -1.8509011058015696    0.25165138334726228,  10.102810485839845   68.402302665710451   13.699248950958252  -12.035067790985108   2.0591969108581543  -2.9443573074340819 -0.15352577209472656,-36.134692492115143  1.8190310156940188 -20.983528873236274 -10.446694650999621 -3.6417791137998385  2.0337773266865762  1.8248112886490628,   0.5240517258644104 -0.013051304034888744   0.22599518299102783,  0.4968288242816925 -0.49691712856292725  0.49681568145751953  0.50932174921035767,-0.015404862351715565  -0.62190955877304077  -0.15436133742332458, 0.047520481050014496   -1.4661540985107422 -0.025095801800489426,   0.24733929336071014 -0.0060389149002730846   0.068098373711109161 -0.0060389149002730846    0.24197582900524139  0.0094140972942113876   0.068098373711109161  0.0094140972942113876    0.17664581537246704,    0.20619274609678939    -0.17963797497433376     0.33769284835205582     0.16411885985778696   -0.051172838483992678   -0.030368204554598321 -8.8817841970012523e-13,0.4380020797252655
IIWA_14,1715021008.5749927, 0.58363031475319682   1.0797232968245891 -0.28880921416684285  -1.5582786241413138  -1.0592607121462134   1.6020496873646946  -0.5849054962651844,  -0.14590508754621062 0.00087009635172469288    -1.1005979826114163   -0.93171958093139606  -0.029864015547173321    -1.8633076770069115    0.30431113578898833,  8.8888271484374997   67.252619293212888   14.012459136962891  -8.5467397537231449   1.9509107971191406  -2.6449820518493654 -0.19390972518920899,-35.846519581184495  1.8933198643470248 -20.816752913551454  -10.46541449124447 -3.7163009178426929  2.1953581423779545  1.6848998158833026,  0.52397465705871582 -0.016437826678156853   0.22520191967487335,   0.497251957654953 -0.49736565351486206  0.49679741263389587  0.50848817825317383,-0.019712729379534721  -0.63289284706115723  -0.15294414758682251, 0.046389095485210419    -1.466566801071167 -0.022382507100701332,   0.24746173620223999 -0.0053638308309018612   0.068110495805740356 -0.0053638308309018612    0.24211829900741577  0.0083341216668486595   0.068110495805740356  0.0083341216668486595    0.17641203105449677,   0.18291630123723479   -0.15874191742426547    0.29960356556202328    0.14325569467743549  -0.051016748733090367  -0.027684866235944128 1.7763568394002505e-12,0.44505596160888672
IIWA_14,1715021008.5799947, 0.58268224274053493   1.0797126308993641 -0.29457931881607824  -1.5631699256234066  -1.0598821661224502   1.5927217659053492 -0.58203311715805617,  -0.15464695054344424 0.00026944007237861365    -1.1112825720585486   -0.94102772402882984  -0.048749371487210966    -1.8637629999793435    0.35834407291631992,  8.9839910964965828    65.93832801055909   13.266400539398193  -8.4714617691040033   1.2510127449035644  -2.9650499114990234 -0.10980430221557617,-35.546430000448808  1.9830702042741684 -20.610161376159166 -10.461969647776092 -3.7698298747015904   2.294104337033497  1.5300293997238303,  0.52384918928146362 -0.019875817000865936   0.22445960342884064,0.49754899740219116 -0.4978218674659729  0.4968835711479187 0.50766634941101074,-0.025250762701034546  -0.64370673894882202  -0.14973366260528564, 0.045386090874671936   -1.4669362306594849 -0.019959079101681709,   0.24760039150714874 -0.0046841166913509369   0.068109504878520966 -0.0046841166913509369     0.2422439306974411  0.0072498288936913013   0.068109504878520966  0.0072498288936913013     0.1761748343706131,    0.15955852397819825    -0.13787478533888731     0.26142556910713211     0.12240990890965975    -0.05073748943562606   -0.025358367495620371 -8.8817841970012523e-13,0.45179024338722229
IIWA_14,1715021008.5849934, 0.58169066795993474   1.0797218587823687 -0.30041282015056453  -1.5680751886486846  -1.0607689029891405   1.5835987146842614 -0.57889031411863012,  -0.16338055165876303 0.00058466737808746745    -1.1223661110262906   -0.94903270023418151  -0.074468971857379745    -1.8559324488269873    0.41238737991009777,    9.457238838195801    67.625559089660655    14.429176551818848   -9.9313169708251952    2.2264681434631348   -2.5488615684509277 -0.086107933044433593,-35.261508108591336  2.1528257592528126 -20.338317050747758 -10.505710572338955 -3.7704732275177451    2.32240896808907  1.3359452324807015,  0.52373409271240234 -0.023345343768596649   0.22383099794387817, 0.49766570329666138 -0.49831482768058777  0.49712461233139038  0.50683164596557617,-0.029343454167246819   -0.6535954475402832  -0.14260241389274597, 0.044534005224704742   -1.4672647714614868 -0.017731904983520508,     0.247732013463974 -0.0040068100206553936   0.068106696009635925 -0.0040068100206553936    0.24235108494758606   0.006171676330268383   0.068106696009635925   0.006171676330268383    0.17595846951007843,   0.13635189139549198   -0.11722763431887273    0.22352090598509733    0.10181157403188479  -0.050310266484387967  -0.023459392557434455 8.8817841970012523e-13,0.45735493302345276
IIWA_14,1715021008.5900178,  0.5806465424063878   1.0797319854008549 -0.30626321910837023  -1.5730952007454626  -1.0618191046010454   1.5748121806144169 -0.57550854561584264,  -0.17246946346888792 0.00087279864191820938    -1.1319088471332606   -0.96002664405846716   -0.10158324196210156    -1.8362073218553712    0.46518064403957765, 9.3286389083862318  68.175966789245606  14.591830768585204  -11.46107315826416  1.6867983245849609 -3.0815292472839357  -0.211932315826416,-34.975756352266657  2.3481154496161265  -20.00455381626465 -10.551472346537125  -3.728194999030956  2.2913512051309817  1.1263704287771592,  0.52361321449279785 -0.026862718164920807   0.22329637408256531, 0.49762669205665588 -0.49878540635108948  0.49751868844032288   0.5060197114944458,-0.032950006425380707  -0.66339904069900513  -0.13310161232948303, 0.044162251055240631   -1.4675393104553223 -0.015819888561964035,   0.24786853790283203 -0.0033242786303162575   0.068096272647380829 -0.0033242786303162575    0.24244000017642975  0.0050950120203197002   0.068096272647380829  0.0050950120203197002    0.17575107514858246,    0.11302531769796786   -0.096709453056398331     0.18562640886532478    0.081318390633633442   -0.049620688881368835   -0.022034798830894431 -8.8817841970012523e-13,0.46263357996940613
IIWA_14,1715021008.5949914, 0.57956406727860221   1.0797394155947297 -0.31212919752957763  -1.5782030571179058  -1.0631093741571673   1.5662409431616151 -0.57193467003128506,  -0.18127457588653381 0.00099544666852799022    -1.1401662145549043   -0.97233557014449989    -0.1328773758145565     -1.811815355596367    0.51509953861396507,    8.4515873870849614     66.992847434997557     14.031278633117676    -8.2752013092041015     2.0530342864990234    -2.7778152198791504 -0.0043387718200683595,-34.644676649382056  2.5322508521612823 -19.611048784988181 -10.525464978982992 -3.6892739887465882  2.1671438658432889 0.91994897331785797,  0.52341341972351074 -0.030433954671025276    0.2228548526763916, 0.49740979075431824 -0.49922958016395569  0.49800267815589905  0.50531834363937378,-0.039134372025728226  -0.67337125539779663  -0.12174490839242935, 0.044123075902462006   -1.4677636623382568 -0.014132080599665642,   0.24802149832248688 -0.0026450871955603361   0.068071506917476654 -0.0026450871955603361    0.24251027405261993  0.0040229950100183487   0.068071506917476654  0.0040229950100183487     0.1755412369966507,   0.089859957712157268   -0.076373326933776298     0.14794119144134754    0.061011632917384873   -0.048863200519555505   -0.021317652738161996 -8.8817841970012523e-13,0.46804371476173401
IIWA_14,1715021008.5999913,  0.5784212515370859   1.0797324648209838 -0.31802873186915009  -1.5832453599053919  -1.0646414374390702   1.5579814752911771 -0.56820314190972099, -0.19073229036987954 0.0005183263849861423   -1.1481143452268221   -0.9795605676150474   -0.1675844319277619   -1.7798309992946122    0.5613407557537351,  9.4469508438110363   65.776292098999022   14.489667789459229  -8.7120824699401851   1.4587812232971191  -2.9530348510742188 -0.20091851043701173,-34.654554757591747  2.4923387482876991 -19.644680195693855 -10.520676421041497 -3.7011882217570835  2.1865662463994759 0.91994897331785797,  0.52341341972351074 -0.030433954671025276    0.2228548526763916, 0.49740979075431824 -0.49922958016395569  0.49800267815589905  0.50531834363937378,-0.039134372025728226  -0.67337125539779663  -0.12174490839242935, 0.044180974364280701   -1.4679453372955322 -0.012741746380925179,   0.24802149832248688 -0.0026450871955603361   0.068071506917476654 -0.0026450871955603361    0.24251027405261993  0.0040229950100183487   0.068071506917476654  0.0040229950100183487     0.1755412369966507,   0.089859957712157268   -0.076373326933776298     0.14794119144134754    0.061011632917384873   -0.048863200519555505   -0.021317652738161996 -8.8817841970012523e-13,0.46804371476173401
IIWA_14,1715021008.6049922, 0.57724499986859057   1.0797377378969863 -0.32395912559339318  -1.5883222370108614  -1.0663935310636465    1.549952523963358 -0.56433008013037422,  -0.19963589903571691 0.00062558414808931077    -1.1557072251511813   -0.98672353831081583   -0.20415129052526113    -1.7450228525484544    0.60399507577685863,  8.1686675415039058   66.907971481323244   13.910296157836914  -10.485147857666016   1.8919256782531737  -2.9513660926818845 -0.20392227554321288,-34.324602234436348  2.6774521285728916 -19.226117572350603  -10.46716563927791 -3.6402617954905754  2.0126730458327606 0.71855200065039249, 0.52317386865615845 -0.03404582291841507  0.22249630093574524, 0.49707862734794617 -0.49962210655212402  0.49858972430229187  0.50467699766159058,-0.045795202255249023  -0.68293344974517822  -0.10932458937168121, 0.044374540448188782   -1.4680842161178589 -0.011593591421842575,    0.2481885552406311 -0.0019638813100755215   0.068033680319786072 -0.0019638813100755215    0.24256063997745514  0.0029547575395554304   0.068033680319786072  0.0029547575395554304    0.17533284425735474,  0.066663570282621265  -0.056200184113563978     0.1103371705433176   0.040824331419386795  -0.047891752621431749  -0.021057669053803352 8.8817841970012523e-13,0.47329548001289368
IIWA_14,1715021008.6099944, 0.57600127704370552   1.0797445688975125  -0.3299285878584437  -1.5935259672643598  -1.0683564512116188   1.5422382184114267 -0.56033208277443114,  -0.20945763222397562 0.00077370733951623359    -1.1633442707229658   -0.99752804078858892   -0.24183783833910011    -1.7045905041160161    0.64311595485921025,  7.6362638320922853    66.72793157958985   13.748986190795899  -10.732489807128907   2.3356346321105956  -2.4347184944152831 -0.14351322174072265,  -34.0105158017289  2.9039583848650015 -18.764207574158188 -10.439606312534861 -3.5415488158506694  1.7870333948757819 0.50258625590860762,  0.52293872833251953 -0.037685193121433258   0.22226369380950928, 0.49658888578414917 -0.49999406933784485  0.49930477142333984  0.50408345460891724,-0.051007021218538284  -0.69164401292800903 -0.094350159168243408, 0.04502936452627182  -1.4680708646774292 -0.01071545947343111,  0.24835062026977539 -0.001286818296648562  0.067992314696311951 -0.001286818296648562   0.24259062111377716 0.0018977437866851687  0.067992314696311951 0.0018977437866851687   0.17514538764953613, 0.043634544823589749 -0.036321483673162902  0.073079560496402962  0.020931779054933486 -0.046743155579953566  -0.02132595579684704                     0,0.47789797186851501
IIWA_14,1715021008.6149919, 0.57468966352891182     1.07974259143947 -0.33593831716008238  -1.5987809300218043  -1.0705126529606812   1.5348161482805385 -0.55621909680054815,   -0.2200306463709284 0.00053986754991604041    -1.1710645886439197    -1.0082209429286522   -0.27971834063377576    -1.6605552085283428    0.67901220284268771,  8.0966515808105477     65.6039681930542    14.51252003479004  -7.7590094146728514   1.2272426223754882  -3.5297577514648437 -0.05740528869628906, -33.70010024977347  3.1185662078847862 -18.282923567730492 -10.386442555914792 -3.4324299577556352  1.5264137356705367 0.29391538047617161,  0.52267533540725708 -0.041358057409524918   0.22211748361587524, 0.49598762392997742 -0.50031203031539917  0.50011515617370605  0.50355637073516846,-0.056395802646875381  -0.69989955425262451 -0.078902125358581543, 0.045032333582639694   -1.4681675434112549 -0.010716165415942669,   0.24852214753627777 -0.0006091698887757957   0.067939922213554382 -0.0006091698887757957    0.24260002374649048 0.00084565556608140469   0.067939922213554382 0.00084565556608140469     0.1749647855758667,  0.020600248620716854  -0.016614605534037707   0.035912166028495562  0.0011769407928241549  -0.045400187679511816  -0.022061636431480736 2.6645352591003757e-12,0.48245066404342651
IIWA_14,1715021008.6199667, 0.57333448735956993   1.0797418723638181 -0.34197435173695789  -1.6039585945465058  -1.0729547504622616   1.5274815030008797 -0.55204097655706075,  -0.23023156387041821 0.00040313101385637084    -1.1782930539901564    -1.0136833353309807   -0.32145857257023747    -1.6218299780090251    0.71033457201364636,    8.35642343902588   65.153868438720707   14.383472061157226  -8.2335295677185059   1.9412266731262207  -2.3819857292175293 0.055736530303955076,-33.331115968915405  3.3208114059672633 -17.729694308420974 -10.276810454599815 -3.3129140406514361  1.1966764890923094 0.10248371991023575,  0.52233737707138062 -0.045101124793291092   0.22207154333591461,0.49524274468421936 -0.5005565881729126 0.50099492073059082 0.50317174196243286,-0.063844963908195496  -0.70924234390258789 -0.062507040798664093, 0.045960240066051483   -1.4682011604309082 -0.010045688599348068,    0.24871136248111725  6.7492983362171799e-05    0.067871883511543274  6.7492983362171799e-05     0.24258846044540405 -0.00020450359443202615    0.067871883511543274 -0.00020450359443202615     0.17478279769420624,-0.0023978029828342073  0.0029836230828195198 -0.0012349005338307961  -0.018485266129353306  -0.043946745554634958  -0.023515480091162999                      0,0.48809865117073059
IIWA_14,1715021008.6249955, 0.57192034884119092    1.079742711321773 -0.34803765053841113  -1.6091598680309158  -1.0755885954205195    1.520473068375982 -0.54783415404677505,   -0.2407507918314952 0.00035606312928050025    -1.1851663952502545    -1.0189976076411853   -0.36252065638650655    -1.5778013674031302    0.73654055802234519,   7.088428131103516   65.874028045654299   14.364652565002441  -11.038978744506837   1.9165761756896973  -2.6229544410705565 -0.17788964462280274,  -32.60612998061216   3.6957082137786936  -16.596448335075504   -10.03914600199837  -3.0413931856074106  0.48230827720019565 -0.27421857468330835,  0.52160722017288208 -0.052710644900798798   0.22227072715759277, 0.49343740940093994 -0.50089609622955322  0.50300419330596924  0.50260263681411743,-0.076641038060188293  -0.72696536779403687  -0.02809535525739193, 0.046965625137090683   -1.4681901931762695 -0.009649740532040596,   0.24910500645637512  0.0014180510770529509   0.067708320915699005  0.0014180510770529509    0.24250003695487976 -0.0022909601684659719   0.067708320915699005 -0.0022909601684659719    0.17445637285709381,    -0.0483396095738442    0.041720303300962769   -0.075362642371068489    -0.05741734915876151   -0.040574752868671737   -0.027786203583346492 -8.8817841970012523e-13,0.49954935908317566
IIWA_14,1715021008.6299946, 0.57043478435942019   1.0797552348227375 -0.35414235476745709   -1.614516397169854  -1.0783992317600293   1.5135912470254238 -0.54363320380584079,  -0.25202321273602535 0.00078579054200354531    -1.1923212853620422    -1.0294592516704739   -0.40244197868959447    -1.5375139479448301    0.75727045605524634,  6.5354484329223634   66.830811523437504   14.240981590270996  -9.5656810455322265   1.7501853179931641  -2.6803597297668458 -0.09278296661376953, -32.603827090738406   3.6797522133755396  -16.605920009112545  -10.015943679341614  -3.0555415501424772  0.47964911008746802 -0.27421857468330835,  0.52160722017288208 -0.052710644900798798   0.22227072715759277, 0.49343740940093994 -0.50089609622955322  0.50300419330596924  0.50260263681411743,-0.076641038060188293  -0.72696536779403687  -0.02809535525739193,  0.048178508877754211    -1.4681297540664673 -0.0094587830826640129,   0.24910500645637512  0.0014180510770529509   0.067708320915699005  0.0014180510770529509    0.24250003695487976 -0.0022909601684659719   0.067708320915699005 -0.0022909601684659719    0.17445637285709381,    -0.0483396095738442    0.041720303300962769   -0.075362642371068489    -0.05741734915876151   -0.040574752868671737   -0.027786203583346492 -8.8817841970012523e-13,0.49954935908317566
IIWA_14,1715021008.6349947, 0.56888156884326369   1.0797609273231761 -0.36028355099500226  -1.6198718475862313  -1.0814282684792238   1.5068184222502343 -0.53946149513844366, -0.26374719083508041 0.0008563324511460783   -1.1995048773914405   -1.0377854179914714  -0.44311505171945648   -1.5009241493634433   0.77268471154008245,   8.0580716018676757    64.377124862670897    14.289374580383301    -7.547962207794189    1.7950844383239746   -2.3289192123413085 -0.025031375885009765, -32.257475392159918   3.8505813013868622  -16.028977680002615  -9.8738247139938426  -2.9064037785931087  0.08358855448110436 -0.44873595827805168,  0.52121824026107788 -0.056561920791864395   0.22251671552658081, 0.49239712953567505 -0.50096422433853149   0.5041167140007019  0.50244033336639404,-0.082357056438922882  -0.73496603965759277 -0.010192291811108589,  0.049840208142995834    -1.4679039716720581 -0.0095336586236953735,   0.24930894374847412  0.0020898859947919846   0.067612722516059875  0.0020898859947919846    0.24242278933525085 -0.0033229927066713572   0.067612722516059875 -0.0033229927066713572    0.17431296408176422,-0.071238179365273879  0.060791062653109407   -0.1122485949940355  -0.07663300203031298 -0.038643638983870687 -0.030617816159761446                     0,0.50513333082199097
IIWA_14,1715021008.6399949, 0.56728527009268792   1.0797583506717847 -0.36646627253244318  -1.6251677964559157  -1.0846688987940205   1.5000858645116328 -0.53540135958872337,  -0.27484970269109488 0.00058199990526239666    -1.2069127634107897    -1.0420662891805543   -0.48411725396743366    -1.4700416290348142    0.78055319122087763,  7.4356479415893562   64.523728782653805   14.114622116088867  -8.1905135765075681  0.93495815277099603  -2.3108966217041016 -0.04372146987915039, -31.845542026665498   3.9521626046070795  -15.434512114874291  -9.6356465636099298  -2.7837179258603322 -0.33102035833462695 -0.58653462310814253,  0.52075475454330444 -0.060489587485790253   0.22281663119792938, 0.49131494760513306 -0.50093930959701538  0.50522804260253906  0.50240826606750488,-0.090091504156589508  -0.74429982900619507 0.0063064415007829666, 0.053735494613647461   -1.4677605628967285 -0.010417846031486988,    0.2495364248752594  0.0027640759944915771   0.067497581243515015  0.0027640759944915771    0.24232199788093567 -0.0043629556894302368   0.067497581243515015 -0.0043629556894302368     0.1741650402545929,-0.094265001651550051   0.07995453044706835  -0.14951182280587005 -0.095959276633195145 -0.036650316197039956 -0.033903693172909755                     0,0.51211410760879517
IIWA_14,1715021008.6449962, 0.56562389706820071   1.0797671591303533 -0.37269902818713257   -1.630505570177629  -1.0880960037512917   1.4933363490449361 -0.53146663892664525,  -0.28633468313236438 0.00081793826695164876    -1.2148404369162074    -1.0471639802129751   -0.52437800146479363    -1.4460139218957224    0.78183137945982684,    5.841008811950684    65.315904350280761    14.534028030395508   -11.157272720336914    2.1049764060974119   -2.5628791389465331 -0.091781711578369146, -31.448323987776192   4.0476831984612929  -14.849011545689127  -9.3631274412586443  -2.6674229861921255 -0.76160547751424068  -0.7119778849556514,  0.52028608322143555 -0.064458288252353668   0.22319202125072479, 0.49020186066627502 -0.50084424018859863  0.50637531280517578  0.50243526697158813,-0.096603177487850189  -0.75329530239105225  0.022510021924972534, 0.053730066865682602   -1.4676122665405273 -0.010416792705655098,   0.24976919591426849  0.0034391030203551054   0.067372649908065796  0.0034391030203551054    0.24219781160354614 -0.0054024532437324524   0.067372649908065796 -0.0054024532437324524    0.17403130233287811,   -0.11738157173102337    0.099059172367965687    -0.18694270926378209    -0.11525997439232327   -0.034514438357113875   -0.037460978150605229 -2.6645352591003757e-12,0.51905536651611328
IIWA_14,1715021008.6499956, 0.56388294870171196   1.0797780048244914 -0.37896312264662152  -1.6359838590484233  -1.0916587700097276   1.4865537570800031 -0.52768891161253162,-0.29870568116544144 0.001088178379086016  -1.2224361279125238  -1.0568627390021508 -0.56201305150927006  -1.4281148161138946  0.77657419613240686,  8.6444872817993161   65.169300430297852   15.504576332092284  -8.8370976943969719   1.6929609489440918  -1.7518625602722169 -0.11080555725097656,  -31.11777174301757   4.1434543598112352  -14.309736692940536  -9.2028481786173568  -2.4936621174010858  -1.1240120324876124 -0.82126402038256863,  0.51984238624572754 -0.068445570766925812    0.2236354798078537,0.48910397291183472 -0.5006745457649231 0.50754779577255249 0.50249135494232178,-0.10089122503995895 -0.76113462448120117 0.038166597485542297, 0.05595826730132103  -1.4673290252685547 -0.01125696487724781,   0.25000065565109253  0.0041161328554153442   0.067241527140140533  0.0041161328554153442    0.24205039441585541 -0.0064402753487229347   0.067241527140140533 -0.0064402753487229347    0.17391864955425262, -0.14064100197952456   0.11809118309535904  -0.22455256745601559  -0.13453835140264658 -0.032197897381180951 -0.041115111307554741                     0,0.52526575326919556
IIWA_14,1715021008.6549942,  0.5621218668714707   1.0797730313997047 -0.38524285645612222  -1.6414360221947273  -1.0954097365176696   1.4797471967266187 -0.52405421610319747,  -0.30940781814200369 0.00067160571180203239    -1.2291382547100471    -1.0635767170538819   -0.59964910152509776    -1.4147542670264937    0.76664717727929155,  7.7571477661132819   62.921373657226567   14.433209300994873  -6.4497101821899419  0.61890356063842777   -2.414025890350342 -0.11948310089111328,-30.770006289215221  4.1961484096096129 -13.783251816726542 -8.9666031156315089 -2.3456383870180391 -1.4879197488478937 -0.8984640082337676,  0.51938319206237793 -0.072485782206058502   0.22411839663982391, 0.48804128170013428 -0.50041508674621582  0.50870180130004883  0.50261610746383667, -0.1050867959856987 -0.76940804719924927 0.052260112017393112, 0.058697570115327835   -1.4669746160507202 -0.012316727079451084,   0.25024408102035522  0.0047976435162127018   0.067096628248691559  0.0047976435162127018    0.24187815189361572 -0.0074864113703370094   0.067096628248691559 -0.0074864113703370094    0.17381496727466583, -0.16414423329003114   0.13723815212607349  -0.26266519978168645    -0.153965004434653  -0.02977155898431505 -0.044907349452394385                     0,0.53192293643951416
IIWA_14,1715021008.6599948, 0.56030098373423753   1.0797725519795758 -0.39157987491691648  -1.6468036366833265  -1.0993686532464002   1.4726913645224737 -0.52059089490944899,  -0.32036158000292958 0.00051810776428445318    -1.2367913421998082    -1.0655659531870749   -0.63807595036930265    -1.4140367017869935    0.75185058957337247,   5.1439971923828125    63.746985206604009    13.697904701232909   -7.9848433685302735    2.0028529167175293   -2.3002165679931639 -0.041051456451416016, -30.37073855385259  4.1762888686615423 -13.275622951963165 -8.6380236434702553 -2.2322674850076925 -1.8459691735284927 -0.9307435961274616, 0.51886075735092163 -0.07659679651260376  0.22462122142314911,0.48703211545944214 -0.5000612735748291 0.50978302955627441 0.50285154581069946,-0.11117614805698395 -0.77872616052627563  0.06432313472032547, 0.061607714742422104   -1.4665603637695312 -0.013629295863211155,   0.25051072239875793  0.0054811122827231884   0.066931366920471191  0.0054811122827231884    0.24167972803115845 -0.0085459863767027855   0.066931366920471191 -0.0085459863767027855     0.1737096905708313,  -0.18782265875838533    0.15659683431756832   -0.30140574110149032   -0.17360259304055603  -0.027355201056344924  -0.048876788302898433 2.6645352591003757e-12,0.53953975439071655
IIWA_14,1715021008.6649947,  0.5583898593297778   1.0797853152451464 -0.39798238718514101  -1.6522420779419684  -1.1034254571152948   1.4654585251707484 -0.51733082625190763,  -0.33273424018073289 0.00092501683425347356    -1.2455335644888277    -1.0699904128953359   -0.67273291505122701    -1.4205429354986092    0.73188321796035238,   7.5822518615722663    64.845228607177745    14.418422554016113   -11.224485206604005    1.4103606033325196   -1.3940807609558106 -0.079099147796630853, -30.049712448405153   4.1596352831693846  -12.829538498902162  -8.3453975231248787   -2.100732747502823   -2.174217695002973 -0.94809785644482469,  0.51835256814956665 -0.080709472298622131   0.22516842186450958, 0.48608773946762085 -0.49962642788887024  0.51085859537124634  0.50310599803924561,-0.11556123197078705 -0.78614658117294312 0.075699061155319214, 0.064520761370658875   -1.4660886526107788 -0.015173537656664848,   0.25078096985816956  0.0061653894372284412   0.066756784915924072  0.0061653894372284412    0.24145723879337311 -0.0096038505434989929   0.066756784915924072 -0.0096038505434989929    0.17362122237682343,  -0.21164878832369283    0.17590570343184453   -0.34038706503203287   -0.19325736352016065  -0.024767203369968627  -0.052805459302973645 5.3290705182007514e-12,0.54581344127655029
IIWA_14,1715021008.6699948, 0.55643882753563878   1.0797931049768474 -0.40442570568760955  -1.6578089302731629   -1.107620223501973   1.4580544912723503 -0.51429636059880834, -0.34422866391014728 0.0010516027354433141   -1.2541595916898038   -1.0786664235640475  -0.70597698750810767   -1.4325957043348096   0.70688520049225323,  6.7437803192138679   62.738761756896977   14.693993747711181  -7.6151746940612792   1.2184388732910156  -2.2504875679016112 -0.02236136245727539,-29.782027210599303  4.1436707963035175 -12.442164780843047 -8.1086956401705077 -1.9476750864332051 -2.4278130205121187 -0.9530221844468828,  0.51790714263916016 -0.084850572049617767    0.2257269024848938, 0.48526778817176819 -0.49913385510444641  0.51191514730453491  0.50331246852874756,-0.11667980253696442   -0.793143630027771 0.085199028253555298, 0.067661784589290619   -1.4655464887619019 -0.016918124631047249,  0.25104948878288269 0.0068592904135584831  0.066575683653354645 0.0068592904135584831   0.24120907485485077 -0.010672555305063725  0.066575683653354645 -0.010672555305063725   0.17355731129646301,  -0.23594365529611139    0.19539398165946409   -0.38011094031187298   -0.21315425907708629  -0.021988556083485378  -0.056391594482896323 8.8817841970012523e-13,0.55146467685699463
IIWA_14,1715021008.6749947, 0.55442799443450796   1.0797811207826216   -0.410917500382803  -1.6632887769593976  -1.1119900554883382   1.4502311293675236 -0.51148444198771392,  -0.35581625517335047 0.00036191441931952969    -1.2629994611595812    -1.0821270063006256    -0.7395748694610943    -1.4590110396609153    0.67798490483757945,  6.0287647094726564   62.034034141540531   13.753018939971923  -6.7467893714904781   1.8382228088378907  -1.8349667282104491 -0.10012550354003906, -29.453800540670137    4.070484955737979  -12.061750189432423   -7.800990201563061   -1.829693534644947  -2.6591040234333176 -0.92144305288176531,   0.5174291729927063 -0.089066959917545319   0.22628362476825714, 0.48454195261001587 -0.49857956171035767   0.5128747820854187  0.50358414649963379,-0.11908726394176483 -0.80164521932601929 0.092711232602596283, 0.071331702172756195   -1.4649208784103394 -0.018867123872041702, 0.25133416056632996 0.007557375356554985 0.066377207636833191 0.007557375356554985  0.24093234539031982 -0.01176143903285265 0.066377207636833191 -0.01176143903285265  0.17350156605243683, -0.26054452964974217   0.21523318188521046  -0.42077847449828454  -0.23337132343925759 -0.019269148641143374 -0.059940279323988932                     0,0.55818814039230347
IIWA_14,1715021008.6799953, 0.55235412429503516   1.0797868132830601 -0.41746987534725005  -1.6687468124841363  -1.1164780996721386   1.4421486685355829 -0.50890226095697633,  -0.36760780971759238 0.00051723155299886582     -1.272494567505547    -1.0840230260300472   -0.77118166292089319    -1.4905072650063624    0.64567516509956746,  8.5158873519897469   63.474353355407722   15.013925182342529  -10.387017627716064  0.87421228408813478  -1.3079728279113769 -0.16520708084106445, -28.883090628975218   3.8020824096875514  -11.512472322421212  -7.1999490559435246  -1.5877123063469383  -2.9443373413010017 -0.76299201694460561,  0.51646089553833008 -0.097620964050292969   0.22737438976764679, 0.48354363441467285 -0.49723652005195618  0.51454120874404907  0.50417131185531616, -0.1232302337884903 -0.81807959079742432  0.10248897224664688,0.075095623731613159  -1.4642257690429688  -0.0210435651242733,  0.25194334983825684   0.00897175632417202  0.065933145582675934   0.00897175632417202   0.24029389023780823 -0.013986008241772652  0.065933145582675934 -0.013986008241772652   0.17342269420623779,   -0.31093608618082413     0.25577844631197166    -0.50481981887173788    -0.27476888002642141   -0.013589732855479042   -0.066211689402351226 -3.5527136788005009e-12,0.57091784477233887
IIWA_14,1715021008.6849935, 0.55025448807798127   1.0798035911331596  -0.4240507128138894  -1.6743577066718416  -1.1210929849611959   1.4336920001672022 -0.50654652188863569, -0.37807169645622957 0.0010848992463774385   -1.2812291526700115   -1.0916541883322508  -0.80154074189900626   -1.5306725467403164   0.61076969481327936,   6.1187846603393554    64.243380935668952    15.294873374938964    -7.674321681976318    1.4297288513183593   -1.9864899902343749 -0.074426624298095698, -28.846478212492446   3.8234978372293162  -11.466877023866997  -7.1211792771814268  -1.6153079335189551  -2.9933771624011767 -0.76299201694460583,  0.51646089553833008 -0.097620964050292969   0.22737438976764679, 0.48354363441467285 -0.49723652005195618  0.51454120874404907  0.50417131185531616, -0.1232302337884903 -0.81807959079742432  0.10248897224664688, 0.078597523272037506    -1.463475227355957 -0.023301685228943825,  0.25194334983825684   0.00897175632417202  0.065933145582675934   0.00897175632417202   0.24029389023780823 -0.013986008241772652  0.065933145582675934 -0.013986008241772652   0.17342269420623779,   -0.31093608618082413     0.25577844631197166    -0.50481981887173788    -0.27476888002642141   -0.013589732855479042   -0.066211689402351226 -3.5527136788005009e-12,0.57091784477233887
IIWA_14,1715021008.6899927, 0.54808594266231714   1.0798000558596765 -0.43066630458559141   -1.679913114006466   -1.125832793936794   1.4247806504030645 -0.50438738401580596,  -0.38919917379154911 0.00072650845777921162    -1.2896069930040897    -1.0955396440507787    -0.8308249525431296    -1.5809920279577638    0.57498127076381267, 7.6619838180541997  61.455334457397463  13.504332740783692 -6.1378442459106441  1.2580557441711426  -1.380063190460205 -0.1818946647644043, -28.58502178425627  3.6846836410992343 -11.245367604496465 -6.8153285715456748 -1.5013209158212371 -3.0749148347165871 -0.6566416630516404, 0.51602822542190552 -0.10195200890302658  0.22789765894412994, 0.48328143358230591 -0.49649536609649658  0.51525747776031494  0.50442159175872803,-0.12306682765483856 -0.82592892646789551  0.10504211485385895,  0.08241068571805954   -1.4619971513748169 -0.025690825656056404,  0.25225383043289185 0.0096893450245261192  0.065694928169250488 0.0096893450245261192   0.23993171751499176 -0.015122105367481709  0.065694928169250488 -0.015122105367481709   0.17341524362564087,  -0.33681374050686941    0.27649887608749424   -0.54831217141604327   -0.29594150685241516  -0.010642743273336919  -0.068738897190279147 2.6645352591003757e-12,0.57666724920272827
IIWA_14,1715021008.6949925, 0.54589570564021062   1.0797905283254561 -0.43735967401016546  -1.6854135136899722  -1.1306826659930169   1.4154831689039538 -0.50240854879943342,  -0.39896881991750022 0.00020010539740517627    -1.2994203713862336    -1.0964477025808681   -0.85865484428341943    -1.6366928823306388     0.5391384252659519,  9.058579055786133  62.669317794799809  14.978974689483643 -8.0520558547973629 0.53086606979370121 -1.7995890502929688 -0.2146023292541504, -28.301760034224841   3.4748770014949528  -11.081262885640642  -6.4365569738030768  -1.4115637337710156   -3.108599368410327 -0.50450270918162032, 0.51555782556533813 -0.10632583498954773  0.22836481034755707, 0.48323103785514832 -0.49566429853439331  0.51584386825561523   0.5046878457069397,-0.12468420714139938 -0.83381235599517822  0.10478047281503677, 0.090669088065624237    -1.461409330368042 -0.030807100236415863, 0.25259155035018921 0.010413594543933868 0.065432004630565643 0.010413594543933868  0.23953802883625031  -0.0162816122174263 0.065432004630565643  -0.0162816122174263  0.17340667545795441,  -0.36317481350955916    0.29768965711429729   -0.59304083702738097   -0.31760722044893441 -0.0076338474430670544  -0.070837975340687365 8.8817841970012523e-13,0.5824093222618103
IIWA_14,1715021008.6999955, 0.54367910345625747    1.079805268939986 -0.44407898917215038  -1.6909681420623348  -1.1356499833490015   1.4056856455563254 -0.50063608185923214,  -0.40783914329212589 0.00074970889911952143    -1.3083089035883841    -1.0993432969592005   -0.88561656966611746    -1.7012552397696472    0.50220941782081274,     6.43771248626709    63.029397598266605    15.415855850219726   -8.7228364677429191    1.7193721961975097  -0.99257749176025389 -0.069086597442626949,  -28.07798443073726   3.3100770384048679  -10.977106888826752   -6.034343142787769  -1.3468368011641803   -3.125724085621437 -0.34856940493294131, 0.51513850688934326 -0.11072821170091629  0.22879016399383545, 0.48338532447814941 -0.49482673406600952  0.51633650064468384  0.50485813617706299,-0.12413852661848068 -0.84119755029678345  0.10280030220746994,  0.09062601625919342   -1.4607150554656982 -0.030792465433478355,  0.25293087959289551  0.011144929565489292  0.065159395337104797  0.011144929565489292   0.23911513388156891 -0.017459573224186897  0.065159395337104797 -0.017459573224186897   0.17342229187488556,    -0.390051070641384     0.3192437862926667   -0.63893428144279341   -0.33963766330558087 -0.0045766144314285384  -0.072231812102252491                      0,0.5874863862991333
IIWA_14,1715021008.7049952, 0.54139550942696035    1.079801793553113 -0.45083263921476208  -1.6965642957445932  -1.1406617861805597   1.3955072036631166  -0.4990454157224849,  -0.41761507580558554 0.00046075164437749225    -1.3167931245751749    -1.1033207848576967   -0.90896536899522284    -1.7681418675440663    0.46539417972653996,   6.7026283416748047    61.262434562683111      14.1092451171875   -7.3221282539367678    1.1559322547912598   -2.0705954132080078 -0.059741550445556638, -27.928956930789557   3.0959307832451701  -10.988472433271859  -5.8261041120359387  -1.2170857903792185  -2.9809654550211619 -0.18883788745626184, 0.51476162672042847 -0.11514978110790253  0.22919316589832306, 0.48370969295501709 -0.49397104978561401  0.51675784587860107  0.50495433807373047,-0.12218499928712845 -0.84780532121658325  0.10024702548980713,  0.0945143923163414  -1.4596543312072754 -0.03335818275809288, 0.25327029824256897 0.011883598752319813 0.064877599477767944 0.011883598752319813  0.23866228759288788 -0.01865391805768013 0.064877599477767944 -0.01865391805768013  0.17346417903900146,  -0.41747806141856358    0.34115959347591485    -0.6859817300499671   -0.36204705201026144  -0.001434359715446476  -0.073063117254967835 8.8817841970012523e-13,0.59189307689666748
IIWA_14,1715021008.7099946, 0.53906775344068303   1.0797919664767597 -0.45765453937602535  -1.7021228189282647  -1.1458149070999213   1.3847472872218152 -0.49758681570499286,   -0.42720230009556143 -2.4481738631220394e-05     -1.3263105061106708     -1.1049975552330153    -0.93329713197064224     -1.8449101516873121     0.43065934448091359,  7.5796798629760742   61.540210411071783   15.477691337585449  -6.6715113868713383  0.91030765533447267  -1.1187356262207031 -0.16687583923339844,  -27.785889821250091    2.8678247868027582   -11.044505076115568   -5.5248517385056832   -1.1238019609077097   -2.8202469679785032 0.0020247359914359331, 0.51439207792282104 -0.11959662288427353   0.2295142263174057, 0.48428159952163696 -0.49306562542915344  0.51705223321914673  0.50498974323272705,-0.12055404484272003 -0.85400670766830444 0.094834625720977783, 0.098727330565452576   -1.4585015773773193 -0.035868685692548752,  0.25362798571586609  0.012629850767552853  0.064575605094432831  0.012629850767552853   0.23817776143550873 -0.019872039556503296  0.064575605094432831 -0.019872039556503296   0.17351469397544861,   -0.44549719375286401     0.36358791926183187    -0.73444206528705536    -0.38498046062063196   0.0017916395744776992   -0.073165632678673376 -1.7763568394002505e-12,0.59588325023651123
IIWA_14,1715021008.7149932, 0.53670967748555709    1.079794123594632 -0.46450334422404038  -1.7076584522278795  -1.1510671613245329   1.3736183764334664 -0.49625884376453561,  -0.43608487828148668 6.6699323988049381e-05     -1.335000598809138    -1.1054233761710051   -0.95672787456097863    -1.9210845528838005    0.39764635320302094,  6.3811285171508789   61.841134246826172   14.758517734527588  -8.7309019660949705   1.0326797676086426  -2.1099781112670897 -0.13383442306518556,-27.611913129763174  2.6204535567827634 -11.131000687675929 -5.1830330893337297 -1.0590161756615113 -2.6359444095112394 0.20667831797764347, 0.51400464773178101 -0.12408597022294998  0.22978800535202026, 0.48502570390701294 -0.49216163158416748  0.51721066236495972  0.50499516725540161,-0.12022154033184052 -0.86056101322174072 0.088518179953098297,  0.10259949415922165   -1.4573020935058594 -0.038226161152124405,  0.25399824976921082  0.013375679031014442  0.064256712794303894  0.013375679031014442   0.23766143620014191 -0.021111117675900459  0.064256712794303894 -0.021111117675900459   0.17357948422431946,   -0.47385376548803038     0.38646601369318745    -0.78418277098535327    -0.40827360272288615   0.0049004140461050838   -0.072748973350300616 -1.7763568394002505e-12,0.60023510456085205
IIWA_14,1715021008.7199917, 0.53428778542074418   1.0797996363261575  -0.4714061378872228  -1.7132804917609388  -1.1563895954129002   1.3619670732192815 -0.49501757759965587,  -0.44574358521770591 0.00027386872021012524    -1.3441122255746072    -1.1092202822591757   -0.97827966318347492    -2.0029197708744384    0.36776772915760636,  4.8687933425903323    62.64874180603028    14.90907370376587  -6.8597063484191896   1.0502872657775879  -1.0426402435302735 -0.10947055053710937, -27.481758983116688   2.3827612953623478  -11.283183975325402  -4.8963345289848341 -0.97856598923991589   -2.370771054464492  0.41119823796780464, 0.51367300748825073 -0.12860526144504547  0.22999753057956696, 0.48600062727928162 -0.49126201868057251  0.51728135347366333  0.50486141443252563,-0.11797297745943069 -0.86690026521682739 0.080783501267433167,  0.10619650036096573   -1.4560494422912598 -0.040500793606042862,  0.25437185168266296  0.014132421463727951  0.063926048576831818  0.014132421463727951    0.2371128648519516 -0.022374682128429413  0.063926048576831818 -0.022374682128429413    0.1736689954996109, -0.50297840697499652   0.40988554801568711  -0.83554322084733457  -0.43211107633034374  0.008119826414798581 -0.071429142658452349                     0,0.60424304008483887
IIWA_14,1715021008.7249923, 0.53180111862415291    1.079794243476935 -0.47835842646999788  -1.7188681966315376  -1.1617991786777413   1.3499419222246487  -0.4938291619680219,  -0.45606154003781529 3.3810072673565303e-06    -1.3533813237706889     -1.110884420631292   -0.99900706114042359    -2.0833418564848607    0.34175080859144374,   7.8728877029418953     61.16727061462403    14.613338764190674    -5.956370532989502    0.7905766677856445   -2.0879505004882812 -0.042052711486816406, -27.388081093830387   2.1447767961405928  -11.482263776342833  -4.6238058074536932 -0.89366687291551972  -2.0768215294573347  0.62225718384049178,0.51335656642913818 -0.1331346333026886  0.2301582396030426, 0.48715001344680786 -0.49034872651100159  0.51726144552230835  0.50466185808181763,-0.11577447503805161 -0.87226057052612305 0.072533383965492249,  0.10967466235160828   -1.4547401666641235 -0.042481198906898499,   0.2547537088394165  0.014890282414853573   0.06358085572719574  0.014890282414853573   0.23653435707092285 -0.023652186617255211   0.06358085572719574 -0.023652186617255211   0.17377579212188721, -0.53254348523346096   0.43366913004927454  -0.88811335882255094  -0.45628628684379891  0.011385391551321788 -0.069505898321331472                     0,0.60765117406845093
IIWA_14,1715021008.7299922, 0.52930013074655047   1.0797901687876301 -0.48536698097719871  -1.7243914861991005  -1.1673218929629663   1.3374801259576659 -0.49266369610705468,   -0.46488874713435008 -0.00016028276638035453     -1.3630472393045847      -1.109639119207553     -1.0201142203213387     -2.1651453358672024     0.32001928131184376,  5.8332928161621096   61.491342437744144    14.67786275100708  -6.3892189445495609   0.7791317939758301   -1.682442211151123 -0.21627108764648437, -27.255889875593216   1.8744947156975229  -11.717881882443647  -4.3100783040139836 -0.83644412127457946  -1.7381107387125199  0.84596053121803949, 0.5130159854888916 -0.1377185583114624 0.23023851215839386, 0.48849830031394958 -0.48945024609565735  0.51710665225982666  0.50438928604125977,-0.11531029641628265 -0.87856936454772949 0.062606528401374817,  0.11328920722007751   -1.4533504247665405 -0.044339295476675034,  0.25515469908714294  0.015650775283575058  0.063213564455509186  0.015650775283575058   0.23592023551464081 -0.024959629401564598  0.063213564455509186 -0.024959629401564598   0.17389282584190369, -0.5626577782100739  0.45812034115932931 -0.94247393046309469 -0.48101527673516387 0.014570145541625834 -0.06686185656867849                    0,0.61187553405761719
IIWA_14,1715021008.734993, 0.52673334951938489   1.0797905283254561 -0.49242970406847986  -1.7299365271506326  -1.1728768207901954    1.324644481801152 -0.49149115959003847,   -0.47458224679410338 -0.00011384470006605286     -1.3729467150949135     -1.1095129334273255     -1.0382884893462352     -2.2455420349543154     0.30291688573012338,  5.1980091629028324   61.936298194885261   16.169979946136475  -8.6085752410888681   1.1488892555236816  -1.4478147811889648 -0.11948310089111328, -27.124407178238481   1.6247228696904654  -11.965783477764532  -4.0082191165378136 -0.78155376406465771  -1.3855668557878951   1.0588285639264376, 0.51268690824508667 -0.14233236014842987  0.23028308153152466, 0.48998111486434937 -0.48858323693275452  0.51687180995941162   0.5040321946144104,-0.11474555730819702 -0.88466715812683105 0.053122028708457947,  0.11638282239437103   -1.4519438743591309 -0.045850083231925964,  0.25556027889251709  0.016410566866397858  0.062833480536937714  0.016410566866397858   0.23527449369430542 -0.026283072307705879  0.062833480536937714 -0.026283072307705879   0.17403219640254974,   -0.59321385588262388     0.48298118785439215    -0.99823272407029151    -0.50606024436028463    0.017718186945181458   -0.063622304564248111 -8.8817841970012523e-13,0.6160818338394165
IIWA_14,1715021008.7399936, 0.52411036214532036   1.0797970597838493  -0.4994918280754953  -1.7355595254148668  -1.1784885060265675   1.3115777817952807 -0.49025300938328892,  -0.48458529239786363 0.00017018257567692145    -1.3808423323565486    -1.1125302773112278     -1.055098200931873    -2.3191016281983039    0.29185951685408096,   8.2303955078125011    61.745970298767091    16.156537448883057    -6.488693424224854    1.0881433868408203   -2.5014688301086427 0.0013350067138671875, -27.060593436216561    1.401012803139732  -12.265531658706122  -3.7705042744978963 -0.70843193836829466 -0.98729401718377852   1.2592466309893997,  0.5123981237411499 -0.14694751799106598  0.23028159141540527,    0.49162557721138 -0.48774057626724243  0.51658344268798828  0.50354242324829102,-0.11290255934000015  -0.8894544243812561 0.043572232127189636,  0.11930152773857117   -1.4504815340042114 -0.047137558460235596,  0.25596654415130615  0.017173673957586288  0.062443096190690994  0.017173673957586288   0.23459886014461517 -0.027620512992143631  0.062443096190690994 -0.027620512992143631   0.17419645190238953,  -0.62437802805348497    0.50826311993468209    -1.0554324534979287   -0.53149465056723244    0.02096219218827855  -0.059607629122382377 2.6645352591003757e-12,0.61938607692718506
IIWA_14,1715021008.7450218, 0.52147712837954963    1.079783337787104 -0.50656869269704075  -1.7411053453286607  -1.1842093916273151   1.2982598923672162 -0.48892270044696323,    -0.4929975845491204 -0.00041273380927124234     -1.3877484507470566     -1.1118570184007375     -1.0729139847754015     -2.3879968796812254     0.28669997093629218,  5.2005811614990236   60.033019233703619   14.882188709259033  -4.8056927680969235  0.30020784378051757  -2.3639631385803224 -0.34610049057006836, -26.958739618771226   1.1736205292950392  -12.568178212735393  -3.5046074577448869 -0.66235948390768984 -0.57917784562529229   1.4544505444308427, 0.51208049058914185 -0.15160298347473145  0.23022830486297607, 0.49338394403457642 -0.48695126175880432  0.51619595289230347  0.50298362970352173,-0.11287969350814819 -0.89471876621246338 0.033757738769054413,  0.12231814116239548   -1.4489524364471436 -0.048119194805622101,  0.25638511776924133  0.017931938171386719  0.062034599483013153  0.017931938171386719   0.23388928174972534 -0.028978314250707626  0.062034599483013153 -0.028978314250707626   0.17437650263309479, -0.65590662032910529   0.53407264172111724    -1.114238777276455  -0.55727784101566868  0.024058649209734995 -0.055035729396024635                     0,0.62327790260314941
IIWA_14,1715021008.7499931,  0.5187615629605562   1.0797742897820954 -0.51370613747875671  -1.7465710507027974   -1.190010619271388   1.2848513423565719  -0.4874522960041584,   -0.50302068439903347 -0.00069210724775941885     -1.3956965518662838     -1.1081138296860584     -1.0903802935832361     -2.4467395041707496     0.28817615446122691,  3.7474019546508792   61.890002220153811      15.829884765625  -7.2199652748107912   1.0388423919677734  -2.0836117286682128 -0.10947055053710937, -26.826297829969338  0.93265375053386368  -12.881516641116365  -3.1854071432783346 -0.64229900022728903 -0.18880780435166744   1.6474086840677127,0.51169848442077637  -0.156281977891922 0.23013004660606384, 0.49522492289543152 -0.48619255423545837  0.51572072505950928  0.50239545106887817,-0.11572536081075668 -0.89967817068099976 0.023983240127563477,  0.12520603835582733   -1.4473757743835449 -0.048922266811132431,  0.25682419538497925  0.018677836284041405   0.06160319596529007  0.018677836284041405    0.2331480085849762 -0.030348466709256172   0.06160319596529007 -0.030348466709256172    0.1745610386133194, -0.68754072661736387   0.56027562765503802   -1.1743478171544197  -0.58326516708628873   0.02702098287077348 -0.050083867983552466                     0,0.62732177972793579
IIWA_14,1715021008.7549915, 0.51596983769982419   1.0797914870566307 -0.52087528060309818   -1.752121784154768  -1.1958344731893509   1.2715102036157078 -0.48580350636724584,   -0.5140855579485073 0.00013420518320477403     -1.403322966466686    -1.1085204018276731    -1.1052583915851057    -2.4910371529711668    0.29649250904548402,   4.5087135391235353    62.571581848144533    15.551625072479249   -7.1702280349731442   0.85660478591918943   -2.7804852333068846 -0.064747825622558597, -26.769664202337342  0.74350322254653656  -13.230421526947278  -2.9360973444384664 -0.59973781642987611  0.21114165882326286   1.8128959984658726, 0.51133960485458374 -0.16093799471855164  0.23001518845558167, 0.49714982509613037 -0.48547947406768799  0.51523095369338989  0.50168591737747192,-0.11725380271673203 -0.90257173776626587 0.015362479723989964,  0.12767677009105682   -1.4457733631134033 -0.049434401094913483,  0.25726133584976196  0.019417896866798401  0.061163906008005142  0.019417896866798401   0.23238177597522736 -0.031719297170639038  0.061163906008005142 -0.031719297170639038   0.17476809024810791,   -0.71950414879751179     0.58668375940840178     -1.2355216866177798    -0.60938374343866286    0.030051335494718501   -0.044533571079696799 -8.8817841970012523e-13,0.62995076179504395
IIWA_14,1715021008.7600067, 0.51310776508917832   1.0797826787071452 -0.52808205411694342  -1.7576538821808996  -1.2017316705548715   1.2582587667262481 -0.48392713626784867,    -0.5257513507846403 -0.00024496983285931693     -1.4109293137271586     -1.1081002425073996       -1.12009460788891     -2.5228871979553187     0.31224881121227416,  2.4125346832275394   60.683734878540044   14.863369213104248  -4.0757651672363284  0.87773378372192379  -3.2353887710571287 -0.34476548385620115, -26.555479233954859  0.45135621725845343  -13.757386449527633  -2.4422195199653811 -0.53415227952395328  0.86925458873704897   2.0742208061635852, 0.51047408580780029 -0.17035204172134399  0.22983808815479279, 0.50088596343994141 -0.48422610759735107  0.51419484615325928  0.50024193525314331,  -0.1259094625711441  -0.91015523672103882 0.0046664359979331493,  0.13033598661422729   -1.4440945386886597 -0.049757584929466248,  0.25816211104393005  0.020852966234087944  0.060236278921365738  0.020852966234087944   0.23075310885906219 -0.034469790756702423  0.060236278921365738 -0.034469790756702423   0.17523667216300964, -0.78362670500453646   0.64018596268322625   -1.3613552297249143  -0.66167328863819819  0.035664161615045487 -0.033332369351768421                     0,0.63724243640899658
IIWA_14,1715021008.7650182, 0.51015419304708121   1.0797699154415745 -0.53532837570080816  -1.7630747665180972  -1.2076609856438203   1.2450641950636463 -0.48180047559082306,   -0.53874396231159705 -0.00070650648911336458     -1.4185963143363163     -1.1033155674938266     -1.1332482898690794     -2.5460926248683289     0.33486547605084349, 4.8867973327636722  61.799982269287113  17.882554096221924 -6.1163362503051761 0.41641733169555661 -2.4387235145568846 -0.2663338394165039, -26.478162529071504   0.4346072340085082  -13.712690561500008  -2.3640511933714472 -0.56146827179783343  0.85053650228122757   2.0742208061635852, 0.51047408580780029 -0.17035204172134399  0.22983808815479279, 0.50088596343994141 -0.48422610759735107  0.51419484615325928  0.50024193525314331,  -0.1259094625711441  -0.91015523672103882 0.0046664359979331493,  0.13353937864303589   -1.4423147439956665 -0.049989879131317139,  0.25816211104393005  0.020852966234087944  0.060236278921365738  0.020852966234087944   0.23075310885906219 -0.034469790756702423  0.060236278921365738 -0.034469790756702423   0.17523667216300964, -0.78362670500453646   0.64018596268322625   -1.3613552297249143  -0.66167328863819819  0.035664161615045487 -0.033332369351768421                     0,0.63724243640899658
IIWA_14,1715021008.7700162, 0.50716814359101381   1.0797843565139718 -0.54254072194187197  -1.7685499993173714  -1.2136786964233948   1.2321474176406073 -0.47943167371477896,  -0.55043714809197353 1.2437704598549336e-05    -1.4233709011116058    -1.1016617659660293    -1.1473070630782423    -2.5535451968162226    0.36264445588243888,   5.514364990234375   62.406973937988283   16.941579288482664  -7.7979926567077635   1.3698633575439454  -3.1105656433105469 0.064414073944091793, -26.235829921875254  0.31823816332062627  -13.837556549165193  -2.0100606527776845 -0.57795594829397401   1.0594146856215925   2.1661150008651786, 0.50992226600646973 -0.17510201036930084  0.22980928421020508, 0.50262635946273804 -0.48369154334068298  0.51367157697677612  0.49955052137374878,-0.13381440937519073 -0.91426795721054077 0.003107534721493721,  0.13639125227928162   -1.4389022588729858 -0.050035636872053146,   0.2586301863193512  0.021538896486163139  0.059745337814092636  0.021538896486163139   0.22989143431186676 -0.035840630531311035  0.059745337814092636 -0.035840630531311035   0.17549212276935577,  -0.81548465494396538     0.6671467082632887    -1.4257311152974239   -0.68765082777133557   0.038189272039801381  -0.027968325079008594 2.6645352591003757e-12,0.64156848192214966
IIWA_14,1715021008.7749927, 0.50412450994151992   1.0797823790559293 -0.54976625076385921  -1.7740656190355366  -1.2197119387134499   1.2194383269809064 -0.47674265333562832,   -0.56209506445333457 -6.9148158018107059e-05     -1.4277178737687741     -1.1019542014994301     -1.1591753420647972     -2.5511997838410156     0.39767637987197679,   2.803478469848633   61.504202430725101   16.813875564575195  -4.4709745864868164  0.16198898315429688  -3.1963398246765138 -0.28402267837524414, -25.915464323558684  0.24986888994515155  -13.869434630827948  -1.6769601941705072 -0.60268181043379565   1.2326984096867137   2.2143076167510918, 0.50933957099914551 -0.17987200617790222  0.22982290387153625,0.50426328182220459 -0.4832662045955658 0.51317626237869263 0.49882102012634277, -0.14153347909450531  -0.91825902462005615 0.0034980443306267262, 0.14439399540424347  -1.4380918741226196 -0.05087878555059433, 0.25909766554832458 0.022205706685781479 0.059244640171527863 0.022205706685781479  0.22900120913982391 -0.03720397874712944 0.059244640171527863 -0.03720397874712944   0.1757735013961792,   -0.84728333413952583     0.69413486734326568       -1.49104319253901    -0.71340116475226978    0.040524211048165171   -0.022644194747734048 -8.8817841970012523e-13,0.64587068557739258
IIWA_14,1715021008.7799911, 0.50100369794158583   1.0797729115174017 -0.55701095442750725  -1.7794606175219332  -1.2258270573657757   1.2068786195972991 -0.47373641052919835,    -0.5745085315600309 -0.00043402006751835085     -1.4319624455609412     -1.0973633006554071     -1.1719450197448711     -2.5433481224171017     0.43839081615478026,  5.9284567642211918   61.174986610412603   16.028833724975588  -4.2142228889465336  0.41025470733642577  -2.6426457901000977 -0.30738529586791991, -25.636421646073945  0.17587035719271749  -13.910431673658145  -1.1987220064535058 -0.68634943948715188    1.289242884106337    2.257658234129416, 0.50864815711975098 -0.18463322520256042  0.22987814247608185,  0.5057913064956665 -0.48284968733787537  0.51269692182540894  0.49816980957984924,-0.15218926966190338 -0.92098885774612427 0.005392842460423708,  0.14422875642776489   -1.4364460706710815 -0.050820562988519669,  0.25958570837974548  0.022842539474368095    0.0587204210460186  0.022842539474368095   0.22808396816253662 -0.038551438599824905    0.0587204210460186 -0.038551438599824905   0.17605553567409515,  -0.8786115575949438   0.72106573189323342   -1.5568442371307611  -0.73886217913798902  0.042755493586454918 -0.017728246140435999                     0,0.6497122049331665
IIWA_14,1715021008.7850196, 0.49785963662885224    1.079772432206356 -0.56429916075001052  -1.7848104354335652   -1.232037570304495    1.194665855525554 -0.47043463668376523,  -0.58536927775736847 -0.0003663884958443764    -1.4370982093488835    -1.0918833569896069    -1.1859765333446699    -2.5231890608034853    0.48278360674114906,   2.9989503631591798    60.722314857482914    15.820475017547608   -5.5786363601684572    1.0670143890380859   -3.0384752807617188 -0.030371402740478514, -25.331195195583792  0.15616029716375568  -13.882244912673402 -0.86977002117412539 -0.72034980504344781   1.3412175898074061   2.2705673887659659, 0.50784569978713989 -0.18940982222557068  0.22998660802841187,  0.5071721076965332 -0.48252508044242859  0.51223850250244141  0.49755167961120605,  -0.1653108149766922  -0.92367202043533325 0.0089757749810814857,  0.14949040114879608   -1.4341559410095215 -0.051712255924940109,  0.26008805632591248  0.023449448868632317  0.058176562190055847  0.023449448868632317    0.2271367609500885 -0.039888538420200348  0.058176562190055847 -0.039888538420200348   0.17634747922420502,  -0.90950023997837803     0.7480401551553939    -1.6234148669784787   -0.76401549544069525   0.044719463035747253  -0.013159864354683748 1.7763568394002505e-12,0.65394628047943115
IIWA_14,1715021008.7900162, 0.49461562674575849   1.0797750687443572 -0.57162811352923082  -1.7901765518842507  -1.2382252653321724   1.1826318960723525 -0.46676878213854445,    -0.5980558175296451 -0.00018764927662530265     -1.4428366786479188     -1.0881513436191064       -1.19628902778283     -2.4999096267708487     0.53286106720175053,  1.1239633865356446   60.971798721313483   17.874488597869874  -7.2428175201416014  0.68229055404663086  -3.0107738914489746 -0.15419327545166014, -24.971483545181055  0.17977969633938928  -13.779913992841248 -0.46674225944779563 -0.80069638866178683    1.324143847331515   2.2403899933360423,  0.5070185661315918 -0.19418938457965851  0.23015549778938293, 0.50842225551605225 -0.48229765892028809  0.51185023784637451  0.49689546227455139,-0.17688089609146118 -0.92586618661880493 0.014196805655956268,  0.15527884662151337   -1.4317244291305542 -0.052887000143527985, 0.26058858633041382 0.024035073816776276 0.057624012231826782 0.024035073816776276  0.22616438567638397 -0.04120904952287674 0.057624012231826782 -0.04120904952287674  0.17666400969028473,   -0.9402542010494841    0.77489215407311463    -1.6907249303459437   -0.78880956552929149   0.046584119514747613 -0.0087398874120125924 1.7763568394002505e-12,0.65781486034393311
IIWA_14,1715021008.7949913, 0.49128221455339288   1.0797757278243161 -0.57893112046195716  -1.7955609442229492  -1.2444917686078285   1.1707132847749171 -0.46274196274258317,    -0.6117811417183403 -0.00012375622294699017     -1.4463896202273887     -1.0858967684432241     -1.2076913532525098     -2.4766721533140963     0.58736162959985161,   5.0899852218627935     61.22642658233643    16.967120033264159   -5.2156889343261721   0.77561029434204098   -2.6953785552978515 -0.093116718292236333,  -24.596164471728596   0.23953541584788562   -13.585249448451071 -0.055119159738444667  -0.88233041364037135    1.2277262174010535    2.1880661939689312, 0.50612229108810425 -0.19896499812602997  0.23042336106300354, 0.50949198007583618 -0.48210594058036804   0.5115472674369812  0.49629750847816467,-0.18894882500171661 -0.92740499973297119 0.022298602387309074,  0.16244889795780182   -1.4290354251861572 -0.054514657706022263,  0.26109424233436584  0.024594923481345177  0.057057317346334457  0.024594923481345177   0.22516398131847382 -0.042506854981184006  0.057057317346334457 -0.042506854981184006   0.17700003087520599,  -0.97073234583877621    0.80160892338465572    -1.7585622643210286   -0.81326034748308018   0.048393149459258211 -0.0049070955130403604 8.8817841970012523e-13,0.6614919900894165
IIWA_14,1715021008.8000164, 0.48792938797292651   1.0797661404034855 -0.58625390132061017  -1.8008281309392253  -1.2508697731154128   1.1590433461348932 -0.45836712142128189,    -0.6235379765933271 -0.00048250181158039938     -1.4500229305280314     -1.0794048834056245     -1.2212732629053797     -2.4481352682522317     0.64488295653193251,   2.7700424880981447    59.042799774169929    15.953555740356446   -4.9051672477722166   0.10476461410522461    -3.066176670074463 -0.089445449829101562,-24.102272273839933 0.31035975197800492 -13.302399504941976 0.43894058613374853 -1.0291559978626088  1.0804516504711594  2.1058254395094274, 0.50510823726654053 -0.20378383994102478  0.23073995113372803, 0.51038622856140137 -0.48204663395881653  0.51126497983932495  0.49572679400444031, -0.2034689337015152 -0.93024903535842896 0.030709369108080864,  0.17116285860538483   -1.4260505437850952 -0.056689992547035217,  0.26161521673202515  0.025122696533799171  0.056468959897756577  0.025122696533799171    0.2241293340921402 -0.043798010796308517  0.056468959897756577 -0.043798010796308517   0.17735002934932709,   -1.0007487188952169    0.82843560654133341     -1.827512869155612   -0.83734165717874731   0.049821552657647317 -0.0014708120454898221                      0,0.66661834716796875
IIWA_14,1715021008.8049922, 0.48448847735218903   1.0797678182103121  -0.5936216828760319  -1.8060044771949262   -1.257298494796665   1.1474255988390734 -0.45365576305782052,  -0.63646680610416095 -0.0003188891762009895    -1.4547296066392943    -1.0705777569525337    -1.2341674775743914    -2.4232181064345806    0.70436069976400084,   3.9300138549804688    61.802554267883302    17.859701850891113   -7.1083925476074219    0.7157448005676269   -2.5538678436279296 -0.026366382598876952,-23.562958092782605 0.38710116719709908 -13.008155625591726 0.98272073950251049 -1.2078378335443574 0.91395123847212179  2.0043400783490282,0.50400543212890625 -0.2086159735918045 0.23107849061489105, 0.51117604970932007 -0.48208233714103699  0.51100760698318481  0.49514326453208923,-0.21877238154411316 -0.93292951583862305  0.03823789581656456,  0.18058496713638306   -1.4228429794311523 -0.059305842965841293,  0.2621518075466156 0.025620156899094582 0.055859621614217758 0.025620156899094582  0.22306743264198303 -0.04507865384221077 0.055859621614217758 -0.04507865384221077  0.17770664393901825,   -1.0303159686957386    0.85527094789483726    -1.8974389500820976   -0.86102101653828811   0.051048913386253503  0.0018317436092374351 8.8817841970012523e-13,0.67195719480514526
IIWA_14,1715021008.8099918, 0.48100987623717162   1.0797820195181034 -0.60098538996031492  -1.8112295392988746  -1.2637719895837516   1.1359760501231821 -0.44863191614542663,  -0.64831748948402523 0.00031294097069056536    -1.4583319686827563    -1.0654646897199656    -1.2462737735429767    -2.3965564337833127    0.76444243630695596,  4.9279493103027345   62.059754127502444   16.686171840667726  -6.5975776519775389   1.0987078857421875  -2.7694714279174804 -0.18656718826293944,-23.071240287355607 0.52472329538812212 -12.677487065979291  1.4676538359291755 -1.3715737984294749  0.7138937251640578   1.868942365820204, 0.50288295745849609 -0.21342155337333679   0.2315010130405426, 0.51181471347808838 -0.48218634724617004  0.51086139678955078  0.49453273415565491,-0.23179394006729126 -0.93396276235580444 0.047568656504154205,  0.19137419760227203   -1.4192785024642944 -0.062717422842979431,  0.26268383860588074  0.026095567271113396  0.055243775248527527  0.026095567271113396   0.22198429703712463 -0.046332605183124542  0.055243775248527527 -0.046332605183124542     0.178087517619133,    -1.0597131063851961     0.88187927691585344     -1.9678923696861972    -0.88427024147286204    0.052293039050077539   0.0048340552929460046 -1.7763568394002505e-12,0.67607301473617554
IIWA_14,1715021008.8149917, 0.47748417719412295   1.0797732710552277 -0.60839559567019719  -1.8163644801269827  -1.2703148969878546   1.1247032687902652 -0.44328089973801399,   -0.65968195330916701 -9.9585738474951399e-05     -1.4630738033414958     -1.0577693849002947     -1.2587353149985021     -2.3681564003433295     0.82559460534207063,  2.1476188278198243   59.071091758728031   17.016857273101806   -4.721005035400391  0.32309759140014649  -2.4560786018371581 -0.09278296661376953, -22.17766031313969  0.8508428643413054 -12.070306796588003  2.2237179962643587 -1.6877070449181264 0.38562523187710962  1.5447447649676143, 0.50044596195220947 -0.22307464480400085  0.23244942724704742,  0.5127493143081665 -0.48270189762115479   0.5106855034828186  0.49324166774749756,-0.25814315676689148 -0.93666499853134155 0.064728744328022003,  0.20413890480995178   -1.4152482748031616 -0.066819339990615845,   0.2637714147567749  0.026967167854309082  0.053962685167789459  0.026967167854309082   0.21973243355751038 -0.048807118088006973  0.053962685167789459 -0.048807118088006973   0.17890121042728424, -1.1176980428828642  0.93524706262648749  -2.1123250698931173 -0.92965784089660275 0.054215075312669114 0.010422461159897978                    0,0.68535202741622925
IIWA_14,1715021008.8200212, 0.47387692556919642   1.0797654214369168 -0.61582677391086993   -1.821354112150136  -1.2769910690069937   1.1134304274616553 -0.43761140263001441,   -0.67203562764439495 -0.00039365332321622879     -1.4677061723001064      -1.045800788846367     -1.2740351327643642     -2.3454387734190574     0.88725556859363963,  4.1666377258300784   61.247002571105959   17.855669101715087  -7.0089180679321288  0.99306289672851566  -2.9527010993957519 0.069086597442626949,-21.591764009987955  1.0441662590306249 -11.626372677830652  2.7771421598264161 -1.9277588461394195 0.12736290987419951  1.3532453915373313,  0.4991341233253479 -0.22789932787418365  0.23301495611667633, 0.51301443576812744 -0.48309066891670227  0.51068717241287231  0.49258318543434143, -0.2710781991481781 -0.93742221593856812 0.074358254671096802,  0.21864183247089386   -1.4107460975646973 -0.071445673704147339,  0.26432138681411743  0.027362346649169922  0.053302116692066193  0.027362346649169922   0.21856784820556641 -0.050017256289720535  0.053302116692066193 -0.050017256289720535   0.17933592200279236,    -1.1462111537419162     0.96186140551601795     -2.1859764573068929    -0.95167354289493744    0.054955703886250262    0.012821403894136552 -2.6645352591003757e-12,0.68989717960357666
IIWA_14,1715021008.8249938, 0.47022095798693897   1.0797795028624051 -0.62325435677328356  -1.8263242697894955  -1.2837525687769993   1.1022596318255846 -0.43168388520837864,  -0.68386720540581381 0.00024833436095943184    -1.4712682523366303    -1.0354469366514731    -1.2896880970117162    -2.3231828441780742    0.94690515174034273,  1.7309550552368165   60.099891197204592   16.891842048645021  -9.0938493919372565  0.65235780715942382  -2.5862417564392088 -0.25765629577636717, -21.007165840325438   1.2653299471200352  -11.180032497153057   3.3108068439607572  -2.1717832575328004 -0.11412557766860809   1.1386874081729141, 0.49782910943031311 -0.23272447288036346  0.23361264169216156, 0.51320874691009521 -0.48357221484184265  0.51075828075408936  0.49183401465415955,-0.28120881319046021 -0.93798106908798218 0.083281531929969788, 0.23391219973564148  -1.4036246538162231 -0.07674805074930191,  0.26486730575561523  0.027739839628338814  0.052634075284004211  0.027739839628338814   0.21738128364086151 -0.051211517304182053  0.052634075284004211 -0.051211517304182053   0.17979593575000763,    -1.1747622969524585     0.98837767894188744     -2.2608741361116458    -0.97326120340746058    0.055690920611084493    0.015355183797360894 -8.8817841970012523e-13,0.69390177726745605
IIWA_14,1715021008.8299921,  0.4664824190959358   1.0797786640135332 -0.63072148770571657  -1.8312808853101055   -1.290606586530791    1.091063429540676 -0.42554053175387802,  -0.69663531996477801 0.00016511353389073725    -1.4756998391666245    -1.0266221701455784    -1.3059111877610403    -2.3063943667388029      1.003258259572299,  2.2530707702636721   60.400815032958988   18.507630218505859  -6.1351557464599606  0.79673929214477535  -2.1266656951904297 -0.23662994003295898,  -20.32613021260461    1.467212694672394  -10.673837597705143   3.9084110157968603  -2.4346854364829422 -0.36296425186595016  0.92936896249128997,0.49645796418190002 -0.2375434935092926 0.23423142731189728, 0.51333087682723999 -0.48410874605178833  0.51084959506988525  0.49108332395553589,-0.29201647639274597 -0.93808001279830933  0.09120544046163559,  0.27075737714767456   -1.3939268589019775 -0.089749708771705627,  0.26542326807975769  0.028088357299566269  0.051948089152574539  0.028088357299566269    0.2161707878112793 -0.052390873432159424  0.051948089152574539 -0.052390873432159424   0.18026641011238098,   -1.2029004503846252     1.0148977448967145    -2.3368982860132448   -0.99438646282035137   0.056308958369832851   0.017784388065322787 8.8817841970012523e-13,0.69782721996307373
IIWA_14,1715021008.8350194, 0.46269582343664362   1.0797764468999678 -0.63817004298983759  -1.8360764329025292  -1.2976123727058153   1.0798959895182585 -0.41919536402355695,  -0.70877208234350964 4.3406284496354545e-05    -1.4785020826981408    -1.0131196398134121    -1.3249603972098061    -2.2918130942877442     1.0564133168706817,   6.2602445831298832    60.164191162109375    16.340699661254884   -6.7871168632507324    1.2906296157836914   -3.0888717842102049 -0.030371402740478514, -19.350234770804242   1.6729546423407693  -9.9452689377129211   5.0805545092250401  -2.9059493890138768 -0.80313898041480347  0.72284140724367785,0.49502378702163696 -0.2423848956823349 0.23487302660942078,   0.513405442237854 -0.48472297191619873  0.51093637943267822  0.49030861258506775,-0.30332678556442261 -0.93892019987106323 0.098387345671653748,  0.29198521375656128   -1.3867700099945068 -0.097625456750392914,  0.26598703861236572  0.028410810977220535  0.051244828850030899  0.028410810977220535   0.21493183076381683 -0.053562812507152557  0.051244828850030899 -0.053562812507152557   0.18075338006019592,    -1.2307985756079276      1.0415468534112904     -2.4145680526785895     -1.0150577731176114    0.056747446134153279    0.020289792406202878 -8.8817841970012523e-13,0.70246368646621704
IIWA_14,1715021008.8399916, 0.45890287619695419   1.0797781247067944 -0.64568235438795241  -1.8407348808461348  -1.3047548748844717   1.0686153584579476 -0.41272394255672207,  -0.71873555546238477 0.00010183730066041365    -1.4832941220831051   -0.99683362959495347    -1.3456684049141017    -2.2846757178426298     1.1039875121699407,  2.2504987716674805   59.251131660461432   16.136373703002931  -7.6595349349975583  0.30637046813964841  -1.4191121368408204 -0.05740528869628906,-18.657624922297309  1.9031373039095203 -9.4287532811986132  5.7875297394535377  -3.207456053086235 -1.0702921942841404 0.50941434799398555, 0.49361389875411987 -0.24719414114952087   0.2355397641658783,  0.5134550929069519 -0.48538142442703247  0.51107501983642578  0.48945999145507812, -0.3114069402217865 -0.93827003240585327  0.10505025833845139, 0.31419506669044495   -1.378888726234436 -0.10613521933555603,  0.26654300093650818  0.028715675696730614  0.050538204610347748  0.028715675696730614   0.21367979049682617 -0.054711759090423584  0.050538204610347748 -0.054711759090423584   0.18126153945922852,    -1.258648862187961      1.067950073198709    -2.4932115197913163    -1.0351714020115921   0.057273511119504406    0.02300652142039894 1.7763568394002505e-12,0.70548218488693237
IIWA_14,1715021008.8449919, 0.45502837626630371   1.0797840568627557 -0.65324895425245044  -1.8453027879803809  -1.3120920008224128   1.0573640887443938 -0.40616407740270694,  -0.72996844159592689 0.00031875607898197987    -1.4892992922464054   -0.98018318904580892     -1.370019761448926    -2.2777913628162576     1.1455846158965579,  4.0946217651367194   60.426535018920902   18.232059024810791  -10.647802074432374   1.4658242225646974  -3.0251252136230469 -0.17688838958740236,-17.995170032592657  2.1438173306191786 -8.9153485643005368  6.4760623526706294  -3.497229275094992 -1.3046842367433049 0.30183973685564092, 0.49223139882087708 -0.25198101997375488  0.23622788488864899, 0.51352113485336304 -0.48607349395751953  0.51124072074890137  0.48852995038032532,-0.31681749224662781 -0.93680769205093384  0.11117032170295715, 0.33858108520507812  -1.3698914051055908 -0.11546718329191208,  0.26709026098251343  0.029009439051151276  0.049827340990304947  0.029009439051151276   0.21240720152854919 -0.055846631526947021  0.049827340990304947 -0.055846631526947021   0.18179817497730255,    -1.2868293159584709      1.0944446535505747      -2.573460159802643     -1.0550450400153011     0.05791126411036629    0.026101414529300371 -8.8817841970012523e-13,0.70741194486618042
IIWA_14,1715021008.8500206, 0.45111666537058537   1.0797929252079344 -0.66080458864959057  -1.8498628454963162  -1.3195886608495608   1.0459069899523246 -0.39952230012898804,  -0.74044318910547535 0.00060973867033192958    -1.4936648096827296   -0.96654885187405704    -1.3958822102450605    -2.2805170419357759     1.1821387836660022,  3.2818702087402345   60.362235054016118   17.382493198394776  -9.1113246383666997  0.92615440368652346  -1.3760581703186034 -0.14251196670532226,-17.248450899314268  2.3706591162551485 -8.3268974586492099  7.2516257605694197 -3.7933257856203317 -1.5692912771477001 0.11254373889604719,    0.49083212018013 -0.25678503513336182  0.23696371912956238, 0.51356738805770874 -0.48676243424415588   0.5114169716835022  0.48761007189750671,-0.3219267725944519 -0.9362451434135437 0.11789893358945847, 0.36523672938346863  -1.3596230745315552 -0.12568105757236481,  0.26763799786567688  0.029283450916409492  0.049104083329439163  0.029283450916409492   0.21110895276069641 -0.056965813040733337  0.049104083329439163 -0.056965813040733337    0.1823585033416748,    -1.3150341089209761      1.1208934091220257     -2.6553524896506531     -1.0744302940945971    0.058582340138002564    0.029192516611153962 -8.8817841970012523e-13,0.71000522375106812
IIWA_14,1715021008.8550217, 0.44714928774379009   1.0797876521319318 -0.66840144870541041  -1.8542343910905743  -1.3272900113460533   1.0343919475380861 -0.39285134127742505,  -0.75104965635619136 0.00027686789616514673    -1.4988062499789769   -0.94810090526957047    -1.4247597880557465    -2.2850153301181608     1.2125493809953216,   1.9444309387207033    57.769660469055182    17.667474140167236   -7.4095044860839847   0.68669242858886714    -2.491122528076172 0.0096787986755371095,  -16.462375641974603    2.5533394865603691   -7.7808407452032249    8.1328289577546116   -4.1112840720761623    -1.793318097372077 -0.049247175927574938, 0.48940494656562805 -0.26157093048095703  0.23766069114208221, 0.51370823383331299 -0.48747128248214722  0.51153391599655151   0.4866299033164978,-0.32726341485977173 -0.93495529890060425  0.12160252034664154, 0.39266413450241089  -1.3483481407165527 -0.13651742041110992,  0.26819208264350891   0.02953566238284111  0.048365339636802673   0.02953566238284111   0.20979221165180206 -0.058079928159713745  0.048365339636802673 -0.058079928159713745    0.1829264909029007,    -1.3430879300102561      1.1475376690901484     -2.7390790591672598     -1.0934135348401597    0.059262992667008518    0.032923827281372553 -1.7763568394002505e-12,0.71197539567947388
IIWA_14,1715021008.8599935, 0.44310916577551934   1.0797923859011955 -0.67600537952636253  -1.8583677502928158  -1.3352375658408138   1.0226698175538584 -0.38618990985099938,  -0.76244460381578305 0.00041084508747960913    -1.5032022328212664   -0.92381509230531433    -1.4577100102350165    -2.2968974634636332     1.2364967618532841,   4.356965621948242   59.474895538330081   18.137961544036866  -9.5952545394897459   1.1259995079040528  -2.8639231529235838 -0.70354853820800778, -15.674330970575502   2.7572313834858591  -7.2017191225627624   8.9931582056453685  -4.3996198863338067  -2.0138636365732414 -0.20433777431952488, 0.48802670836448669 -0.26634377241134644  0.23839613795280457,0.51387941837310791 -0.4881768524646759 0.51166999340057373 0.48559767007827759,-0.32964715361595154  -0.9333806037902832  0.12601056694984436, 0.42069351673126221  -1.3360270261764526 -0.14792896807193756,  0.26873296499252319   0.02977769635617733  0.047626402229070663   0.02977769635617733   0.20845983922481537 -0.059173502027988434  0.047626402229070663 -0.059173502027988434   0.18352454900741577,    -1.371485269813455     1.1739984834431283    -2.8243534228957756    -1.1118797512486012   0.060114601306615612   0.037003065487262177 8.8817841970012523e-13,0.71317183971405029
IIWA_14,1715021008.8650198, 0.43904579449444897    1.079798138288244 -0.68360193993096641  -1.8623836041123361  -1.3435934469208624   1.0106679758677184 -0.37972046573312396,  -0.77249053429544134 0.00055877155192266177    -1.5064242024411685   -0.89968622662506348    -1.5004032513899568    -2.3175916382165083     1.2479751741976441,  4.3492496261596685   59.081379753112799   20.579119045257567  -9.1718158760070807 -0.89358053207397459  -1.4751824188232421 -0.24931250381469727, -14.911391380627677   2.9643616384302636  -6.6480825904474017   9.8119679597613416  -4.6468781462023721  -2.1842975631569117 -0.34496913565044662, 0.48673802614212036 -0.27109608054161072  0.23912413418292999,  0.5141596794128418 -0.48886996507644653  0.51180177927017212  0.48446351289749146,-0.3280547559261322 -0.9313090443611145 0.12912489473819733,0.45020139217376709 -1.3222420215606689 -0.1603461354970932,  0.26925849914550781  0.030015181750059128  0.046889472752809525  0.030015181750059128   0.20711719989776611 -0.060250196605920792  0.046889472752809525 -0.060250196605920792   0.18415071070194244,   -1.40043102239229   1.2002412577327704   -2.911361113269173  -1.1298624594076045 0.061246099103406948  0.04184803169060558                    0,0.71300661563873291
IIWA_14,1715021008.8700228, 0.43496246951853901   1.0797975990905881 -0.69107050890562005  -1.8661352058110428  -1.3521385827783508  0.99929902111161339 -0.37331232096015393,  -0.78132542647275161 0.00042544933530381948    -1.5038821209390807    -0.8698130492483187    -1.5421280354115012    -2.3088315008174067     1.2547059302769163,  10.763814125061035   54.119994461059576   28.744091876983642  -8.7954259529113763   4.7091253852844241   4.8771132774353028 -0.17188211441040038,  -14.21664370893734   2.9870938170130747  -6.0634661096839491   10.678524913356815  -4.9193506797177662  -2.5002250933453527 -0.34496913565044662, 0.48673802614212036 -0.27109608054161072  0.23912413418292999,  0.5141596794128418 -0.48886996507644653  0.51180177927017212  0.48446351289749146,-0.3280547559261322 -0.9313090443611145 0.12912489473819733, 0.48101732134819031  -1.3069933652877808 -0.17296579480171204,  0.26925849914550781  0.030015181750059128  0.046889472752809525  0.030015181750059128   0.20711719989776611 -0.060250196605920792  0.046889472752809525 -0.060250196605920792   0.18415071070194244,   -1.40043102239229   1.2002412577327704   -2.911361113269173  -1.1298624594076045 0.061246099103406948  0.04184803169060558                    0,0.71300661563873291
IIWA_14,1715021008.8749931,  0.4309891596266992   1.0797398950148587 -0.69819225445071442  -1.8697591156219318  -1.3606584078710271  0.98936967130025255 -0.36706967823341818,  -0.78399273685179349 -0.0019678035609357446    -1.4879755185550394   -0.84080683183421512     -1.574495432036255     -2.244239193108359     1.2534704532909631,   17.09864666748047    55.17708588409424   26.613456062316896  -14.693993747711181   1.4913550949096679    2.094625534057617 -0.70588479995727538, -13.414795669195067   3.1346080105200702  -5.5192688683085906   11.596744874156427  -5.1182713805084425  -2.6347676705581975 -0.41774049522290663, 0.48552873730659485 -0.27580994367599487  0.23982539772987366,0.51468139886856079 -0.4894263744354248 0.51186543703079224 0.48327904939651489,-0.32374909520149231 -0.92808282375335693  0.13035303354263306, 0.51179367303848267   -1.290616512298584 -0.18620222806930542, 0.26977577805519104 0.030249806120991707 0.046148445457220078 0.030249806120991707  0.20576515793800354 -0.06131478026509285 0.046148445457220078 -0.06131478026509285   0.1847931444644928,    -1.430013198913116     1.2264691136856243    -3.0003029600802478     -1.147627737370982   0.062892506741185628   0.047671958853356955 2.6645352591003757e-12,0.71126765012741089
IIWA_14,1715021008.8799922, 0.42716834907816631   1.0797519990913875 -0.70514729934471065  -1.8733456944763669  -1.3695647003473077  0.97991855195774746 -0.36111142120033157, -0.78002661142275054 -0.001090079787594532   -1.4685822106038808  -0.81610861964477777   -1.6158480446802284    -2.173436128186891     1.241106643956235, 12.121829383850098  53.188930969238285   22.14382572555542 -12.268967243194581 0.34070508956909179 0.75528004837036133 -1.2378849754333496, -12.625602285024456   3.3291532838528917  -4.8560304190650001   12.497821236530017  -5.2695293489214992  -2.9028674096165936 -0.48583825914492268, 0.48436695337295532 -0.28043794631958008  0.24064624309539795, 0.51510328054428101 -0.48986247181892395  0.51202225685119629  0.48222044110298157, -0.3181738555431366 -0.92222541570663452  0.13603083789348602, 0.54228436946868896  -1.2760615348815918 -0.19972401857376099,  0.27027320861816406  0.030462909489870071  0.045419126749038696  0.030462909489870071   0.20442542433738708 -0.062317449599504471  0.045419126749038696 -0.062317449599504471    0.1854507178068161,    -1.4590523532218569      1.2514295989758395     -3.0882487664483094     -1.1641690710471053    0.064818555724599491    0.052708833592873816 -3.5527136788005009e-12,0.70788705348968506
IIWA_14,1715021008.8850098, 0.42339062176405273   1.0797198214377162 -0.71209077946891708  -1.8767129021335374  -1.3789401991111798  0.97066391403753327 -0.35550615951737169,  -0.77513038170274351 -0.0021591699769300809    -1.4526049734513617   -0.78757520200264097    -1.6676983862990673    -2.1089344193580803     1.2170957824833835,  15.601743484497071   53.129775001525879   19.693258476257324  -13.220696048736572 -0.42874258041381835 -0.70288103485107423 -0.88711196136474613,  -11.95329464458762   3.5674240853111856  -4.1158019371409456   13.461998423301919  -5.3955482971281006  -3.4257669324564386 -0.53637253961255626, 0.48314347863197327 -0.28486800193786621  0.24165855348110199,  0.5152595043182373 -0.49010160565376282  0.51229768991470337  0.48151755332946777, -0.3155023455619812 -0.90989488363265991  0.14816465973854065, 0.54127901792526245  -1.2736958265304565 -0.19935373961925507,  0.27075609564781189  0.030626071617007256  0.044707108289003372  0.030626071617007256   0.20312932133674622 -0.063219629228115082  0.044707108289003372 -0.063219629228115082   0.18608704209327698, -1.4856753392216149   1.2742923232442749  -3.1718004399454713  -1.1787118526944695 0.066785760232335178 0.055532907922817287                    0,0.70149630308151245
IIWA_14,1715021008.8900189, 0.41971482026017565   1.0797170650174119 -0.71907752270553882  -1.8798781157459745  -1.3887701397243695  0.96123220919221197 -0.35013411091072483,  -0.76713636551727826 -0.0018375927937132053    -1.4415537082259591   -0.75666870609959913    -1.7273563335668398    -2.0644157292993164     1.1885585702525812,  9.1357390136718752   52.782555191040039   19.076247852325441  -9.7726955032348641 -0.68141017913818358 -0.80133777999877931 -0.71522984695434566,  -12.42659532952139   3.7365466733764663  -4.0752194970872706   13.455378610157231  -4.7682580631270977  -3.7539940196934993 -0.38739287882089152,    0.48090860247612 -0.29334595799446106  0.24385389685630798, 0.51600843667984009 -0.48964503407478333  0.51287853717803955  0.48056071996688843,-0.30253368616104126  -0.8784869909286499  0.17171274125576019, 0.56939929723739624  -1.2564243078231812 -0.21217688918113708, 0.27168536186218262 0.030927352607250214 0.043297484517097473 0.030927352607250214  0.20057789981365204 -0.06488441675901413 0.043297484517097473 -0.06488441675901413  0.18736256659030914,   -1.5387611781649824     1.3180728220278937    -3.3369393430291439     -1.207003129731099   0.073002013370349061   0.060129284128684901 3.5527136788005009e-12,0.68264621496200562
IIWA_14,1715021008.8950179, 0.41600785982949495     1.07970154544062  -0.7260982411758784  -1.8826570178545259   -1.398983671593089  0.95159084034367636 -0.34494596012062817,  -0.76198750964105044 -0.0020908573066470205    -1.4340717053943506   -0.71649104922173379    -1.7904263416022534    -2.0371873373808778     1.1583728878059314,  4.5472935180664065   50.611788375854495   19.857256942749025  -12.252836246490478   1.1154350090026854  -2.1109793663024901 -0.38715194702148437, -12.011274700244631   3.8091640607035826  -3.4462040334620481   14.217924991338228   -4.599655201813853  -4.1338178663295864 -0.23770440755769007, 0.48002195358276367 -0.29746496677398682  0.24501273036003113, 0.51671135425567627 -0.48905643820762634   0.5131838321685791  0.48007869720458984,-0.28875890374183655 -0.86288738250732422  0.18208660185337067, 0.59735780954360962  -1.2380555868148804 -0.22644221782684326,  0.27211180329322815  0.031100517138838768   0.04261225089430809  0.031100517138838768   0.19930538535118103 -0.065673567354679108   0.04261225089430809 -0.065673567354679108   0.18804104626178741, -1.5672260702155327   1.3396067342155149  -3.4209327848149229  -1.2215139163549438 0.077420493170166083 0.063084373710609043                    0,0.67162293195724487
IIWA_14,1715021008.8999946, 0.41224091832290949   1.0796951938602228 -0.73310505798964276  -1.8852632271603247  -1.4095071632904546  0.94132940771728613 -0.33994218678537685,    -0.760267667976259 -0.0019267490612052286    -1.4275300368660548   -0.67744121160933912    -1.8532807411764249    -2.0402071749603117     1.1268492436547977, 5.2854571151733403  56.015557426452638  22.059137992858886 -15.622870307922364   1.166496753692627 -1.7575363388061522 -0.2686701011657715,  -11.605236406257083    3.9275235765595795   -2.7823211431798325    14.836204953322383   -4.3679249416636878    -4.447084123360705 -0.087508687582704886, 0.47934791445732117 -0.30154567956924438  0.24619998037815094, 0.51760071516036987 -0.48834514617919922  0.51351845264434814  0.47948646545410156,-0.26916396617889404 -0.84906774759292603  0.19141402840614319, 0.62663829326629639  -1.2146904468536377 -0.24313446879386902,  0.27250140905380249  0.031298503279685974  0.041950676590204239  0.031298503279685974   0.19803726673126221 -0.066436797380447388  0.041950676590204239 -0.066436797380447388   0.18876118957996368,   -1.5974907301297137     1.3605918659678196    -3.5062908165102158    -1.2360002628035716   0.082588670384353691   0.066849666993995527 1.7763568394002505e-12,0.66054129600524902
IIWA_14,1715021008.9049947, 0.40844671270082938   1.0797439695950806 -0.74005339165633277  -1.8877395275738238   -1.420290664715004  0.93070209670197879 -0.33511326315258422,  -0.75998235926421143 0.00040963014534506196    -1.4199573761604443    -0.6410049858274357    -1.9139646499231171     -2.057258180580543     1.0946363402355437, 0.65585964202880864   58.703295959472662   19.725520469665529  -13.396792762756348   1.4860728454589844  -1.3747231636047363 -0.16353832244873046, -11.009915437083881    3.999189236384705  -2.1008841630224948   15.528802980809468   -4.148797635006547   -4.631425966294171 0.092348702753238726, 0.47878795862197876 -0.30560514330863953  0.24727159738540649, 0.51881915330886841 -0.48758706450462341  0.51371055841445923   0.4787348210811615,-0.24907320737838745 -0.83721649646759033   0.1940748393535614, 0.68465650081634521  -1.1719093322753906 -0.27992260456085205,  0.27287718653678894  0.031504403799772263  0.041291862726211548  0.031504403799772263   0.19676826894283295 -0.067206785082817078  0.041291862726211548 -0.067206785082817078   0.18949644267559052,    -1.6288304680598387      1.3816690557844069     -3.5942097814727347     -1.2503740788458728    0.088164261686785039    0.072417577826833224 -4.4408920985006262e-12,0.649894118309021
IIWA_14,1715021008.9099953, 0.40453476214958811   1.0797916069389337 -0.74705475562518164  -1.8899213156751875  -1.4312383979569747  0.91947677283491902 -0.33035750328570285, -0.76446390946102005 0.0022331978704023467   -1.4160204596823103  -0.60007551271649706   -1.9690810496173232   -2.0948194991468254    1.0659394668636897,0.028291984558105471    60.71717086029053   19.019789363861083  -13.695216201782227  0.82843278884887694  -2.0829442253112793 -0.13249941635131837, -9.4260741944269881   4.1723662051547672 -0.52020852322672217   17.227414463868566  -4.2124851554985865   -5.154536154291228   0.3084817651727631, 0.47829863429069519 -0.30962169170379639  0.24824030697345734, 0.52030390501022339 -0.48674553632736206  0.51377052068710327   0.4779147207736969,-0.23027229309082031 -0.82606279850006104  0.19192191958427429, 0.68465650081634521  -1.1719093322753906 -0.27992260456085205,  0.27324512600898743  0.031706850975751877  0.040631365031003952  0.031706850975751877   0.19550216197967529 -0.067974582314491272  0.040631365031003952 -0.067974582314491272   0.19023701548576355, -1.6606218384449534   1.4026964976645573  -3.6839273570761222  -1.2645084539233409 0.094083612948381301 0.079260388838875429                    0,0.63939160108566284
IIWA_14,1715021008.9150023, 0.40054563313882363    1.079865250015891 -0.75408865678552761  -1.8918664153133651  -1.4424196798148072  0.90793356735153796 -0.32566418115473161,-0.77113628799939526 0.004732281374611097   -1.414172414159687 -0.55786439570030055  -2.0225161140071592  -2.1375838186527027    1.040484458729801,  3.8271339111328126   62.324669982910159   18.136617294311524  -16.321880165100097     1.44557559967041  -1.2755989151000977 -0.24096871185302735, 49.011051325692151 0.43294573932679492  40.314742294322485   18.87709738641469 -2.5265126750005003 -5.2036634186358421 0.30848176517276327, 0.47829863429069519 -0.30962169170379639  0.24824030697345734, 0.52030390501022339 -0.48674553632736206  0.51377052068710327   0.4779147207736969,-0.23027229309082031 -0.82606279850006104  0.19192191958427429, 0.68465650081634521  -1.1719093322753906 -0.27992260456085205,  0.27324512600898743  0.031706850975751877  0.040631365031003952  0.031706850975751877   0.19550216197967529 -0.067974582314491272  0.040631365031003952 -0.067974582314491272   0.19023701548576355, -1.6606218384449534   1.4026964976645573  -3.6839273570761222  -1.2645084539233409 0.094083612948381301 0.079260388838875429                    0,0.63939160108566284
IIWA_14,1715021008.9200003, 0.39652648359226028   1.0800198464813771 -0.76117043483616664  -1.8936421178758336   -1.453696451952142  0.89600584816248396 -0.32100902882908605, -0.77767501226205027 0.0099696837191329164   -1.4146090533533109  -0.51731961905898072   -2.0690837766991192   -2.1871758224843223    1.0185936600096634,  -1.455751205444336   57.484168624877931   16.553091117858887   -14.93999144744873   1.4799102210998536  -1.3039678077697754 0.045390228271484374, 47.996080275231087 0.45104344802000312  39.399145654885125  18.049863720367266 -2.0749073228354824 -4.8197750003210853 0.50291655582570227, 0.47793015837669373 -0.31365680694580078  0.24913123250007629,   0.521994948387146 -0.48596721887588501   0.5137324333190918  0.47690263390541077,-0.21065050363540649 -0.81794196367263794  0.18700931966304779, 0.68465650081634521  -1.1719093322753906 -0.27992260456085205,  0.27359098196029663  0.031919624656438828  0.039980281144380569  0.031919624656438828   0.19422967731952667 -0.068746380507946014  0.039980281144380569 -0.068746380507946014   0.19101037085056305,    -1.6937642930425767      1.4236155006281948       -3.77657620466465     -1.2782383188953972     0.10016561879488961    0.087813511049361637 -8.8817841970012523e-13,0.63055282831192017
IIWA_14,1715021008.9249938, 0.39238952912084274   1.0801935577928312 -0.76825646734502362   -1.895072794697872  -1.4650200104326032  0.88389650793888896 -0.31633296407742617,-0.78761818866634192 0.014924199433472776  -1.4151285430369278 -0.47108276812872285  -2.1082093605777428  -2.2341142669312579    1.001917518074126, 1.4763271942138674  54.708982139587405  17.283018718719482 -16.797744567871092  1.2650987434387206 -2.3235791854858396 -0.1815609130859375, 47.052417256653165  0.4593658008708511  38.523841864826935  17.248819839606298 -1.6395335277750549 -4.4186450407593973 0.69737638051526463, 0.47765243053436279 -0.31769251823425293  0.24998611211776733,   0.523842453956604 -0.48516428470611572  0.51363068819046021  0.47580268979072571,-0.19154094159603119 -0.81151473522186279  0.18156151473522186, 0.68465650081634521  -1.1719093322753906 -0.27992260456085205,   0.2739199697971344  0.032135877758264542  0.039334077388048172  0.032135877758264542   0.19295188784599304 -0.069510497152805328  0.039334077388048172 -0.069510497152805328   0.19180980324745178, -1.7279205284221888   1.4442811519241872  -3.8714847481280401  -1.2915936539501516  0.10651864972199832 0.097422684955716932                    0,0.62311035394668579
IIWA_14,1715021008.9299979, 0.38871828172639944   1.0803261633279084 -0.77428962583745797  -1.8962665432921186  -1.4764296637361374  0.87150074467699223 -0.31167463590704048,-0.77694444671080554 0.017243580949866728  -1.3734291741269165 -0.42461615827284194  -2.1429536206035609  -2.2831219440208756  0.98786714127472863, -16.586818946838381   54.150858444213867   1.5431986846923829  -16.707679836273194   1.2281229972839356 -0.54701900100708012 -0.33975920867919923, 46.176789124618253 0.42003605936878424  37.661128276387679  16.526477190413253 -1.2541392508926479 -3.9735118656355222 0.89504707742059697, 0.47741672396659851 -0.32171976566314697  0.25076368451118469, 0.52584254741668701 -0.48437702655792236   0.5134238600730896  0.47462031245231628,-0.17479786276817322 -0.80603569746017456  0.17407295107841492, 0.68465650081634521  -1.1719093322753906 -0.27992260456085205,  0.27423986792564392   0.03234684094786644  0.038684949278831482   0.03234684094786644   0.19166360795497894 -0.070274770259857178  0.038684949278831482 -0.070274770259857178   0.19263003766536713,-1.7627449357764391  1.4650828225786228 -3.9690101141367506 -1.3047075260823604 0.11294111689430508 0.10821815520323241                   0,0.61661940813064575
IIWA_14,1715021008.9349985, 0.38495960937164375   1.0804286284448836 -0.78004289264090088  -1.8971872314160658  -1.4878206215963228  0.85937234960312237 -0.30697454277123604,-0.77190245155887194 0.017893469438901514  -1.3288740114392492  -0.3765204515761611  -2.1700012108902649  -2.3116333581714956  0.97829743845196049,-35.539876602172853  48.014069793701175 -12.135886520385743 -16.027489475250245  2.7793435859680176  0.4802686653137207 0.09979175186157227,  45.382540929147098  0.42896466496454488   36.882304661618313   15.787907288322952 -0.90204816333501459  -3.5462494262136981   1.0535256212438786,  0.4772738516330719 -0.32575377821922302  0.25152793526649475, 0.52787858247756958 -0.48365798592567444  0.51319772005081177  0.47333627939224243,  -0.157852903008461 -0.80202180147171021    0.167597696185112, 0.68465650081634521  -1.1719093322753906 -0.27992260456085205,  0.27453678846359253    0.0325593501329422  0.038048993796110153    0.0325593501329422   0.19037669897079468 -0.071021370589733124  0.038048993796110153 -0.071021370589733124   0.19348037242889404,-1.7984157409376422  1.4851443206245207 -4.0682309886159729 -1.3169730152302606 0.11938055962001926 0.11984494426808823                   0,0.61148381233215332
IIWA_14,1715021008.9399946, 0.38093153159329179   1.0804244339823588 -0.78593775309781955  -1.8978632614671302  -1.4991124458021927  0.84774783119338637 -0.30216059940849638,-0.77864507238117586 0.014146997050126627  -1.2988936274281462 -0.32825756330350586  -2.1876739369470095  -2.3142874229266361  0.97519568527115474, -29.428807937622071   47.620554008483886  -8.7685409584045413  -17.391902946472168   1.5230485916137695  0.12682563781738282 -0.31973410797119139,  43.086717022875085   0.2980113438885964    34.57923821148222   14.476130918444023 -0.29983778137595019  -2.6532239896278851   1.2342540453648378, 0.47750365734100342 -0.32919001579284668  0.25181248784065247, 0.53055572509765625 -0.48286193609237671  0.51285123825073242  0.47152793407440186,-0.12867255508899689 -0.77520626783370972  0.14284399151802063, 0.68465650081634521  -1.1719093322753906 -0.27992260456085205,  0.27477145195007324  0.032803811132907867   0.03749910369515419  0.032803811132907867   0.18928614258766174 -0.071732968091964722   0.03749910369515419 -0.071732968091964722   0.19420284032821655,-1.8328677335501808  1.5032383943056615 -4.1596894695912212 -1.3288384116965091 0.12704737103597097 0.13561110572446466                   0,0.58620184659957886
IIWA_14,1715021008.9449944, 0.37688865331379984   1.0803740402182014 -0.79165602604975993   -1.898367617660476  -1.5104261293842789  0.83644233290005932 -0.29726750034635713, -0.78463118908461904 0.0093018470738058644   -1.2678458200201324  -0.28278029837663538    -2.202686492841055   -2.3036498700743913   0.97588051070249382, -20.347080894470217   46.962122367858889   2.5177797355651856  -15.785524524688721   1.3769063568115234 -0.34610049057006836 -0.18990470504760742, 41.018885767905175 0.22046049265194595  32.492572100383015  13.260157599877784 0.25535277634690245 -1.8793315918496449  1.3807033031838234, 0.47780263423919678 -0.33254218101501465  0.25206241011619568,  0.5332145094871521 -0.48210477828979492  0.51250362396240234  0.46967786550521851,-0.10234458744525909 -0.75056874752044678  0.12162121385335922, 0.68465650081634521  -1.1719093322753906 -0.27992260456085205, 0.27498322725296021 0.033039022237062454 0.036974113434553146 0.033039022237062454   0.1882428377866745 -0.07241155207157135 0.036974113434553146 -0.07241155207157135   0.1949101984500885,-1.8665391152783428  1.5195833168721862 -4.2492293080726995 -1.3390788232712225 0.13464892478332047  0.1516925298217231                   0,0.56392788887023926
IIWA_14,1715021008.949995, 0.37295117634050051   1.0802696576388766 -0.79681151976605635  -1.8986245593606346  -1.5216418300076255  0.82523408653431485     -0.2922518625901, -0.78520403019966833 0.0032661744860539403   -1.2204964046679627  -0.23650190670765042   -2.2107772192067099   -2.2912497506892917   0.98132991881228027,  -14.403192138671876    48.448737556457523    7.6662561836242675   -15.684705795288085    2.2000568962097167   -2.6386407699584962 -0.086441684722900397, 39.800080680158629 0.31335230855888924  31.286180341971278  12.344739028774674 0.64607490790503086 -1.4554288032238749  1.4540046717946959, 0.47802436351776123 -0.33603519201278687  0.25252953171730042, 0.53552287817001343 -0.48147144913673401  0.51224642992019653  0.46797877550125122,-0.084375038743019104  -0.73667275905609131   0.11351732164621353, 0.68465650081634521  -1.1719093322753906 -0.27992260456085205,  0.27518662810325623  0.033251047134399414  0.036449935287237167  0.033251047134399414   0.18717224895954132 -0.073054209351539612  0.036449935287237167 -0.073054209351539612   0.19566208124160767,-1.9000804775757274   1.534520160134889 -4.3398928212008414 -1.3473064370117527 0.14161168370385724 0.16631715936732405                   0,0.55220025777816772
IIWA_14,1715021008.9549947, 0.36914906110441648   1.0801874458679568 -0.80135929343654988    -1.89871222397647  -1.5328117028226707  0.81394392793978343  -0.2870655094891329,   -0.78024783360309613 -0.00067553124794991455     -1.1583080705541113    -0.19270810999953736     -2.2154166879671724     -2.2846061443326899     0.99251805908850832, -16.622826927185059   52.867431144714359   7.1715722846984864  -14.427832302093506  0.38560420989990235 -0.28969645690917967  -0.1385069465637207,  37.038647104502928  0.53728515916402853   28.580739630187306   10.418461948193338   1.4382400230682897 -0.60761378932312482   1.5483559341794626, 0.47870248556137085 -0.34261339902877808  0.25331130623817444,   0.540180504322052 -0.48028254508972168  0.51178020238876343  0.46434333920478821,-0.048572909086942673  -0.70153576135635376  0.095632947981357574, 0.68465650081634521  -1.1719093322753906 -0.27992260456085205,  0.27552089095115662  0.033667027950286865  0.035488948225975037  0.033667027950286865    0.1852002888917923 -0.074245646595954895  0.035488948225975037 -0.074245646595954895   0.19708982110023499,   -1.9650575028977713     1.5597396824071907     -4.513578976407473    -1.3600467249057502    0.15573801225077233    0.19688977688314679 4.4408920985006262e-12,0.52388715744018555
IIWA_14,1715021008.9599953, 0.36538134063556921   1.0801395688685806 -0.80544926964407304  -1.8986189867424992  -1.5439171483791747  0.80287703557199186 -0.28166721538477607,  -0.77490708563636768 -0.0024555049734055175    -1.0902455047442157   -0.15043699864079746       -2.2165511726339    -2.2703606101778151     1.0099462114450799,-25.028118339538576  50.923000205993652  2.1494553108215331 -13.840395172119141  1.2404482460021973 -2.1483595542907716 -0.1274931411743164, 37.038647104502928 0.53728515916402941  28.580739630187306  10.418461948193336  1.4382400230682892 -0.6076137893231266  1.5483559341794626, 0.47870248556137085 -0.34261339902877808  0.25331130623817444,   0.540180504322052 -0.48028254508972168  0.51178020238876343  0.46434333920478821,-0.048572909086942673  -0.70153576135635376  0.095632947981357574, 0.68465650081634521  -1.1719093322753906 -0.27992260456085205,  0.27552089095115662  0.033667027950286865  0.035488948225975037  0.033667027950286865    0.1852002888917923 -0.074245646595954895  0.035488948225975037 -0.074245646595954895   0.19708982110023499,   -1.9650575028977713     1.5597396824071907     -4.513578976407473    -1.3600467249057502    0.15573801225077233    0.19688977688314679 4.4408920985006262e-12,0.52388715744018555
IIWA_14,1715021008.9649949, 0.36152014316814518    1.080057357097661 -0.80928739745852729  -1.8983700144338713  -1.5548221219271363  0.79181739362916237 -0.27605967670164078,  -0.77437356720605521 -0.0052528748155085993    -1.0257215163735425   -0.11039070656752359    -2.2094398800255846    -2.2586741658554317     1.0322585164814757, -27.908756767272951   52.849427154541019  -1.2528407440185547  -13.851149169921875   1.6533440780639648 -0.26800259780883789  -0.2122660675048828,   34.95502765524526  0.55028250079606589   26.431945463557458   9.2480351547361757   1.9064697983691778 0.089711107310016025   1.5829914035986821,0.47927930951118469 -0.3454916775226593 0.25332385301589966, 0.54282361268997192 -0.47977843880653381  0.51146459579467773  0.46212458610534668,-0.026062831282615662  -0.67343151569366455  0.074446536600589752, 0.68465650081634521  -1.1719093322753906 -0.27992260456085205, 0.27564004063606262 0.033884052187204361 0.035076193511486053 0.033884052187204361  0.18437705934047699 -0.07481471449136734 0.035076193511486053 -0.07481471449136734  0.19769757986068726,-1.9954273337354778  1.5697194606989484 -4.5933500576396114 -1.3646871411872041 0.16313259180744666 0.21497885419918816                   0,0.50110417604446411
IIWA_14,1715021008.9699938, 0.35757032246279413   1.0799851521720074 -0.81294714007887381  -1.8980503352375038  -1.5655475239588807  0.78104747034259447 -0.27025110259586377,  -0.77749168197888618 -0.0070904968785520583   -0.96696691791269473  -0.075525397399316851    -2.1965679852902449    -2.2377362641470615     1.0581497774162609,  -25.208158241271974    51.331947982788087  -0.31724293518066404   -13.434431755065917   0.34246583938598635  -0.44956351089477536 -0.086775436401367187, 30.940641138741519 0.56422031707794551  22.151352636837327  7.0789566702856641  2.7168965527170883   1.492874445514458  1.5782664134697404, 0.48061692714691162 -0.35083025693893433  0.25294193625450134, 0.54816246032714844 -0.47906529903411865  0.51078671216964722  0.45728692412376404,0.013945252634584904 -0.61806738376617432 0.028919490054249763, 0.68465650081634521  -1.1719093322753906 -0.27992260456085205,  0.27582424879074097  0.034294050186872482  0.034328725188970566  0.034294050186872482   0.18293298780918121 -0.075902707874774933  0.034328725188970566 -0.075902707874774933   0.19878210127353668,     -2.051583607399543      1.5846773483589871     -4.7429813721473479     -1.3694893196136704     0.17745582058203979     0.25329649341720994 -3.5527136788005009e-12,0.4583374559879303
IIWA_14,1715021008.9749932, 0.35362889068249281   1.0798713619407652 -0.81635257742797984  -1.8975666519237324   -1.576144359103804  0.77053257129383579 -0.26420649921594253, -0.77965061679516179 -0.010224006752531649  -0.90979102829439717 -0.041072985368599296   -2.1811277940291269   -2.2107849732679967    1.0883039571298585,  -16.671694900512698    49.508400978088382    3.6792114982604982   -11.513498897552489    1.5785122108459473   -1.2235336532592773 -0.077764141082763666, 29.467728976799194 0.60432532155114194  20.458647039571009  6.2758543703902845  2.9696879688562308  2.0597475602970245   1.531461893955347, 0.48122411966323853 -0.35344874858856201  0.25267359614372253,0.55067139863967896 -0.4789310097694397  0.5104178786277771 0.45481830835342407, 0.026027800515294075  -0.59664881229400635 0.0099681597203016281, 0.68465650081634521  -1.1719093322753906 -0.27992260456085205,  0.27591004967689514  0.034465551376342773  0.033966880291700363  0.034465551376342773   0.18225592374801636 -0.076429285109043121  0.033966880291700363 -0.076429285109043121   0.19929030537605286,-2.0771931126954968  1.5901640640336723 -4.8153556338714765 -1.3691976839540487 0.18383545380995514 0.27255528285419217                   0,0.44276544451713562
IIWA_14,1715021008.9799953, 0.34983558379589441   1.0796954335157458 -0.81938896054342869  -1.8969259153753866  -1.5864632561504006  0.76013979151475908 -0.25791442167439016, -0.77545276890006554 -0.015216342402799116  -0.84928814725347168 -0.007228926361045683   -2.1576581170871663   -2.1843391697774659    1.1223262673659815, -11.098173942565918   49.284637100219726   8.2617588119506831   -10.89245552444458  0.15934785842895507  -1.0983767738342285 -0.21126481246948242, 28.041799114954209 0.70025921582368023  18.856370364129589  5.4677746426345566  3.1933145237633345  2.5812202599133962  1.4496897328665004, 0.48187956213951111 -0.35596629977226257  0.25236919522285461, 0.55309510231018066 -0.47890400886535645  0.51010066270828247  0.45225441455841064,   0.03794548287987709   -0.57562541961669922 -0.0065313749946653843, 0.68465650081634521  -1.1719093322753906 -0.27992260456085205,  0.27597606182098389  0.034635182470083237  0.033631563186645508  0.034635182470083237   0.18162877857685089 -0.076933935284614563  0.033631563186645508 -0.076933935284614563   0.19977423548698425,-2.1018569477186944  1.5941531553069765 -4.8848037354751739 -1.3676673561624497  0.1900275373900584 0.29188514876743454                   0,0.4280335009098053
IIWA_14,1715021008.9850185, 0.34621718682561381   1.0795026073583238 -0.82209751519298302  -1.8961707892933664  -1.5966129358465677  0.75028917808744489  -0.2514410227495128, -0.76509809393127659 -0.019886120219119258  -0.78777270378495057  0.024421902191972204    -2.132113681516417   -2.1414958729145406    1.1567969708878798, -11.221629875183107    51.88749967956543   9.9823984603881843  -9.1650946273803715  0.35303033828735353    -2.87894197845459 -0.10746804046630859,  26.38179128277255 0.83552200530454024  17.058985830742845  4.5575871633728076  3.4097773733355723  3.1632392140365608  1.3221921498236511, 0.48263463377952576 -0.35827946662902832  0.25194951891899109, 0.55550193786621094 -0.47903704643249512  0.50981903076171875  0.44947263598442078, 0.051910601556301117  -0.55074071884155273 -0.024215260520577431, 0.68465650081634521  -1.1719093322753906 -0.27992260456085205,  0.27601140737533569  0.034814782440662384  0.033339995890855789  0.034814782440662384   0.18108128011226654 -0.077420637011528015  0.033339995890855789 -0.077420637011528015   0.20021408796310425,-2.1255474172807709  1.5968271039064064 -4.9498626053123829 -1.3653078396114182 0.19604467118394808 0.31200292128552576                   0,0.41114014387130737
IIWA_14,1715021008.9900198, 0.34272606231871489     1.07930912201186 -0.82448393398616449  -1.8952647220107293  -1.6065206301798021  0.74068100551036531 -0.24474004336215083, -0.75172345542097829 -0.023648310033847219  -0.72567491475521917  0.055780213059061397   -2.1019987185425077   -2.0975236014148155    1.1934767522047829,   -14.46749210357666    51.998095619201663    11.323959686279297   -9.3277488441467291   0.42522108078002929   -1.5449365196228027 -0.091781711578369146,24.605832915059445 1.0069344658671735 15.270948698357174 3.5961699191758436 3.6373090314308536 3.6945599227607451 1.1828908032955794, 0.48346459865570068 -0.36040160059928894  0.25151103734970093, 0.55780905485153198 -0.47918176651000977   0.5096430778503418  0.44665178656578064, 0.066623486578464508  -0.52336162328720093 -0.039001531898975372, 0.68465650081634521  -1.1719093322753906 -0.27992260456085205,  0.27602267265319824  0.034999106079339981   0.03308449313044548  0.034999106079339981   0.18060129880905151 -0.077872104942798615   0.03308449313044548 -0.077872104942798615   0.20061731338500977,    -2.1481668011205102      1.5981668326245924     -5.0099311687139547     -1.3625478786041256     0.20210079367721789     0.33147234695718453 -8.8817841970012523e-13,0.39307814836502075
IIWA_14,1715021008.9949555,  0.3393063037795146   1.0791087457782602 -0.82657751816495395  -1.8942817759197847  -1.6161047504180932  0.73173687889920724 -0.23781579796621524, -0.73816910590479434 -0.026933697371070108    -0.664283298955754  0.083942014085029687   -2.0649637843656521   -2.0357839455781752    1.2317512176012497, -17.751934310913086   53.219794952392583   9.2739788551330573  -11.193567462921143   0.7949785423278809  -3.2000110931396484 -0.18957095336914062,22.739008265749288 1.1973544298741208 13.428244427005945 2.5981779363674868 3.8474825496156577 4.2479678413535211 1.0154040254752921, 0.48437952995300293 -0.36235076189041138  0.25098761916160583,  0.5600617527961731 -0.47943249344825745  0.50952285528182983  0.44369104504585266, 0.082259170711040497  -0.49465131759643555 -0.054090581834316254, 0.68465650081634521  -1.1719093322753906 -0.27992260456085205,  0.27600976824760437  0.035190228372812271  0.032864410430192947  0.035190228372812271   0.18018832802772522 -0.078303292393684387  0.032864410430192947 -0.078303292393684387   0.20098358392715454,   -2.1697990108222598     1.5982982039792759    -5.0657441498769273    -1.3592535117075144    0.20801473553344607    0.35107450979676713 2.6645352591003757e-12,0.37496697902679443
IIWA_14,1715021009.0000226, 0.33590074654810548   1.0789158597342283 -0.82851135257547459  -1.8933165664101144  -1.6254381605670536  0.72317954310298083 -0.23074133022714818, -0.72675757398020024 -0.029262399658131787  -0.60878001558542882   0.10576199165483911   -2.0253074334509371    -1.970920588311597     1.268379683643682,  -20.377944877624511    56.715141044616701    9.6248280334472653   -10.524131099700927   0.45515382766723633   -1.9507785606384278 -0.088777946472167968, 21.043619605780815   1.438252914138491  11.802012941518722  1.6748674143236859  3.9985796555753752   4.689610941922588 0.81590559219066139, 0.48528614640235901 -0.36418148875236511  0.25047591328620911, 0.56208920478820801 -0.47977563738822937  0.50951468944549561  0.44075596332550049, 0.095006942749023438  -0.46714287996292114 -0.065534442663192749, 0.68465650081634521  -1.1719093322753906 -0.27992260456085205,  0.27598732709884644  0.035369038581848145  0.032666768878698349  0.035369038581848145   0.17982541024684906 -0.078700900077819824  0.032666768878698349 -0.078700900077819824   0.20131631195545197,-2.1896252942683603  1.5970018679105635 -5.1169494173537444 -1.3549766601448354 0.21361019575749651 0.36944837498342764                   0,0.35793069005012512
IIWA_14,1715021009.0049806, 0.33251825896966614   1.0787816962746275 -0.83030425252156126   -1.892326070242992  -1.6344621859733568  0.71549364027571494 -0.22351460290938027, -0.71670556232173388 -0.028776458110538323  -0.55874001031180986   0.12422944000876424   -1.9812069630128779   -1.8841725837399133     1.303772839625662,  -15.702051429748536    55.460005729675295    9.9514807167053227   -11.021503498077392   0.38560420989990235   -2.8866182670593261 -0.025698879241943359, 19.660221304847909  1.6734008380928196   10.44550188102027 0.93052133295498651  4.0740374788636391   5.051794158987656  0.6121037527378449, 0.48612084984779358 -0.36596259474754333  0.24995751678943634, 0.56395721435546875 -0.48021674156188965  0.50952416658401489  0.43786898255348206,  0.10271642357110977  -0.44328513741493225 -0.074845530092716217, 0.68465650081634521  -1.1719093322753906 -0.27992260456085205, 0.27596756815910339 0.035525575280189514 0.032473120838403702 0.035525575280189514  0.17948499321937561 -0.07908407598733902 0.032473120838403702 -0.07908407598733902  0.20162507891654968,    -2.2076579379746164      1.5948922577964098     -5.1657978097834345     -1.3496170427842458      0.2187417484647014     0.38705793652216158 -8.8817841970012523e-13,0.34318655729293823
IIWA_14,1715021009.009994, 0.32924309015976883   1.0786532853111581 -0.83197329550452936  -1.8913536701949696  -1.6431741423206132   0.7083880135007613  -0.2161583860146653, -0.70437120225327954 -0.028157605027205983  -0.51375372756817206   0.13827955392790975   -1.9334438243005589    -1.791563137990076    1.3372669474891283, -13.510708625793457   53.065475036621095    13.15213931274414  -8.4002165336608883  0.91823102951049806  -3.1162394218444822 -0.30571653747558591, 18.611624375540821  1.9494437496551877  9.5022619004286266 0.31780083379008917  4.0799766658955656  5.2375694564049002 0.39423645251439993, 0.4868742823600769 -0.3677125871181488 0.24953746795654297, 0.56550592184066772 -0.48068520426750183  0.50967448949813843  0.43517431616783142,  0.10618414729833603  -0.42321565747261047 -0.078223906457424164, 0.68465650081634521  -1.1719093322753906 -0.27992260456085205,  0.27595463395118713  0.035656530410051346  0.032280720770359039  0.035656530410051346   0.17915681004524231 -0.079428642988204956  0.032280720770359039 -0.079428642988204956   0.20192232728004456, -2.223914769620805  1.5917059604220185 -5.2114762480819365 -1.3434974902910568  0.2235636776362071  0.4024109039448831                   0,0.33005309104919434
IIWA_14,1715021009.0150187, 0.32606924796675918     1.07849143842071 -0.83345897986860307  -1.8903387262192668  -1.6515527453185945  0.70210198799747325 -0.20873895242177845,  -0.6904506495230095 -0.028999959639687573  -0.47043035661748578   0.15122140217043928   -1.8818991793597002    -1.684691530523583    1.3665909017067768, -11.054449966430665   50.141112632751465   13.898197910308838  -9.8103344955444332 -0.36623596191406249  -2.9019708442687988 -0.33708919525146486,  17.701508479873226   2.2497030512875882   8.7448987229675677 -0.22948876519571088   4.0417336142820552   5.3501840361277235  0.16243113797516179, 0.48757454752922058 -0.36938995122909546  0.24917019903659821,0.56683540344238281 -0.4812127947807312  0.5099186897277832 0.43256768584251404,  0.10732774436473846  -0.40444198250770569 -0.078692525625228882, 0.68465650081634521  -1.1719093322753906 -0.27992260456085205,    0.275941401720047  0.035772949457168579  0.032097119837999344  0.035772949457168579    0.1788477897644043 -0.079746626317501068  0.032097119837999344 -0.079746626317501068   0.20220427215099335,   -2.2388880549604195     1.5879748989968689     -5.254342868459716    -1.3370226641020722    0.22810625165092802    0.41640111820751002 3.5527136788005009e-12,0.31715300679206848
IIWA_14,1715021009.0199938, 0.32300733842925228   1.0782884855357189 -0.83480636630624416  -1.8893801080545998   -1.659669037721839  0.69660050970048937 -0.20127817317882574, -0.67483690111868366 -0.031318083111396861  -0.43023974279963251   0.15932184832303242    -1.830171039617541    -1.567812356298222      1.39170389108353,  -12.029237434387207    51.457975914001466    13.767805686950684   -8.5574937515258789   0.33806396484375001    -3.292794059753418 -0.056737785339355466,    16.87486427141156    2.6143276428667264    8.1636381644921485  -0.78196039125146544    3.9873964836712816    5.3502697060765936 -0.086768777317407411,  0.4882560670375824 -0.37098336219787598  0.24890616536140442, 0.56789553165435791 -0.48176097869873047  0.51032131910324097  0.43008506298065186,  0.10808426141738892  -0.38630002737045288 -0.074782125651836395, 0.68465650081634521  -1.1719093322753906 -0.27992260456085205,   0.2759225070476532  0.035881951451301575  0.031931977719068527  0.035881951451301575   0.17856818437576294 -0.080023385584354401  0.031931977719068527 -0.080023385584354401   0.20247082412242889,   -2.2527430570020712      1.583223212659135    -5.2931720410693828     -1.330189319628694    0.23250299192589807    0.42845905895827485 8.8817841970012523e-13,0.30406829714775085
IIWA_14,1715021009.0249937, 0.31999666150477457   1.0780878696465961 -0.83604355778181894  -1.8884246058480629  -1.6674523603991782  0.69191294006564952 -0.19381044316212698, -0.66029659787405526 -0.033079102054029114  -0.39367945326269693   0.16567756691989954   -1.7754697387875995   -1.4417526704321717    1.4120723135347744,  -12.700529067993164    53.546438774108893    13.427710506439208   -8.8881791839599611    0.6646830558776855   -3.6565833892822264 -0.082770416259765625,  16.172783899264438   3.0103811198978652   7.7618851390298218   -1.285473891517575    3.916409878155152   5.2484338359898306 -0.33511841538315146, 0.48887929320335388 -0.37250640988349915  0.24874791502952576, 0.56871384382247925 -0.48230129480361938  0.51085364818572998  0.42775994539260864,  0.10689622908830643  -0.36917057633399963 -0.067313171923160553, 0.68465650081634521  -1.1719093322753906 -0.27992260456085205,  0.27590513229370117  0.035977307707071304  0.031776450574398041  0.035977307707071304   0.17830775678157806 -0.080265037715435028  0.031776450574398041 -0.080265037715435028   0.20272153615951538,   -2.2653280477999971     1.5778266070674007    -5.3286273019601538    -1.3230633744134579    0.23677703440494469    0.43859332089013492 1.7763568394002505e-12,0.29086649417877197
IIWA_14,1715021009.029994, 0.31703494008406757   1.0779217682979298 -0.83720147356660823  -1.8875301632218255  -1.6749063565508928  0.68801507083081337 -0.18637590930780112, -0.64670613512752417 -0.033107335589872756  -0.36126019400172948   0.16831975858541526   -1.7185356370986637   -1.3093169057391834    1.4270392050008536, -11.463397743225098   53.672466705322272   14.017836135864258  -9.0508334007263187  0.32749946594238283  -2.6389745216369627 -0.15519453048706056,  15.666545732490558   3.4368940291071985   7.5992478883953121  -1.7270649348834699   3.8111089266984903   5.0384926008573556 -0.58999222921222882, 0.48943519592285156 -0.37400048971176147  0.24870690703392029, 0.56925046443939209 -0.48284709453582764   0.5115247368812561  0.42562317848205566, 0.10378202050924301 -0.35451313853263855 -0.05652192234992981, 0.68465650081634521  -1.1719093322753906 -0.27992260456085205,  0.27589374780654907  0.036055732518434525  0.031624969094991684  0.036055732518434525    0.1780560165643692 -0.080470055341720581  0.031624969094991684 -0.080470055341720581   0.20296499133110046,   -2.2766877112774253     1.5716688752913655    -5.3612103810962708    -1.3155454718178916    0.24087182798915308    0.44663032703873284 8.8817841970012523e-13,0.27867069840431213
IIWA_14,1715021009.0350192,  0.3141542919341927   1.0777828710690653 -0.83827340254238858  -1.8866903087131874  -1.6820577749185659  0.68505910190623787 -0.17901525829503837, -0.63259083409701444 -0.032041757626478595  -0.33188531423259743   0.16824998721385639   -1.6608852443858542   -1.1656922815743669    1.4360574045111933, -7.2993320159912116   53.224938949584967   14.646945007324218  -8.1864808273315433  0.13909923553466796  -3.7310100135803221 -0.22027610778808593,  15.373477512743969   3.8584831578227572   7.6657435593271224  -2.0659220301312327   3.6687985402988881   4.7392803776899575 -0.83843997886006205, 0.48988848924636841 -0.37548127770423889  0.24877192080020905, 0.56952160596847534 -0.48338094353675842  0.51230454444885254  0.42371219396591187, 0.097672700881958008   -0.3424256443977356 -0.043555650860071182, 0.68465650081634521  -1.1719093322753906 -0.27992260456085205,   0.2758961021900177  0.036109540611505508  0.031468264758586884  0.036109540611505508   0.17780347168445587 -0.080643370747566223  0.031468264758586884 -0.080643370747566223   0.20320102572441101,-2.2865680088770546  1.5650188733067338 -5.3915070434342738 -1.3076653755064171 0.24476878251888934 0.45257669951848101                   0,0.26761573553085327
IIWA_14,1715021009.0400193, 0.31140553013466016   1.0776722566825632 -0.83923753343858121  -1.8858784373956956  -1.6889484166613813  0.68285412437868453 -0.17180566847427886, -0.61602313925891317 -0.030057981561269778  -0.30407348723378308   0.16707484247075832   -1.6043338652212993   -1.0207529263616268    1.4372295164393349, -4.7942053833007812   53.358682876586919   16.264077426910401  -6.3018427124023439 -0.10124311447143554  -2.7688039245605469 -0.12382187271118164, 15.217729434922248  4.2927137608992538  7.9381121942979798 -2.3566259221298016   3.515445342991292  4.3334431030074763  -1.076485506651623, 0.49025797843933105 -0.37693563103675842  0.24897915124893188, 0.56951051950454712 -0.48384585976600647  0.51323747634887695  0.42206430435180664, 0.089944630861282349  -0.33185625076293945 -0.027406005188822746, 0.68465650081634521  -1.1719093322753906 -0.27992260456085205,  0.27591007947921753  0.036143429577350616  0.031309749931097031  0.036143429577350616    0.1775519847869873 -0.080776184797286987  0.031309749931097031 -0.080776184797286987   0.20343194901943207,-2.2952052117259925  1.5578442761947642 -5.4190051218929725 -1.2997393721523309 0.24864305533967013 0.45600396394451792                   0,0.25740054249763489
IIWA_14,1715021009.0449948, 0.30880537275804248   1.0775949584498201 -0.84004293329337265   -1.885040080924971  -1.6955688859738443  0.68149121836425164  -0.1647687713471887, -0.59682480647183755 -0.027138314558737844  -0.27547478397868425   0.16719413280559109    -1.548285864675558  -0.87111858166661738    1.4312594982350744, -3.5390700683593752   53.062903038024906   16.671385093688965  -6.5303651657104496 0.096841239929199213   -3.429298496246338 0.056070281982421873, 15.016737202257522  4.7104155306862827  8.2286491252798548 -2.6627413705597607  3.3884849715700232  3.9021050215325257 -1.2921743540114083, 0.49059781432151794 -0.37832331657409668  0.24928165972232819,0.56932348012924194 -0.4842149019241333 0.51428604125976562 0.42061454057693481,  0.08303813636302948  -0.32082578539848328 -0.010598034597933292, 0.68465650081634521  -1.1719093322753906 -0.27992260456085205,  0.27592724561691284  0.036169156432151794  0.031157797202467918  0.036169156432151794   0.17731301486492157 -0.080874480307102203  0.031157797202467918 -0.080874480307102203   0.20365402102470398,    -2.3030381461861538      1.5503355525607887     -5.4435722490264737     -1.2921794552234189     0.25260726340015083     0.45749887913704157 -1.7763568394002505e-12,0.24752053618431091
IIWA_14,1715021009.0500202, 0.30634764799285541   1.0775495981061423 -0.84069853033855158  -1.8842170043755153  -1.7019230178679199  0.68081830416223443 -0.15794447430344707, -0.57576883578495308 -0.023525065394104608  -0.24660370899010436   0.16667836822270013   -1.4927939675034718  -0.72381143341398213    1.4179794803377246, -5.3960530548095704   51.622583824157715   16.175356945037841  -6.4187924385070803     0.11268798828125  -2.8569143676757811 -0.11881559753417968,  14.69518037527668  5.1277918094949264  8.4921063089383022 -3.0388005699358018  3.3041251608410254  3.4435447254049949 -1.4914111560708243, 0.49095016717910767 -0.37962031364440918  0.24968472123146057, 0.56895768642425537 -0.48445966839790344   0.5154869556427002  0.41935566067695618, 0.078494124114513397  -0.30844792723655701 0.0069583817385137081, 0.68465650081634521  -1.1719093322753906 -0.27992260456085205,  0.27594223618507385  0.036194361746311188  0.031020078808069229  0.036194361746311188    0.1770971268415451 -0.080931186676025391  0.031020078808069229 -0.080931186676025391   0.20386508107185364,-2.3102684221560921  1.5422841667014353 -5.4643472648141511 -1.2852210355065452 0.25679363218955586  0.4568690885422555                   0,0.2377307116985321
IIWA_14,1715021009.0549941, 0.30398070358346774   1.0775129264478134 -0.84122535688243527  -1.8834322772912153  -1.7080135926531066  0.68082369701145695 -0.15138676637638745,-0.55529284500346932 -0.02028691864843887 -0.21835602894743134  0.16473177795015997  -1.4378581654102458 -0.57883343276228494   1.3966919013525645, -9.0457190628051762   51.473407905578618   14.747763736724854  -6.8368541030883785      0.2253759765625  -3.1529521064758299 -0.19891600036621093, 14.284587118867544  5.5142957963437569  8.6995423330297079 -3.4351902432102386  3.2525784945793648  2.9908019799163199 -1.6679602286869659, 0.49129801988601685 -0.38082921504974365  0.25015228986740112, 0.56846612691879272 -0.48459425568580627   0.5167851448059082  0.41826760768890381,0.075095899403095245  -0.2950463593006134 0.023653596639633179, 0.68465650081634521  -1.1719093322753906 -0.27992260456085205,  0.27595773339271545  0.036215804517269135  0.030892897397279739  0.036215804517269135   0.17690315842628479 -0.080955959856510162  0.030892897397279739 -0.080955959856510162   0.20406074821949005,-2.3167126532195326  1.5338923168082275 -5.4817942849068046 -1.2787449487854374 0.26112063962191456 0.45454786550891413                   0,0.22809800505638123
IIWA_14,1715021009.0599947, 0.30166361363149863   1.0775080129096366 -0.84166571719718131  -1.8827104674720374  -1.7138547998562232  0.68129671440000317 -0.14512458937924796,  -0.5369178740815399 -0.016426076445822144  -0.19229923574778651   0.16065781512724439   -1.3839348204528628  -0.44414605066797935    1.3678406009676312,  -9.5009628143310554    52.779983192443851    12.989485095977782   -7.4673072242736813  -0.11885061264038085   -2.4594161186218262 -0.067084087371826168, 13.901929291667393  5.8745383494284065  8.9309335029728896 -3.8011220980793063  3.2180077192954002  2.5167593952977638 -1.8194844654727949, 0.49161183834075928 -0.38198173046112061   0.2506960928440094, 0.56784343719482422 -0.48462402820587158  0.51815974712371826  0.41737732291221619,0.071380786597728729 -0.28207126259803772 0.040126457810401917, 0.68465650081634521  -1.1719093322753906 -0.27992260456085205,  0.27597832679748535  0.036228090524673462  0.030770959332585335  0.036228090524673462    0.1767243891954422 -0.080951370298862457  0.030770959332585335 -0.080951370298862457   0.20424221456050873,    -2.3221937776405355      1.5250866402611862      -5.496343236209178     -1.2723883772221001     0.26550651710532946     0.45053908080650018 -8.8817841970012523e-13,0.21944917738437653
IIWA_14,1715021009.0650184, 0.29939661779247101   1.0775303634869546 -0.84206047751272661  -1.8820665550789513  -1.7194596779594469  0.68224256929909965 -0.13920258458005458, -0.52021413282633677 -0.012246838063936475  -0.16962980122004145   0.15428274782524126   -1.3313429804912356    -0.317482644570524    1.3311526727418403, -10.257130401611329   52.404471397399902   13.001583343505859  -6.8395426025390629  0.30901159286499025  -2.6856997566223146 -0.13316691970825195, 13.605268959249617  6.1743036260852087  9.1866387368271969 -4.0831741303179845  3.1849814714323639  2.0565618246629169 -1.9406247875363771, 0.49186518788337708 -0.38310587406158447  0.25127598643302917, 0.56714242696762085 -0.48457416892051697  0.51954227685928345    0.416669100522995,0.066266126930713654 -0.27052953839302063 0.054798465222120285, 0.68465650081634521  -1.1719093322753906 -0.27992260456085205,  0.27600890398025513  0.036225177347660065  0.030645960941910744  0.036225177347660065   0.17655186355113983 -0.080929882824420929  0.030645960941910744 -0.080929882824420929    0.2044103741645813,-2.3265531604810263  1.5160658182216125 -5.5090841593932183 -1.2659158753764999 0.26981972969153389 0.44536598070354927                   0,0.21214212477207184
IIWA_14,1715021009.0700197, 0.29717648011686865   1.0775379135631327 -0.84237494362878473  -1.8814885559177315   -1.724810202947592  0.68351817023552308 -0.13366635208709104,  -0.50497681328516397 -0.0094954674040279349     -0.148282485618358    0.14654616470898546    -1.2790953839187942   -0.20296207819948214     1.2863714379120137, -7.7905837478637698   52.630807273864747    13.57826647567749  -6.9564923286437992   0.1276543617248535  -2.6209519309997558 -0.19390972518920899, 13.418201300992404  6.4229965206697273  9.5106844243689466 -4.2794790697182252  3.1538525274171878  1.5894709436937584 -2.0285910384655326, 0.49204725027084351 -0.38421469926834106  0.25191128253936768, 0.56636184453964233 -0.48442554473876953  0.52093023061752319  0.41617047786712646,0.059564422816038132 -0.26064136624336243 0.068794123828411102, 0.68465650081634521  -1.1719093322753906 -0.27992260456085205,  0.27605104446411133  0.036206219345331192  0.030514981597661972  0.036206219345331192   0.17637854814529419 -0.080891191959381104  0.030514981597661972 -0.080891191959381104    0.2045702338218689,   -2.3299159919476509     1.5069489018122439    -5.5204073932131337    -1.2593899459778513    0.27407005648250049    0.43893623878688004 2.6645352591003757e-12,0.20636637508869171
IIWA_14,1715021009.0750184, 0.29504772231766374    1.077547740639486 -0.84257687778690815  -1.8810045729527443  -1.7299098262092545  0.68510889636796346 -0.12851828856466962,   -0.4891317625963274 -0.0072032908690891342   -0.12670335481962314    0.13659625036667616    -1.2272612376015342  -0.098740617261970587     1.2350196912264677, -5.6121009368896484   51.859207695007328    14.13881861114502  -7.0788190536499025 0.064267368316650392  -2.5201589241027831 -0.10813554382324218, 13.267995559000484  6.6243239557735984  9.8043883852517517 -4.4186841836796766  3.1340124848033741  1.1488643580592557  -2.087304436237464,0.49217665195465088 -0.3852919340133667 0.25257083773612976,0.56555140018463135 -0.4842083752155304 0.52228683233261108 0.41582489013671875,0.052291251718997955 -0.25142365694046021 0.081009626388549805, 0.68465650081634521  -1.1719093322753906 -0.27992260456085205,  0.27609971165657043  0.036176104098558426  0.030384477227926254  0.036176104098558426   0.17621466517448425 -0.080841012299060822  0.030384477227926254 -0.080841012299060822   0.20471541583538055,-2.3323191600539417  1.4976633061420941 -5.5301087729517917 -1.2526224302540356 0.27818441993066045 0.43177450715603527                   0,0.20133693516254425
IIWA_14,1715021009.0799932, 0.29303185579605323   1.0775505568373172  -0.8426533371707795  -1.8805978883295831  -1.7347796400484448  0.68702253731903851 -0.12377864746792891,  -0.47194007094148233 -0.0056499847820250301   -0.10442105921055261    0.12554438521978811    -1.1766015436488382  -0.002446855766574621     1.1776013968508028, -5.1671451797485357   52.864859146118164   13.816198677062989   -6.362333950042725  0.42522108078002929  -2.4036795883178712 0.058072792053222654, 13.069044972518055  6.7618117723325613  9.9960786466296483 -4.5172684639111269  3.1374669341804724 0.75638652879208812 -2.1135934538608896,0.49226027727127075 -0.3863062858581543 0.25322616100311279, 0.56474381685256958 -0.48390829563140869  0.52359908819198608  0.41562137007713318, 0.04482794925570488 -0.24148020148277283 0.090647637844085693, 0.68465650081634521  -1.1719093322753906 -0.27992260456085205,  0.27615422010421753  0.036135159432888031  0.030256010591983795  0.036135159432888031    0.1760675460100174 -0.080781325697898865  0.030256010591983795 -0.080781325697898865   0.20483830571174622,-2.3335849472010395  1.4883582710520926 -5.5377765988726679 -1.2458047321564081 0.28220072343021485 0.42399297589934548                   0,0.19578671455383301
IIWA_14,1715021009.0850184, 0.29111342108002142   1.0775624212583228 -0.84262361628619653  -1.8802627494430335  -1.7394081394292664   0.6891701704177714 -0.11946552491596896, -0.45428944539445842 -0.004045410985394131 -0.082348011985123162   0.11384106363781324   -1.1264212101519369  0.083947839336056013    1.1146060195590404, -5.7407008666992194   51.825771713256842   13.295974033355712   -6.752166370391846  0.10124311447143554  -2.3419355278015135 -0.22060985946655273, 12.776369629784273  6.8484628566022341  10.070868470704841 -4.6105654082011682  3.1774188693461909  0.4050209419551658 -2.1079312881337464,0.49232238531112671 -0.3872411847114563 0.25388014316558838, 0.56395471096038818 -0.48350518941879272  0.52487701177597046  0.41555017232894897,0.038174297660589218 -0.23029625415802002 0.098338663578033447, 0.68465650081634521  -1.1719093322753906 -0.27992260456085205,   0.2762104868888855  0.036088913679122925  0.030134184285998344  0.036088913679122925   0.17594230175018311 -0.080710031092166901  0.030134184285998344 -0.080710031092166901   0.20493848621845245,-2.3339282767533831  1.4790277664298301 -5.5430992347194064 -1.2391234701611964 0.28619290887910154 0.41559278948444245                   0,0.18946877121925354
IIWA_14,1715021009.0899951, 0.28926964805873145   1.0775643387206724 -0.84251012570617023  -1.8800188704414953  -1.7438088426249081  0.69156803398935662 -0.11559551909905934,   -0.4371824771671653 -0.0031596302943326863  -0.061338786387046582    0.10082801097177925    -1.0771650959472165    0.16307281433225376     1.0464850483236172,  -7.6156878433227542    51.712603775024419    12.828175128936767   -6.1701062393188479 0.0017607498168945312   -2.4674261589050293   -0.2336261749267578,  12.43033946095264  6.8763951299198167  10.053330822897323 -4.6780399024103829   3.243186639473338 0.10114812178828081 -2.0719359826421795, 0.4923577606678009 -0.3881080150604248 0.25451654195785522, 0.56320202350616455 -0.48301273584365845  0.52609479427337646  0.41560375690460205,0.031922038644552231 -0.21858009696006775  0.10381709039211273, 0.68465650081634521  -1.1719093322753906 -0.27992260456085205,  0.27626967430114746  0.036035951226949692  0.030016409233212471  0.036035951226949692   0.17583522200584412 -0.080631598830223083  0.030016409233212471 -0.080631598830223083   0.20501774549484253,    -2.3333534789680144      1.4697488724708663      -5.546529953726953     -1.2325259755510132     0.29009765737164628     0.40679870704796173 -1.7763568394002505e-12,0.18259440362453461
IIWA_14,1715021009.0949938, 0.28747872557068727   1.0775632601071947 -0.84231322485944338  -1.8798555255131335  -1.7479820374401631  0.69409071336431827  -0.1121582636341078,  -0.42138288125549983 -0.0025708487745719597  -0.041194995240563061    0.08719620591189485    -1.0286598693679743     0.2313654264642688    0.97467825725695523,  -7.7854397506713875    51.383387954711914    12.408769214630126   -6.2682364692687988   0.10740573883056641   -2.2291274604797362 -0.079766651153564447,  12.106018235644861    6.860376574273749   10.015018808621774  -4.6972635772928619   3.3247125496978214 -0.18626295959272987   -2.005644008181819, 0.49234724044799805 -0.38892540335655212  0.25515305995941162, 0.56247276067733765 -0.48243018984794617  0.52724957466125488  0.41580450534820557,0.025202371180057526 -0.20718297362327576  0.10823360085487366, 0.68465650081634521  -1.1719093322753906 -0.27992260456085205,  0.27633428573608398  0.035973254591226578  0.029899517074227333  0.035973254591226578   0.17574095726013184 -0.080546148121356964  0.029899517074227333 -0.080546148121356964   0.20507827401161194,    -2.3318051232958936      1.4605028390572983     -5.5483428793614564     -1.2258374291675977     0.29388142630448755     0.39753327826019813 -2.6645352591003757e-12,0.17590533196926117
IIWA_14,1715021009.0999935, 0.28574101293554865   1.0775643387206724 -0.84203650912427519  -1.8797754708600862   -1.751909603517672  0.69673461316439711 -0.10915897171050701,  -0.40661481040994429 -0.0020135344805517572  -0.021887366785722971   0.072959150851407042   -0.98003053859473477    0.29084833317456871    0.89971428274959597,  -6.7463523178100591    51.126188095092779    13.097025074005128   -6.6997406311035155   0.19016098022460937   -2.2778552055358885 -0.044722724914550781,  11.803861528038139   6.7920006539786826   9.9316166780499433  -4.6633089000533872   3.4159276408821095 -0.43405060271636575  -1.9133124833960811, 0.49229192733764648 -0.38970008492469788  0.25576093792915344, 0.56179517507553101 -0.48178586363792419  0.52831077575683594   0.4161204993724823, 0.01811668649315834 -0.19632476568222046  0.11064640432596207, 0.68465650081634521  -1.1719093322753906 -0.27992260456085205,  0.27640420198440552  0.035900410264730453  0.029782757163047791  0.035900410264730453    0.1756596565246582 -0.080459870398044586  0.029782757163047791 -0.080459870398044586   0.20511917769908905,-2.3292510247454601  1.4512980102683315 -5.5488820858551335 -1.2189136732683181 0.29746966507637751 0.38816934674468229                   0,0.16917584836483002
