DesiredFlux,0.966,HitTime,1715078614.1474173,DesiredPos,0.52207303047180176 0.32499438524246216 0.21906217932701111
RobotName,RosTime,JointPosition,JointVelocity,JointEffort,TorqueCmd,EEF_Position,EEF_Orientation,EEF_Velocity,EEF_DesiredVelocity,Inertia,DirGrad,HittingFlux
IIWA_7,1715078613.6489768,-0.47015744163755113   1.0077428662187304 0.016336775508679083  -1.5067946935173058  -1.9629642676267258  -1.7950912225614462  -1.0034072733162327,-0.00056007368040432415  3.2286654245595754e-06 -3.1189770239279901e-06  -0.0019765925721096705  0.00046337549533309363  7.6566523840079697e-07 -1.0074787046259471e-06,0.040327491760253908   60.362189666748044  -1.7422619438171387  -13.886153430938721  -1.7079273223876952   1.7622088623046874 -0.10579928207397461,0.033749208087218679   2.0487930036645974   0.7052026885563154 -0.16393695625654445  0.31739623594319821 -0.17808280881487576  0.66019126346664425,  0.51702398061752319 -0.022842284291982651   0.22361975908279419,  -0.71628111600875854 0.00074821669841185212 -0.0092476168647408485    0.69775015115737915,-0.00061010342324152589 -7.8741999459452927e-05 -0.00025311287026852369, 0.0026180502027273178     1.4005354642868042 -0.0023664354812353849,   0.2549293041229248  0.022373609244823456  0.060845710337162018  0.022373609244823456   0.23490056395530701 -0.021095599979162216  0.060845710337162018 -0.021095599979162216   0.17967486381530762,  -0.81116507662937209   -0.34832279466900928    -1.0004435434955994    0.45551319307168825    0.42242202368569792  -0.033789714934506776 2.6017250576160222e-06,0.00045881175901740789
IIWA_7,1715078613.6539693,-0.47015893956638166   1.0077426864498176 0.016336655735459164  -1.5068022435934836  -1.9629621583963248   -1.795091282448056  -1.0034072733162327,-0.00050797609754463778 -4.6078241750268301e-06 -7.2861104158808734e-06  -0.0018832771048001011  0.00045506961230663373  -1.782932205011823e-06 -8.0598296370075769e-07,-0.10753997802734375   60.335304672241215  -1.7854003143310546  -13.837732810974121  -1.6982431983947754   1.7625426139831544 -0.10513177871704102,0.030965191683455406   2.0491779326576656  0.70342852088981989 -0.16421773162020631  0.31682284521873189 -0.17791199979543731  0.66031746801398783,  0.51702219247817993 -0.022841254249215126   0.22361907362937927,  -0.71627950668334961 0.00075104611460119486 -0.0092461118474602699    0.69775182008743286, -0.0005591846420429647 -2.1725576516473666e-05 -0.00023025547852739692, 0.0026199710555374622     1.4005358219146729 -0.0023663484025746584,   0.2549300491809845  0.022373246029019356  0.060845337808132172  0.022373246029019356   0.23490068316459656 -0.021095620468258858  0.060845337808132172 -0.021095620468258858   0.17967399954795837,  -0.81115107110552032   -0.34832292009223664    -1.0004360140403179    0.45550782329772943    0.42241797452913232  -0.033787735182144729 2.6024702393101506e-06,0.00041737558785825968
IIWA_7,1715078613.658972, -0.4701621752977318   1.0077425666765976 0.016336475966546207   -1.506808235745138  -1.9629601451590326   -1.795091402330359  -1.0034071534339297,-0.00053581013204120778 -8.4771881403681702e-06 -1.3019644850987414e-05  -0.0017463077500169395  0.00044458518153365958  -6.221637882951488e-06  4.1505057479814233e-06,-0.23793220138549806   60.293632930755614  -1.8355816841125487  -13.831570186614989  -1.6929609489440918   1.7625426139831544 -0.10546553039550781,    36.61996590392603    4.8504330188581797    26.799949194293291    -11.58183201432195 -0.037328651259707357   -1.7160859981968182   0.66032587459940428,  0.51701867580413818 -0.022840367630124092   0.22361770272254944,  -0.71627664566040039 0.00075738952727988362 -0.0092439567670226097    0.69775480031967163,-0.00048563774907961488  1.6918436813284643e-05 -0.00019667537708301097, 0.0026214737445116043      1.400536060333252 -0.0023663018364459276,  0.25493159890174866  0.022372495383024216  0.060844559222459793  0.022372495383024216    0.2349008172750473 -0.021095801144838333  0.060844559222459793 -0.021095801144838333   0.17967236042022705,  -0.81112301319130609   -0.34832705927279051     -1.000424686257162    0.45550034645724935    0.42240737048615529  -0.033788757627384314 2.6030679833866088e-06,0.00036157536669634283
IIWA_7,1715078613.6639454,-0.47014006448501983   1.0077484988325591 0.016366616275565054  -1.5068466450969036  -1.9629589946379897  -1.7951084199450644  -1.0034072733162327, 0.00045578440284594994  0.00023050448795023618   0.0011951966448730761  -0.0029334202706366771  0.00040168898694216068 -0.00068568189852259113 -1.4748875205568908e-06,-0.53232289123535159   60.192814201354977  -2.3514813804626464  -13.461812725067139   -1.716731071472168   1.8232854194641113 -0.10546553039550781,    36.61996590392603    4.8504330188581797    26.799949194293291    -11.58183201432195 -0.037328651259707357   -1.7160859981968182   0.66032587459940428,  0.51701867580413818 -0.022840367630124092   0.22361770272254944,  -0.71627664566040039 0.00075738952727988362 -0.0092439567670226097    0.69775480031967163,-0.00048563774907961488  1.6918436813284643e-05 -0.00019667537708301097, 0.0026227661874145269      1.400536060333252 -0.0023662741295993328,  0.25493159890174866  0.022372495383024216  0.060844559222459793  0.022372495383024216    0.2349008172750473 -0.021095801144838333  0.060844559222459793 -0.021095801144838333   0.17967236042022705,  -0.81112301319130609   -0.34832705927279051     -1.000424686257162    0.45550034645724935    0.42240737048615529  -0.033788757627384314 2.6030679833866088e-06,0.00036157536669634283
IIWA_7,1715078613.6689751,-0.46974176878690843   1.0077886459868441 0.016860186552299712  -1.5072704073304632  -1.9629568854075887  -1.7952176561759559  -1.0034074530851456,   0.016296455446732559   0.0017902897617609723    0.020698968385284788   -0.019297225558895972  0.00040572040559388735  -0.0049179947544752585 -8.3706665311200034e-06, -9.0911608924865721   57.404840270996097  -9.1752672958374024  -6.9681674003601071  -1.1136742591857911   2.3305879707336428 -0.22761864471435547,   36.620885739368205    4.8514701753375169    26.800114888384837   -11.583115614758604 -0.038252622061485608   -1.7163308601901122   0.66034928122631786,   0.5170171856880188 -0.022841211408376694   0.22361718118190765,  -0.71627539396286011 0.00076085521141067147  -0.009243866428732872    0.69775605201721191,-0.00044803280616179109  -2.025816502282396e-05 -0.00017784937517717481, 0.0026239599101245403     1.4005362987518311 -0.0023662135936319828,  0.25493234395980835   0.02237214706838131  0.060844190418720245   0.02237214706838131   0.23490075767040253 -0.021096020936965942  0.060844190418720245 -0.021096020936965942   0.17967167496681213,   -0.8111107596597833   -0.34833306808046416    -1.0004235047462728    0.45550102663760583    0.42240031706342052  -0.033793391991387978 2.6026514277077695e-06,0.0003327735757920891
IIWA_7,1715078613.6739726,-0.46935485808967392   1.0077510754839503  0.01735861048060109  -1.5075476623723703  -1.9629396281155438  -1.7952523504853255  -1.0034067938961038,   0.028513592246766466 -7.0588306346421222e-05    0.036496131840282955   -0.026527982123397166   0.0010148680062725714  -0.0053221681783659188  1.9671028446951282e-05,  -16.874366802215576    55.838789340972902   -13.428358478546143   -8.1672380256652826   -1.0335601425170897    2.0462315406799316 -0.066082832336425784,  36.590347416864027   4.8417290018244321   26.774064264064688  -11.561660643062329 -0.03094163335079704  -1.7002015067612022  0.65678613190893842,  0.51700544357299805 -0.022812632843852043   0.22361809015274048,   -0.7162555456161499 0.00075393117731437087 -0.0092174634337425232    0.69777679443359375,-0.00082837778609246016   0.0011269173119217157  -0.0001060117210727185, 0.0026253024116158485     1.4005361795425415 -0.0023662024177610874,  0.25493344664573669  0.022370887920260429  0.060843784362077713  0.022370887920260429   0.23490443825721741 -0.021092589944601059  0.060843784362077713 -0.021092589944601059   0.17966681718826294,  -0.81103967909612606   -0.34825161465423804    -1.0002785731275665    0.45541611568911122    0.42244574929295453  -0.033641703329756467 2.6327571234219249e-06,0.00096744135953485966
IIWA_7,1715078613.6789703,-0.46911235724374639   1.0077366944072463 0.017917554682463074  -1.5080172042649604  -1.9629290819635385  -1.7953104139897977  -1.0034106288208027,   0.032510907634514336 -0.00063171371323428663    0.051554673546705732   -0.040004061402325181   0.0012337404852277329  -0.0065802747215822893 -0.00013766016519879467,  -19.332999549865722    56.516291202545169   -13.922248802185058   -8.3732457542419425   -1.4314896011352538    2.3325904808044435 -0.077430389404296876,  36.129966237347666    4.742747279283833   26.372830269019722  -11.298232435240305 0.063400545560828359  -1.4947040213075282  0.62097659686575157,  0.51689881086349487 -0.022360922768712044   0.22365273535251617,  -0.71602249145507812 0.00057588994968682528  -0.008883119560778141    0.69802039861679077,-0.0049341735430061817   0.018966095522046089  0.0013047530082985759, 0.0026264069601893425     1.4005428552627563 -0.0023662296589463949,  0.25492453575134277  0.022353222593665123  0.060853555798530579  0.022353222593665123   0.23496066033840179 -0.021029999479651451  0.060853555798530579 -0.021029999479651451   0.17961937189102173,  -0.81001064706320847   -0.34680069339287911    -0.9978522937093004     0.4540379994297794    0.42312218862239348  -0.031549146630283076 3.0376092752248951e-06,0.013545852154493332
IIWA_7,1715078613.6839702,-0.46899053762528031   1.0077259684863282 0.018664291839433439  -1.5086891598448859  -1.9629217955629772  -1.7953377381009854   -1.003409909854234,   0.030881510846254637 -0.00093440780731177955     0.07111322511617918   -0.058881472318880079   0.0012784484106364703   -0.006357184224772449 -8.1369469410051329e-05, -18.304648509979248   54.541588356018067  -12.005672626495361  -8.6593675994873038  -1.0766985130310058    1.983152473449707 -0.11848184585571289, 35.558211707310555  4.7188393547772076  25.773974801984131 -11.022776236858148 0.15034662519058084 -1.2013440869336334 0.58948205908447882,  0.51674890518188477 -0.021541623398661613   0.22378961741924286,  -0.71560543775558472 0.00021247677796054631 -0.0083778174594044685    0.69845443964004517,-0.0088497810065746307   0.041527882218360901  0.0056901406496763229, 0.0026366312522441149     1.4006470441818237 -0.0023704092018306255, 0.25488641858100891 0.022315070033073425 0.060887917876243591 0.022315070033073425  0.23506388068199158 -0.02090657502412796 0.060887917876243591 -0.02090657502412796  0.17955513298511505,  -0.80791657624423863   -0.34407642559397544   -0.99306867447346292     0.4514985057815224    0.42418637078345256  -0.027946597841221887 3.7422065446435226e-06,0.029541792348027229
IIWA_7,1715078613.6889899,-0.46889795947126833   1.0076766534447315 0.019708057855154459  -1.5095564581288488   -1.962907126943279  -1.7953990973325009  -1.0034096102030181,   0.028408334837482896  -0.0027201279097204558    0.098641220721784134   -0.081797109213616631   0.0016095035164384816  -0.0075401166404384413 -5.3109526894424544e-05,  -16.13771795272827   54.036150459289551  -11.406137313842773   -7.985000419616699  -1.0837415122985841   1.8933732719421386 -0.14217821502685546, 35.558211707310555  4.7188393547772076  25.773974801984131 -11.022776236858148 0.15034662519058084 -1.2013440869336334 0.58948205908447882,  0.51674890518188477 -0.021541623398661613   0.22378961741924286,  -0.71560543775558472 0.00021247677796054631 -0.0083778174594044685    0.69845443964004517,-0.0088497810065746307   0.041527882218360901  0.0056901406496763229,0.0027366285212337971    1.4008376598358154 -0.002427930710837245, 0.25488641858100891 0.022315070033073425 0.060887917876243591 0.022315070033073425  0.23506388068199158 -0.02090657502412796 0.060887917876243591 -0.02090657502412796  0.17955513298511505,  -0.80791657624423863   -0.34407642559397544   -0.99306867447346292     0.4514985057815224    0.42418637078345256  -0.027946597841221887 3.7422065446435226e-06,0.029541792348027229
IIWA_7,1715078613.6939723,-0.46876014085588152   1.0075991754430753 0.021034951291217078  -1.5105682862555043  -1.9628922663373627  -1.7954201296408183  -1.0034108085897158,   0.028239412485458672  -0.0052752223940219396     0.13198871401993206      -0.105910812437116   0.0018820270498014666  -0.0068733856450468953 -9.0423089421696852e-05, -15.872900756835937   53.968937973022463  -12.025921249389649  -7.9031255531311038  -1.2976726150512694    2.098630554199219 -0.13083065795898438, 35.364225086506202   4.621725128499822  25.495917955307885 -10.802182647903486 0.22541851384257247 -1.0489703091686813 0.53751584240507821,  0.51659226417541504 -0.021107260137796402   0.22384604811668396,  -0.71529829502105713 0.00012996552686672658 -0.0080796321853995323    0.69877249002456665,-0.013377138413488865  0.050582423806190491 0.0068316226825118065, 0.0029061224777251482     1.4008369445800781 -0.0025804264005273581,  0.25488990545272827   0.02227352000772953  0.060896057635545731   0.02227352000772953   0.23512661457061768 -0.020837543532252312  0.060896057635545731 -0.020837543532252312   0.17948997020721436, -0.80598198851511427  -0.34269937313791132  -0.98989095567780794   0.45005678472609389   0.42450585677489272 -0.025972246493033424     4.14993994724e-06,0.036383304744958878
IIWA_7,1715078613.6989722,-0.46858888631351581   1.0074828684470518 0.022568272890060855  -1.5117347108476462  -1.9628756802989482  -1.7954144371403797  -1.0034120070854964,   0.029441711682995638  -0.0088724577561574078     0.16692383516969675    -0.13138563363536843   0.0021690631764203303  -0.0052710084984942743 -0.00012027830276211002,  -16.550402618408203    54.805061302185059   -12.858755912780762   -8.3010550117492681   -1.1832238769531249    2.0155263862609862 -0.091114208221435553,  35.108962899433692   4.5597813020499602   25.089994707195793  -10.548931715511861  0.30031683354973904 -0.82893524666314644  0.48088150515661576,  0.51639407873153687 -0.020552894100546837   0.22395622730255127,   -0.7148774266242981 5.5158620853035245e-06 -0.0077214981429278851    0.69920718669891357,-0.018678853288292885  0.062617264688014984 0.0099135693162679672, 0.0029063632246106863     1.4009530544281006 -0.0025806399062275887,  0.25488799810409546  0.022219197824597359   0.06091148778796196  0.022219197824597359   0.23520800471305847 -0.020746512338519096   0.06091148778796196 -0.020746512338519096   0.17941159009933472,  -0.80345964415950988   -0.34093654337574719   -0.98571662880964084    0.44823852737341241    0.42489904890885555  -0.023380021940688778 4.6895625160914278e-06,0.045567113906145096
IIWA_7,1715078613.7039945,-0.46841595396432351    1.007364164786716 0.024286750796928644  -1.5130719106711081  -1.9628560261462416   -1.795406287870853  -1.0034152428168466,  0.030470663314088542  -0.011846112618359501    0.20227818441046896    -0.1585964998467716  0.0025214166494026925 -0.0038908360177255354  -0.000225651896217406, -16.562500865936279   56.521668201446531  -12.715254802703857  -8.1126547813415524  -1.3328876113891601   2.1269994468688966 -0.10279551696777343,  34.391559982577036   4.4805479555245746   24.015692606407491  -10.003810464588195  0.45544304632660826 -0.29961583508871409  0.36935882144378446,  0.51593220233917236 -0.019039914011955261   0.22428421676158905,   -0.71380853652954102 -0.00040958932368084788  -0.0068294028751552105     0.70030748844146729,-0.028869915753602982  0.094919264316558838  0.018422186374664307, 0.0030633732676506042      1.401103138923645 -0.0026738552842289209,  0.25485590100288391  0.022073777392506599    0.0609697625041008  0.022073777392506599   0.23542648553848267 -0.020489145070314407    0.0609697625041008 -0.020489145070314407   0.17922894656658173,  -0.79671931243563421   -0.33596759717546831   -0.97423049430211961    0.44325348364715467    0.42594416330743456    -0.0166168706376979 6.0841154336799264e-06,0.069551661610603333
IIWA_7,1715078613.7089691,-0.46824212277056648   1.0072797359022307 0.026205005744047476  -1.5145649054558368  -1.9628345503933944  -1.7953914273740199  -1.0034183586658936,  0.031329778401551781  -0.012854045474096904    0.23855274541312849    -0.1865969912665629  0.0028761634334088146 -0.0025182489408572244  -0.000305155478853819,  -16.516796375274659     56.79589514541626   -11.525868301391601   -8.6373582267761222   -1.2950314903259277    1.9888262519836426 -0.098456745147705083,  34.391559982577036   4.4805479555245746   24.015692606407491  -10.003810464588195  0.45544304632660826 -0.29961583508871409  0.36935882144378446,  0.51593220233917236 -0.019039914011955261   0.22428421676158905,   -0.71380853652954102 -0.00040958932368084788  -0.0068294028751552105     0.70030748844146729,-0.028869915753602982  0.094919264316558838  0.018422186374664307,   0.00328077282756567     1.4012902975082397 -0.0028273281641304493,  0.25485590100288391  0.022073777392506599    0.0609697625041008  0.022073777392506599   0.23542648553848267 -0.020489145070314407    0.0609697625041008 -0.020489145070314407   0.17922894656658173,  -0.79671931243563421   -0.33596759717546831   -0.97423049430211961    0.44325348364715467    0.42594416330743456    -0.0166168706376979 6.0841154336799264e-06,0.069551661610603333
IIWA_7,1715078613.7139692,-0.46805217280666878   1.0072207135575006 0.028384756500758689    -1.51622657813154  -1.9628033913793244  -1.7953801622554459  -1.0034244107041581,   0.032661821277149686   -0.012644130168481423     0.27803222659895133    -0.21574450004138129   0.0035472913095280817  -0.0015639944097271194 -0.00048620591366452796, -14.926548950195313   56.701797664642335  -10.679828014373779  -8.4392738723754874  -1.1814631271362304   1.9841537284851074 -0.10079300689697265, 33.606048166774265  4.2988088901020634  22.855607911420989 -9.3409302336426876 0.65274307058976744 0.29831636544664614 0.22552372034809126,  0.51532119512557983 -0.017131244763731956   0.22467003762722015,   -0.71244430541992188 -0.00088310654973611236  -0.0056832600384950638     0.70170509815216064,-0.040945302695035934   0.12971988320350647   0.02595997229218483,0.0035375687293708324    1.4015053510665894 -0.003025352256372571,  0.25482812523841858  0.021881101652979851  0.061036229133605957  0.021881101652979851   0.23570151627063751 -0.020161254331469536  0.061036229133605957 -0.020161254331469536   0.17898593842983246,  -0.78792204044475511   -0.32970936468235124   -0.95951553914463972    0.43692292288266543    0.42717165838812576 -0.0081586634168573369 7.8184001495174016e-06,0.095415838062763214
IIWA_7,1715078613.7189696,-0.46779169561486111   1.0071768513608195 0.030834751529937907  -1.5180229535735827  -1.9627706983953748  -1.7953527183710385  -1.0034327997382908,   0.036548544694026228   -0.011869792002032219     0.32042558244632979    -0.24445061771481291   0.0041455524056060377 -0.00015344015148361376 -0.00072452609623939066, -13.777215435028076   55.949017818450926  -10.079412326812744  -8.5845357322692877  -1.3804278564453125   1.8519880638122559 -0.10012550354003906, 33.166548701300258  4.1661322224781312  22.209345534149598 -8.9569829165558321 0.76689979106971107 0.63402033378083156 0.14009516300690047,  0.51495647430419922 -0.015999592840671539   0.22488072514533997,  -0.71161925792694092 -0.0011523499852046371 -0.0049945139326155186    0.70254665613174438,-0.047596897929906845   0.14893634617328644  0.029430313035845757, 0.0038436974864453077     1.4017452001571655 -0.0032686034683138132,  0.25481638312339783  0.021763402968645096  0.061073396354913712  0.021763402968645096    0.2358640730381012 -0.019964531064033508  0.061073396354913712 -0.019964531064033508   0.17883715033531189,   -0.7826035231284223   -0.32598888807289228   -0.95067476902244152    0.43318897489008634    0.42788498808743469 -0.0031324112628183798 8.8443812273908406e-06,0.10959898680448532
IIWA_7,1715078613.7239704,-0.46743492533572856   1.0071276560924427 0.033534917254442548  -1.5199561287950616  -1.9627290892224085  -1.7953177842970629  -1.0034467612814759,  0.043509646920523254  -0.011463644336696461    0.36434709493724948   -0.27288750303100412  0.0049808088431348482  0.0012746108378367048 -0.0011380826043961038,  -14.445307548522949    55.712429866790771   -11.108570594787597   -8.1795632743835451   -1.2906296157836914    1.9481085472106934 -0.098456745147705083,  32.662998787152453   4.0339502414322217   21.492157775273277  -8.5564820047085668    0.886129140429607  0.99911111315467527 0.054322253614488086,  0.51456499099731445 -0.014714079909026623   0.22511591017246246,  -0.71070313453674316 -0.0014855584595352411 -0.0042207897640764713    0.70347785949707031,-0.054063878953456879   0.17043212056159973  0.033254116773605347,0.0042128982022404671    1.4020111560821533 -0.003549688495695591,   0.2547973096370697  0.021632740274071693  0.061118196696043015  0.021632740274071693   0.23604609072208405 -0.019739190116524696  0.061118196696043015 -0.019739190116524696   0.17867614328861237,  -0.77670513182059864   -0.32172511682482252   -0.94069514722949776    0.42897760802507179     0.4287426727289656  0.0025315585334695356 9.9909263084896338e-06,0.12525077164173126
IIWA_7,1715078613.7289703,-0.4670188929472599   1.007066955940886 0.03640951336605306 -1.5219803243551118 -1.9626809605465543 -1.7952388082574933  -1.003468752320968,  0.051449013075164876  -0.011598921531624399    0.40646152041422012   -0.29927782482681048  0.0059097941086775621  0.0041787302530547129 -0.0017901076631998934, -15.505920581817627   55.435514423370364  -11.759167652130127  -7.8740731811523439  -1.1524107551574707   1.9053883323669434 -0.08043415451049804,   32.097050756275713    3.9139906953971666    20.711466658897329   -8.1442415261611654    1.0071768807670187    1.3982917321157031 -0.029082186399708693,  0.51414680480957031 -0.013269852846860886   0.22538451850414276,  -0.70969992876052856 -0.0018925957847386599  -0.003361475421115756    0.70449358224868774,-0.060399245470762253   0.19393803179264069  0.037724476307630539, 0.0046462123282253742     1.4023096561431885 -0.0038589951582252979,  0.25476947426795959  0.021491065621376038  0.061170909553766251  0.021491065621376038   0.23624660074710846 -0.019485453143715858  0.061170909553766251 -0.019485453143715858   0.17850519716739655,  -0.77030837170788402   -0.31691495709385009   -0.92965017121482418     0.4242815840251879    0.42977187812898165  0.0088426505575611714 1.1256938492465451e-05,0.14224545657634735
IIWA_7,1715078613.7339709,-0.46660130263426769   1.0069886989769683 0.039423126479748022  -1.5240965587624351  -1.9626120273714833  -1.7951302911022535  -1.0035006903191164,  0.057862822979820344  -0.012409415782008408    0.44571374087917459   -0.32407163615438184  0.0074851622897800889  0.0076836704120333763 -0.0027096060564950814,   -17.35560820388794    55.809215847015381   -12.637781810760497   -8.5986217308044424   -1.4860728454589844    1.8369692382812499 -0.049729000091552733,  31.535013105837205    3.805385578435093   19.935913516170142  -7.7513206824905234    1.122384769260643   1.7952495351869617 -0.10711422876387364,  0.51371496915817261 -0.011720895767211914   0.22567468881607056,  -0.70864880084991455 -0.0023464048281311989 -0.0024569593369960785    0.70555323362350464,-0.06610463559627533  0.21689842641353607  0.04223010316491127,0.0051579331047832966    1.4026434421539307 -0.004217162262648344,  0.25473496317863464  0.021339861676096916   0.06122952327132225  0.021339861676096916   0.23645837604999542 -0.019210852682590485   0.06122952327132225 -0.019210852682590485   0.17832960188388824,  -0.76351830158127854   -0.31172789442113213   -0.91782897218006809    0.41924791438230358    0.43087646677797409   0.015500845700344712 1.2583193154114269e-05,0.15875852108001709
IIWA_7,1715078613.7389688,-0.46622997140043498   1.0069150559000111 0.042535549554632311  -1.5263383877172305  -1.9625156742011991   -1.794965807673804   -1.003543054586967,   0.06114350773716451  -0.012873255703895947    0.48106791569871127   -0.34893046711532189  0.0098422566431930567   0.012726273467608568 -0.0038622555592219654,  -17.986061325073241    56.787829647064207   -12.006553001403809   -9.3029216575622549   -1.1339228820800782    1.6944572715759276 -0.069754100799560542,  31.021620542581374   3.7102972192027104   19.193866528189943  -7.3832198090268077    1.224912796970568   2.1856314288931489 -0.18158780323041476,  0.51326745748519897 -0.010109997354447842   0.22598755359649658,  -0.70755302906036377 -0.0028172258753329515 -0.0015337534714490175    0.70665299892425537,-0.071375653147697449   0.23771412670612335  0.046805959194898605, 0.0057444795966148376     1.4030107259750366 -0.0046317726373672485,  0.25469857454299927  0.021179469302296638   0.06129121407866478  0.021179469302296638   0.23667630553245544 -0.018922237679362297   0.06129121407866478 -0.018922237679362297   0.17814949154853821,  -0.75638375054509766   -0.30632678311448558   -0.90545482437853764    0.41400666108337703     0.4319775677172899   0.022347795209931576 1.3940654852717671e-05,0.17380073666572571
IIWA_7,1715078613.7439692,-0.46589627066518913   1.0068708940521141 0.045798913939216833  -1.5287148595517557  -1.9623392662687842  -1.7946525999401366  -1.0035992006290899,  0.062262835599565872  -0.012065078478997453    0.51538890794234993   -0.37420324707326402    0.01493012261115095   0.022709328120782322 -0.0053356461322933892,  -15.882310504913329    57.004253852844236   -11.300492324829101   -9.8637204742431646   -1.6665497016906738     1.403092056274414 -0.061744060516357419, 30.586180771566411  3.5856930624149554  18.523671730481546  -7.018577319612036  1.3250451946290525  2.5506405531246625 -0.2629711048586692,   0.51279360055923462 -0.0084702083840966225    0.22629711031913757,   -0.70642143487930298  -0.0032517155632376671 -0.00060010928427800536     0.70778375864028931,-0.076709054410457611   0.25550049543380737   0.05039939284324646, 0.0064181573688983917     1.4033981561660767 -0.0051194312982261181,   0.2546708881855011  0.021006416529417038  0.061349853873252869  0.021006416529417038   0.23689694702625275 -0.018624821677803993  0.061349853873252869 -0.018624821677803993   0.17795784771442413,  -0.74880613825190068   -0.30083383828927168   -0.89261402275653268     0.4086186472287423    0.43296545195659064   0.029199176492689105 1.5293757371637184e-05,0.18676091730594635
IIWA_7,1715078613.7489705,-0.46551798854852727     1.00684500809223 0.049233053446038157  -1.5312338237752383  -1.9621196195494803  -1.7940898807001855  -1.0036860263960534, 0.064941553146126874 -0.010687501178560538   0.54967670662673296  -0.40012116659791658  0.020729966861075019  0.040676232094670015 -0.007741547584374924,  -13.349744022369384    57.208579811096193   -10.121670322418213    -10.35408929824829   -1.3364091110229492    1.3867382240295409 -0.023028865814208984,  30.204864967884273   3.4229259247771346   17.896532716538626  -6.6604764413692195   1.4141034282724321    2.874458993357921 -0.35162459061415352,   0.51231187582015991 -0.0067756152711808681    0.22658953070640564,  -0.70525258779525757 -0.0036315938923507929 0.00032273994293063879    0.70894676446914673,-0.081357009708881378   0.27191004157066345   0.05266445130109787, 0.0071643213741481304     1.4037954807281494 -0.0056680785492062569,  0.25465324521064758  0.020811282098293304  0.061407752335071564  0.020811282098293304    0.2371220588684082 -0.018311038613319397  0.061407752335071564 -0.018311038613319397   0.17775258421897888,  -0.74044234940284781   -0.29511883375477055   -0.87891071151435796    0.40296166900333219    0.43371431146344008   0.035945769662149019 1.6623473264587574e-05,0.19851964712142944
IIWA_7,1715078613.7539721,-0.46501471107774228   1.0068402743229663 0.052877456258505741  -1.5338905466184145  -1.9618160830560807  -1.7932079615749128  -1.0038511690135448,  0.072084341348301134 -0.0087393517133959233    0.58551747780008978    -0.4263658470053811   0.028725433224845921   0.067817750686643613  -0.012798942767153654,  -12.576800430297851     56.64130642700195   -10.279257431030274   -10.378739795684814   -1.7325778198242188    1.1524445457458496 0.0010012550354003907,  29.816138042237899   3.2147869753497949   17.287267360350207  -6.2999608323777601   1.5121927549041676   3.1489136821428478 -0.44397200385841562,  0.51182758808135986 -0.004976081196218729   0.22684940695762634,  -0.70407885313034058 -0.0039880666881799698  0.0012530020903795958    0.71010947227478027,-0.085280880331993103   0.28923428058624268  0.053255986422300339, 0.007992992177605629    1.4041965007781982 -0.006286298856139183,  0.25463998317718506  0.020591337233781815  0.061467461287975311  0.020591337233781815   0.23735602200031281 -0.017971007153391838  0.061467461287975311 -0.017971007153391838   0.17753562331199646, -0.73117374113884637  -0.28896873657746625  -0.86402770416960095   0.39683261804590586   0.43426939181134827  0.042616367079695294 1.793190307353143e-05,0.21052168309688568
IIWA_7,1715078613.7589703,-0.46440627195628759   1.0068271516286529 0.056690956495466661  -1.5366470382630379  -1.9614499409042805  -1.7919916825253523  -1.0041248287862758, 0.082005037936828742 -0.007516389143253404   0.62095399171850874  -0.45135234338924241  0.037626032651884633   0.10290536253173305 -0.021185545122966241,  -12.734077648162842    56.104950786590578   -10.400749168395995    -9.682363243103028   -1.3566577339172363    1.4034258079528807 -0.047726490020751952,   29.37186025587927    2.979877321002113   16.654897374305641  -5.9467978060213671    1.610647519133912   3.3789768292915507 -0.52887767325051516,   0.51135903596878052 -0.0030163978226482868    0.22707577049732208, -0.70290321111679077 -0.004357464611530304 0.0021764414850622416    0.7112688422203064,-0.08793359249830246  0.30950358510017395  0.05247902125120163, 0.0089153135195374489      1.404604434967041 -0.0069510391913354397,  0.25462663173675537  0.020341744646430016  0.061533182859420776  0.020341744646430016   0.23760189116001129 -0.017594443634152412  0.061533182859420776 -0.017594443634152412   0.17730905115604401,  -0.72081769357268399   -0.28217521497619913   -0.84760560820829056    0.39005614108056363    0.43462553130613202   0.049247537823760013 1.9230288472726897e-05,0.22405679523944855
IIWA_7,1715078613.7639711,-0.46371687944630385   1.0068089356272498 0.060634545393640368  -1.5394564402184341  -1.9609732564044429  -1.7903090974236349  -1.0045159339460352, 0.093179730748812306 -0.006741751370725111   0.65450674930175534  -0.47345795292723958  0.049168206115012533   0.14962769409408572 -0.032592642488747998,  -13.746297691345214    56.029672801971437   -11.298731575012207   -9.4173703956604005   -1.6498225784301757    1.2011722908020019 -0.028035140991210936, 28.913233535816776  2.7506706435269073  16.029800220492518 -5.6312987632988269  1.7032396087203001  3.5598949438438146 -0.5967466414986502,    0.51091492176055908 -0.00092822907026857138      0.2272743433713913,  -0.70175617933273315 -0.0047525083646178246  0.0030569923110306263    0.71239477396011353,-0.089228391647338867    0.3308759331703186  0.050825107842683792, 0.0098998108878731728      1.405026912689209 -0.0076342769898474216,  0.25461018085479736  0.020065926015377045  0.061605367809534073  0.020065926015377045   0.23785482347011566 -0.017185680568218231  0.061605367809534073 -0.017185680568218231   0.17708070576190948,  -0.70953355980218902   -0.27483996654353859   -0.82987416479518572     0.3827289432312142    0.43476654515828272   0.055690921927364911 2.0492340269129272e-05,0.23802569508552551
IIWA_7,1715078613.7689686,-0.46296966297828762   1.0067843679363664 0.064663282361034191  -1.5423094047192956  -1.9604190099962453  -1.7882030496304908  -1.0050265218374752,   0.10443244331969913 -0.0063761087319175657    0.68475487813715719   -0.49288494237625075   0.061504421219912724    0.20394406700103057  -0.046497629648597771,  -14.012459136962891    55.625053634643557   -11.172837963104248   -9.2879552841186523   -1.0766985130310058    1.1501082839965819 -0.032040161132812502,  28.495449463701817   2.5258911353715163   15.463963949981927  -5.3939156123120746   1.7707818406171931   3.6427358774883354 -0.64396965105810444,  0.51053136587142944 0.0012564621865749359   0.22742269933223724,  -0.70068639516830444 -0.0051326658576726913  0.0038242880254983902     0.7134406566619873,-0.087988287210464478   0.35188454389572144  0.047556530684232712,  0.010929455049335957     1.4054702520370483 -0.0083071226254105568,  0.25459247827529907  0.019757550209760666  0.061684839427471161  0.019757550209760666   0.23810836672782898 -0.016746288165450096  0.061684839427471161 -0.016746288165450096   0.17685651779174805,  -0.69714410156151985   -0.26702405095591075   -0.81080280416578887    0.37489145209423924    0.43447399313834012   0.061517185651283057 2.1641424652329988e-05,0.25125578045845032
IIWA_7,1715078613.7739697,-0.46216414335027628   1.0067488346690421 0.068805569685981199  -1.5452195340982304   -1.959751824204816  -1.7855712539069406  -1.0056640226544711,   0.11576673977621299 -0.0065222176785062862     0.7134953955076061   -0.51071312905839528   0.075890968633103212    0.26842708254283298  -0.062698136398713133,   -14.344488819122315     56.246097007751466    -9.8056157302856448    -10.461495037078857    -1.8258975601196288    0.96387484741210938 -0.0090112953186035159, 28.133735406911761    2.30216462975386  14.974949258543727 -5.2177675542922426  1.8256802487135946   3.645408356362978 -0.6745276013983833,  0.51019668579101562 0.0035088802687823772   0.22751852869987488,  -0.69970160722732544 -0.0054941615089774132  0.0044843028299510479    0.71439999341964722,-0.085177376866340637   0.37145635485649109  0.042891994118690491,   0.01196669414639473     1.4059258699417114 -0.0089505547657608986,  0.25457599759101868  0.019421402364969254    0.0617680624127388  0.019421402364969254    0.2383592426776886 -0.016282465308904648    0.0617680624127388 -0.016282465308904648   0.17663666605949402,  -0.68384357932771422   -0.25885155380311886    -0.7906694583779128    0.36665070446773029    0.43379037864532677   0.066721776951439438 2.2677192568210103e-05,0.26331225037574768
IIWA_7,1715078613.7789686,-0.46132159241702686   1.0067184547045003  0.07312851931429451  -1.5482553180203305  -1.9590011324371932  -1.7824699761774103  -1.0064793694679188,   0.12631542915094718 -0.0064329727244772129    0.74371430153861728   -0.53000186013071704   0.090740445611393328    0.33879277521547768  -0.082772381656880445, -13.806788928985595   57.071466339111325  -9.3002805328369131  -11.431668186187744  -1.2941511154174805  0.62812065887451174 0.016687583923339844, 28.133735406911761    2.30216462975386  14.974949258543727 -5.2177675542922426  1.8256802487135946   3.645408356362978 -0.6745276013983833,  0.51019668579101562 0.0035088802687823772   0.22751852869987488,  -0.69970160722732544 -0.0054941615089774132  0.0044843028299510479    0.71439999341964722,-0.085177376866340637   0.37145635485649109  0.042891994118690491,   0.01299060694873333     1.4063819646835327 -0.0095608485862612724,  0.25457599759101868  0.019421402364969254    0.0617680624127388  0.019421402364969254    0.2383592426776886 -0.016282465308904648    0.0617680624127388 -0.016282465308904648   0.17663666605949402,  -0.68384357932771422   -0.25885155380311886    -0.7906694583779128    0.36665070446773029    0.43379037864532677   0.066721776951439438 2.2677192568210103e-05,0.26331225037574768
IIWA_7,1715078613.7839689,-0.46042277555935163   1.0066947259715717 0.077633629174804611  -1.5514359313272563  -1.9581489101545928  -1.7788730908264929  -1.0074798724803076,   0.13700501762776707 -0.0060955274967238434    0.77517583565129788   -0.55122602038160862    0.10668124779313071    0.41490963420907817   -0.10623802582105406,   -13.42905475616455    57.356447280883792   -9.7677596092224128   -11.811990146636962   -1.4420541000366212    1.1314181900024414 -0.016687583923339844,  27.822852600786931   2.0775863435928774   14.551444429442943  -5.1059268969455252   1.8630491668535343    3.554665827136839 -0.68947004923501454,  0.50992661714553833 0.0058425338938832283   0.22755239903926849,  -0.69881802797317505 -0.0058187325485050678  0.0050078150816261768    0.71525830030441284,-0.080491885542869568   0.39043447375297546  0.036733075976371765, 0.013899754732847214    1.4068336486816406 -0.010068666189908981,  0.25456136465072632  0.019049853086471558   0.06185651570558548  0.019049853086471558   0.23860681056976318 -0.015789056196808815   0.06185651570558548 -0.015789056196808815   0.17642207443714142,  -0.66937290426061224   -0.25024891444935804   -0.76920412010395012     0.3579159763047457    0.43258944170343483   0.071137999368531268 2.3572216178990857e-05,0.274778813123703
IIWA_7,1715078613.7889695, -0.4594640975080746   1.0066783674368251 0.082226823075585917  -1.5547155342552013  -1.9571781880442969  -1.7747275676611127  -1.0086363501137932,    0.1479511361532948 -0.0055307633872420528    0.80386842455229057   -0.57216493342308428    0.12417388264634131    0.49774863398247032   -0.13124952599626671,  -14.154949607849121    57.381988025665287   -11.637675914764404   -10.570661525726319   -1.9782024192810059   0.89879327011108401 0.0020025100708007814,  27.528863359495617   1.8415330318332188   14.143597607936567   -5.006870915750536    1.906333861848549   3.4171530089526758 -0.69353916830931861,  0.50968736410140991 0.0082817748188972473   0.22752955555915833,  -0.69799375534057617 -0.0061292964965105057  0.0054234284907579422    0.71605712175369263,-0.075679093599319458   0.40989851951599121  0.029616078361868858,  0.01470007561147213    1.4072806835174561 -0.010466938838362694,  0.25455260276794434  0.018641548231244087  0.061946965754032135  0.018641548231244087   0.23885469138622284 -0.015262109227478504  0.061946965754032135 -0.015262109227478504   0.17620408535003662,  -0.65367089131829204   -0.24116534902951514    -0.7462506945596914    0.34862823210346505    0.43095759742683981   0.075026322202909057 2.4377893481641877e-05,0.2867264449596405
IIWA_7,1715078613.7939708,-0.45846545196234229   1.0066558970862871 0.086817500211585838  -1.5580307304461638  -1.9561170568315498  -1.7700780479492957  -1.0099534763601123,   0.15830673075192836 -0.0053234247313152299    0.82672182508182934   -0.59033979437696926    0.14178435462695668     0.5841796956586579   -0.15768467064978092, -13.103746322631835   57.150777072906493  -11.664087162017822  -10.010743083953857 -0.85660478591918943   1.4374684791564942 0.002670013427734375,  26.995824538567575   1.3107654092314154   13.432485858539689  -4.8526839650585494   2.0016587753870754     2.97451300506876 -0.67770854604637887, 0.50931620597839355 0.013481369242072105  0.22727812826633453,  -0.69657504558563232 -0.0066510234028100967  0.0059108571149408817    0.71742874383926392,-0.065213605761528015   0.44998151063919067  0.011843005195260048,  0.01533572468906641    1.4077305793762207 -0.010719515383243561, 0.25456249713897705 0.017709324136376381 0.062127482146024704 0.017709324136376381  0.23934273421764374 -0.01410725899040699 0.062127482146024704 -0.01410725899040699  0.17575691640377045,  -0.61846259716968888   -0.22156741991263829   -0.69586260302845204    0.32833083247840733    0.42625708351540226   0.080898582702104704 2.5665702452215555e-05,0.31188628077507019
IIWA_7,1715078613.7989712,-0.45738129913681325   1.0066333667400562 0.091485295920498991  -1.5613789431396694   -1.954908567470057  -1.7649042183492931  -1.0114454524179735,   0.17001149762270426 -0.0051599536342880996    0.84808928842198961    -0.6062003432417995    0.16176705816127573    0.67429694052702893   -0.18582677883426918,  -11.436876663208007    57.500282001495364   -9.8786868476867671   -8.6311956024169927   -1.6454207038879394    1.0012550354003906 -0.048727745056152343,  26.995824538567575   1.3107654092314154   13.432485858539689  -4.8526839650585494   2.0016587753870754     2.97451300506876 -0.67770854604637887, 0.50931620597839355 0.013481369242072105  0.22727812826633453,  -0.69657504558563232 -0.0066510234028100967  0.0059108571149408817    0.71742874383926392,-0.065213605761528015   0.44998151063919067  0.011843005195260048, 0.015875529497861862    1.4081815481185913 -0.010853198356926441, 0.25456249713897705 0.017709324136376381 0.062127482146024704 0.017709324136376381  0.23934273421764374 -0.01410725899040699 0.062127482146024704 -0.01410725899040699  0.17575691640377045,  -0.61846259716968888   -0.22156741991263829   -0.69586260302845204    0.32833083247840733    0.42625708351540226   0.080898582702104704 2.5665702452215555e-05,0.31188628077507019
IIWA_7,1715078613.8039694,-0.45617724404608445   1.0066020879309496 0.096322308827125405  -1.5647081607604272  -1.9535823453530745  -1.7592917062413713  -1.0131252213218596,   0.18417140172731522 -0.0053791152716937988    0.87195194700264833   -0.61812897942375056    0.18246253120832151    0.76393803673849503   -0.21585217922285946, -11.091404483795166   57.443823513031006  -8.4612832450866691   -10.49935115814209  -1.2378071212768555   1.3773931770324708 0.073759120941162104,  26.696304207939985  0.77607842256459802   13.072797728322689  -4.9008825912141756   2.0526042481750086   2.2456608498174466 -0.60987639329909737,0.50917011499404907 0.01890411414206028 0.22671602666378021,  -0.69564670324325562 -0.0069720009341835976  0.0058104195632040501    0.71832674741744995, -0.05089244619011879   0.48387068510055542 -0.010526426136493683, 0.016313077881932259    1.4086214303970337 -0.010857346467673779,  0.25460892915725708  0.016648124903440475  0.062300778925418854  0.016648124903440475   0.23978906869888306 -0.012857896275818348  0.062300778925418854 -0.012857896275818348   0.17532618343830109,  -0.57925421592486259   -0.20077939920337684   -0.64122719915538084    0.30641368557215998    0.41949735117263742   0.083277826281147327 2.6357574789415139e-05,0.33350801467895508
IIWA_7,1715078613.8089685,-0.45486077687972404   1.0065682923570618  0.10131823265314895  -1.5681819082238777  -1.9521184481740363  -1.7531833468565392  -1.0149652193050607,   0.19999580803626871 -0.0056551151728682107    0.89739851064306031   -0.63345308207702156     0.2045259121281838    0.85548480478408084   -0.24628166270633212,  -12.802634384155274     58.43319131088257   -11.007327480316162   -11.616546916961671   -1.5353738403320312   0.95920232391357418 -0.028368892669677733,  26.532001276896096  0.59764229809591363   12.867731131076384  -5.0108656423140001   2.0455865646451028   1.8534066224394348 -0.53728985645605887, 0.50920170545578003 0.021780176088213921  0.22638002038002014,  -0.69531142711639404 -0.0071767871268093586  0.0055460603907704353    0.71865135431289673,-0.042046323418617249   0.50237524509429932  -0.02046753466129303, 0.016584362834692001    1.4090416431427002 -0.010681049898266792,  0.25462695956230164  0.016071528196334839  0.062396332621574402  0.016071528196334839   0.24000132083892822 -0.012182942591607571  0.062396332621574402 -0.012182942591607571   0.17513050138950348,  -0.55821178600101717   -0.18968823559717407   -0.61195480654330225    0.29475468608008981    0.41555874940346627    0.08362521490745678 2.6574411116087049e-05,0.34567427635192871
IIWA_7,1715078613.813971,-0.45350062728559543   1.0065451029308721  0.10630456894925898  -1.5718152255776014   -1.950556759847943  -1.7467555478217796  -1.0169809060577581,   0.21440263019415948 -0.0054516691858837365    0.91737226035884967   -0.65209515981056698    0.22608826274628224    0.94149980521765075   -0.27765280027296479,   -13.320170528411865     58.050080139160158    -11.848965892791748    -12.213441104888917    -1.4570204734802246     1.5562840766906738 0.00066750335693359375,  26.532001276896096  0.59764229809591363   12.867731131076384  -5.0108656423140001   2.0455865646451028   1.8534066224394348 -0.53728985645605887, 0.50920170545578003 0.021780176088213921  0.22638002038002014,  -0.69531142711639404 -0.0071767871268093586  0.0055460603907704353    0.71865135431289673,-0.042046323418617249   0.50237524509429932  -0.02046753466129303, 0.016673283651471138    1.4094469547271729 -0.010326496325433254,  0.25462695956230164  0.016071528196334839  0.062396332621574402  0.016071528196334839   0.24000132083892822 -0.012182942591607571  0.062396332621574402 -0.012182942591607571   0.17513050138950348,  -0.55821178600101717   -0.18968823559717407   -0.61195480654330225    0.29475468608008981    0.41555874940346627    0.08362521490745678 2.6574411116087049e-05,0.34567427635192871
IIWA_7,1715078613.818996,-0.45210524407535835   1.0065107081636353  0.11131361546959596  -1.5755655688939172  -1.9488651626513662  -1.7399967445854683   -1.019158499587514,    0.2273374325648107 -0.0057371260381776801    0.93425966910055913   -0.67168986050108326    0.24853449806009556     1.0235519736265721   -0.30922598140860719,  -11.848217079162598    58.017818145751953   -10.042436580657959   -9.8822083473205566   -1.3645811080932617    1.1701333847045898 0.0070087852478027341,  26.336227713050327  0.40171437746830374   12.652682650887908  -5.0918479696883834   2.0544400596868297   1.4511405157833395 -0.46658672179647459, 0.50926017761230469 0.024797284975647926  0.22598862648010254,  -0.69504261016845703 -0.0073573580011725426   0.005194805096834898    0.71891212463378906,-0.034145783632993698   0.52283978462219238 -0.030569380149245262,  0.016556529328227043     1.4098445177078247 -0.0098211253061890602,  0.25465530157089233  0.015457568690180779   0.06248900294303894  0.015457568690180779   0.24020776152610779 -0.011470137163996696   0.06248900294303894 -0.011470137163996696   0.17493177950382233, -0.53597409682559771  -0.17807806475556021  -0.58113188008945826   0.28247653088442348   0.41122183813513402  0.083484064602679098 2.671648768881596e-05,0.35948312282562256
IIWA_7,1715078613.8239696,-0.45060038497870686   1.0064652879333476  0.11646137934080145  -1.5792904457838681  -1.9470332060763442  -1.7329342611497098  -1.0214725934636559,   0.24206430991790817 -0.0064065100420522061    0.95331829012866665   -0.68634696399890405    0.27210586144895638     1.1013409163315953    -0.3399445401725617, -10.834652786254884   58.094440380096437  -9.3821553993225102  -8.3714850044250486  -1.0987078857421875   1.8276241912841797 -0.22194486618041992,   26.070093261987971 -0.068196497532918871     12.43658069370063    -5.157804482517383    2.1192296970839464   0.65445604787113987  -0.34126776998766439, 0.50930464267730713 0.027861267328262329   0.2255292683839798,  -0.69483673572540283 -0.0074745938181877136  0.0047747124917805195     0.7191128134727478,-0.028572041541337967   0.54108250141143799 -0.041345082223415375,  0.016262250021100044     1.4102339744567871 -0.0092457123100757599,  0.25470817089080811  0.014821015298366547  0.062566168606281281  0.014821015298366547   0.24040168523788452 -0.010742520913481712  0.062566168606281281 -0.010742520913481712   0.17472033202648163,  -0.51308416210016361   -0.16634147108973707   -0.54964974358373553    0.26989126206622416    0.40656602972877209   0.082842292991713862 2.6778022466089624e-05,0.37210556864738464
IIWA_7,1715078613.8289678,-0.44898539080659911   1.0064150141605763  0.12171682151837486  -1.5829536637910877  -1.9450497688848833  -1.7256515075630392  -1.0239411640320641,   0.25825121481863667 -0.0071361589444907843    0.97287231920586992   -0.69560629148790654    0.29702217681760029     1.1723828765321014   -0.37069845487437786,  -12.49345694732666   58.095784629821779  -10.713282260894776  -7.6566205787658692  -1.0951863861083984   1.6026755599975586 -0.05106400680541992,   26.070093261987971 -0.068196497532918871     12.43658069370063    -5.157804482517383    2.1192296970839464   0.65445604787113987  -0.34126776998766439, 0.50935828685760498 0.030972015112638474  0.22502510249614716,  -0.69469320774078369 -0.0075408071279525757  0.0042564142495393753     0.7192540168762207,-0.023926768451929092   0.55753475427627563 -0.051742810755968094, 0.015878256410360336    1.4106012582778931 -0.008583560585975647,   0.25477838516235352   0.014161380939185619   0.062633156776428223   0.014161380939185619    0.24058179557323456 -0.0099982926622033119   0.062633156776428223 -0.0099982926622033119     0.1745048314332962,  -0.48952656839063025   -0.15445762325683177    -0.5174536556404874    0.25701256341292833    0.40155538716835082   0.081655833233718056 2.6751619586207198e-05,0.38367646932601929
IIWA_7,1715078613.8339689,-0.44734277298117076    1.006360545816197  0.12697753677195087  -1.5866498984099333  -1.9429190695377851  -1.7181564534351526  -1.0265497104428145,   0.27230568487204332 -0.0078876609307637104    0.98872646550773624   -0.70433441794414953     0.3228457153380081     1.2377084663411471   -0.40090062032951701,-12.289130989074707  59.479017597198485 -11.243267955780029 -9.9649635887145998 -1.3980353546142579  1.9154008827209472 0.17688838958740236,  25.938318798734716 -0.20608772421295482   12.298313218551883  -5.2477203688333125   2.1175322761674242  0.28236282363213872 -0.25570224786877882, 0.50946450233459473 0.034188080579042435  0.22452451288700104,  -0.69459015130996704 -0.0076543772593140602  0.0036359094083309174    0.71935576200485229,-0.018315894529223442   0.57489699125289917  -0.05987895280122757,  0.015500741079449654     1.4109429121017456 -0.0078510046005249023,   0.25484395027160645   0.013480599969625473   0.062704019248485565   0.013480599969625473    0.24075086414813995 -0.0092250052839517593   0.062704019248485565 -0.0092250052839517593    0.17430520057678223,  -0.46535192521357516   -0.14221681841508627   -0.48424266072544242    0.24380839922510944    0.39634108140962354   0.080198100843809073 2.6690839760590279e-05,0.39581248164176941
IIWA_7,1715078613.8389683,-0.44562357599865116   1.0063404123524444  0.13226923118341746  -1.5905206831891046  -1.9406638301275159  -1.7105058441106054  -1.0292689909042039,   0.28661242719841862 -0.0071154672947159742     1.0026489488648529   -0.71829892552216934    0.34848614868117783     1.2961911460548055   -0.42949171471918812,   -10.61554008102417    60.104093719482421   -10.142799320220947    -11.64207778930664   -1.4667045974731445    1.9647961311340332 -0.052399013519287108,   25.799165151015043  -0.24946225384936127    12.117140341894057   -5.3956450159143259    2.0803997195080099 -0.052925799750517477  -0.14372779142563341,  0.5096239447593689 0.037492956966161728    0.224040687084198,  -0.69451230764389038 -0.0078322263434529305  0.0029069380834698677     0.7194322943687439,-0.011887119151651859   0.59232205152511597 -0.065685354173183441,  0.015094850212335587      1.411264181137085 -0.0070791388861835003,   0.25490444898605347   0.012784221209585667    0.06277824193239212   0.012784221209585667    0.24090680480003357 -0.0084282374009490013    0.06277824193239212 -0.0084282374009490013    0.17412349581718445,  -0.44075518986730344   -0.12971408434747644   -0.45026093502098519    0.23039286674375603    0.39098037332152558   0.078542961601257844 2.6608377723391641e-05,0.4078947901725769
IIWA_7,1715078613.8439715,-0.44379346508749656   1.0063431686636657  0.13768496232691557  -1.5945596066615946  -1.9382864475147372  -1.7028568527062744  -1.0320683261277237,   0.30249437820491859 -0.0055821213869222345     1.0187484048318067   -0.73619607931733622    0.37388422345608807     1.3429125730170826   -0.45556678071614365, -10.381640628814697   58.894268966674808  -9.7281427383422852  -10.345285549163819  -1.2518931198120118   1.4194458885192871 -0.38047691345214846,   25.718337028678206  -0.27616540713928078    11.988156996041674   -5.5526081556469835    2.0322209041941073  -0.37871584713711171 -0.028294298027165432,0.50980383157730103 0.04082111269235611 0.22354109585285187,   -0.6944737434387207 -0.0079811885952949524  0.0020766768138855696    0.71947073936462402,-0.0060637365095317364    0.60716289281845093  -0.070958837866783142,  0.014590741135179996     1.4115614891052246 -0.0063210786320269108,   0.25497725605964661   0.012073066085577011    0.06284419447183609   0.012073066085577011    0.24104568362236023 -0.0076213362626731396    0.06284419447183609 -0.0076213362626731396    0.17394538223743439,  -0.41577226133249212   -0.11717914705577925   -0.41586349721445259    0.21685547495842172    0.38534925705491219   0.076460887964202584 2.6458031321396902e-05,0.41825693845748901
IIWA_7,1715078613.8489709,-0.44185669448775872   1.0063229153176101  0.14318410362803108  -1.5986249554007075  -1.9357724448914357  -1.6951937197716793  -1.0349612581230403,   0.31946632655344875 -0.0052758309517617358     1.0349643759100657   -0.75157081301838524    0.39966748369692973     1.3808553757974695   -0.48017070438557874,  -11.05645399093628   57.837688682556156   -11.30401382446289  -7.8027628135681155  -1.1823435020446778   2.5061413536071777 -0.11047180557250977,  25.610023295617307 -0.36890063947844987   11.873115313843186  -5.6036118122374026   2.0254885192966912 -0.66062934277078922 0.062332813165141721, 0.50994020700454712 0.044228248298168182  0.22300556302070618, -0.69442987442016602 -0.008077697828412056 0.0012574305292218924   0.71951395273208618,-0.0033647569362074137    0.62214922904968262  -0.076596535742282867,  0.013997775502502918      1.411827564239502 -0.0055978433229029179,   0.25507655739784241   0.011346240527927876   0.062891066074371338   0.011346240527927876    0.24117183685302734 -0.0067976224236190319   0.062891066074371338 -0.0067976224236190319    0.17375029623508453,  -0.39034952459005012   -0.10449840355963858   -0.38082915461323807    0.20303530652210355    0.37959404939780228   0.074302439036166845 2.6299518118833021e-05,0.42881157994270325
IIWA_7,1715078613.853972,-0.4398618602744655  1.0062912769706776 0.14867569496205174 -1.6026086914531663 -1.9330947855367013 -1.6875062590198899 -1.0379153095852665,   0.33536642977448772 -0.0054861986387109386     1.0476351540888791   -0.76060609251306144    0.42684036114692009     1.4121827307095511   -0.50229862199750941,-11.178780715942382  57.418282768249512 -10.682469139099121  -6.137973861694336 -0.8971020317077637  2.1503620643615724 0.14851949691772462,  25.412382296065928 -0.46349069846528412   11.665955045981789  -5.5479841778830288   2.0481689562105148 -0.83060457338506266  0.13403939426470535, 0.51001471281051636 0.047762352973222733  0.22249123454093933,  -0.69431078433990479 -0.0081872874870896339 0.00050416734302416444    0.71962851285934448,-0.0039548696950078011    0.63917076587677002  -0.080206006765365601,  0.013380017131567001     1.4120696783065796 -0.0048844246193766594,   0.25519394874572754   0.010609776712954044   0.062922805547714233   0.010609776712954044    0.24128757417201996 -0.0059510394930839539   0.062922805547714233 -0.0059510394930839539     0.1735428124666214,  -0.36468032682979157  -0.091580886282471852   -0.34509891547518379     0.1889321345460715     0.3739508116309409   0.072552939472281253 2.6214241444222353e-05,0.44060641527175903
IIWA_7,1715078613.8589957,-0.43778583301712032    1.006241961929081  0.15422271326254333  -1.6065903902700558  -1.9302425400242254  -1.6799331875836085  -1.0409104070463424,   0.35133423411339743 -0.0063615605748309012     1.0599888552907668   -0.76775282668602829    0.45556210941657538     1.4326690420188963   -0.52164279604104591,  -10.182691669464111    58.133423622131346   -9.9315093421936034   -8.8988295745849602   -1.5283308410644532    2.3733081855773928 -0.008677543640136719,  25.187617656949904 -0.47877911963227315   11.398702550044117  -5.5039150058143287   2.0508279348693641 -0.92795897828906448  0.21664261026108711, 0.51008063554763794 0.051383834332227707  0.22202560305595398,    -0.6941562294960022   -0.008349122479557991 -0.00026379624614492059     0.71977591514587402,-0.0049922028556466103    0.65624058246612549  -0.081119373440742493,   0.01287419255822897     1.4122906923294067 -0.0041843419894576073,  0.25531449913978577 0.0098688863217830658  0.062949120998382568 0.0098688863217830658   0.24138845503330231 -0.005088078323751688  0.062949120998382568 -0.005088078323751688   0.17334380745887756,  -0.33895000633332728  -0.078534620902459551   -0.30894456582952756    0.17471382550837689    0.36837254347066306   0.070992170449812875 2.6165708710834679e-05,0.45221409201622009
IIWA_7,1715078613.8639717,-0.43560931799175923   1.0062127803512368  0.15984714978716413  -1.6107450214361376  -1.9272870383897405  -1.6723951101079126  -1.0439378620390856,   0.36812798830516164 -0.0062565115736307473     1.0729685452174456   -0.78038750799209611    0.48266975291265557     1.4476583326429533   -0.53841243654256277, -10.678719818115235   59.617475318908689  -11.592776794433593  -11.141144466400146  -1.0458853912353516   2.0786054534912108 -0.22127736282348634,  25.024179561059398 -0.41712747918888871    11.15659807092525   -5.533496460014776   2.0049114389998972   -1.007230541871559   0.3142854910002788, 0.51017904281616211 0.055019930005073547  0.22159753739833832,  -0.69400203227996826 -0.0085238171741366386 -0.0011038042139261961    0.71992170810699463,-0.0046404814347624779    0.67043858766555786  -0.080359846353530884,  0.012538477778434753     1.4124820232391357 -0.0035655999090522528,  0.25543636083602905 0.0091268932446837425  0.062972083687782288 0.0091268932446837425   0.24146965146064758 -0.004221511073410511  0.062972083687782288 -0.004221511073410511   0.17316123843193054,  -0.31327581827333972  -0.065560267128894623    -0.2727469677612504    0.16058154012910109    0.36271605799864659   0.069286482962560569 2.6092233262886566e-05,0.46173876523971558
IIWA_7,1715078613.8689759,-0.43337773553775305   1.0062129601201499  0.16546565393765739  -1.6150897823350301  -1.9241966423517642  -1.6650064160173936  -1.0469879670421967,   0.38376568880437634 -0.0049980185023810421     1.0831150021936866   -0.79810044234937549     0.5097516438491736     1.4536744297351232   -0.55273414935849385, -11.783693092346191   58.621386272430421   -11.70018253326416   -10.00370008468628  -1.3874708557128905   2.0131901245117185 -0.28035140991210938,  24.847339946675639 -0.28777239923028791   10.856836403049231  -5.5605499986577813   1.9331199761336129 -0.99994115423111918  0.41506273187946796, 0.5102686882019043  0.0587148517370224 0.22124290466308594,  -0.69377666711807251 -0.0087320646271109581 -0.0019471494015306234     0.7201346755027771,-0.004865619819611311   0.68410450220108032  -0.07680385559797287,  0.012259370647370815     1.4126356840133667 -0.0030293955933302641,  0.25556206703186035 0.0083866510540246964  0.062989108264446259 0.0083866510540246964   0.24153359234333038 -0.003347417339682579  0.062989108264446259 -0.003347417339682579   0.17298835515975952,  -0.28773724713904159  -0.052597909284912703   -0.23643538587414525    0.14648398524297335    0.35715267976943466   0.067859351259969003 2.6060235747138449e-05,0.4707024097442627
IIWA_7,1715078613.8739955,-0.43110265020672556   1.0061961821609673  0.17109967777402554  -1.6194649233075473  -1.9209671334494942  -1.6577369650030322    -1.05004825876857,   0.39801596428460084 -0.0046695331692106568     1.0918529552096756   -0.81348599278018974    0.53698167117014006     1.4537175843625538   -0.56459898854172885,  -10.47304961013794   57.939851661682127  -10.537207279205322  -6.4064882087707522  -1.1154350090026854   2.6322994880676269 0.015686328887939454,   24.08293483338619 -0.17093981604754122   9.8350718844207137  -5.0288172997717169   1.9259932460562621 -0.59380440059278916  0.56207386817364036, 0.51008641719818115 0.070241831243038177  0.22032365202903748,  -0.69266968965530396 -0.0091905528679490089 -0.0039764046669006348    0.72118544578552246,-0.022004880011081696   0.72536081075668335 -0.064536474645137787,  0.011940775439143181     1.4127579927444458 -0.0025453316047787666,    0.25607818365097046   0.0061638448387384415    0.062916912138462067   0.0061638448387384415     0.24162726104259491 -0.00066278449958190322    0.062916912138462067 -0.00066278449958190322     0.17239455878734589,  -0.21138596773617735  -0.013563021629359184    -0.1259149220098621    0.10358247169506285    0.34121803786568705   0.065688190995061291 2.6268410557861444e-05,0.49808600544929504
IIWA_7,1715078613.8789697,-0.42873264994398375   1.0061707756212122  0.17682729838219041  -1.6237118329764251  -1.9176057979089587  -1.6504936993816046   -1.053098543540594,  0.41321278193735317 -0.004751888125573929    1.1025871884943352  -0.82066518097926189   0.56403875855753305    1.4527046923471483   -0.5736905817143414, -10.344001636505126   57.348381782531739  -10.685110263824463  -6.1300504875183108 -0.27819847106933593   1.9908287620544434 0.059741550445556638,   24.08293483338619 -0.17093981604754122   9.8350718844207137  -5.0288172997717169   1.9259932460562621 -0.59380440059278916  0.56207386817364036, 0.51008641719818115 0.070241831243038177  0.22032365202903748,  -0.69266968965530396 -0.0091905528679490089 -0.0039764046669006348    0.72118544578552246,-0.022004880011081696   0.72536081075668335 -0.064536474645137787,  0.011674339883029461     1.4128519296646118 -0.0021567088551819324,    0.25607818365097046   0.0061638448387384415    0.062916912138462067   0.0061638448387384415     0.24162726104259491 -0.00066278449958190322    0.062916912138462067 -0.00066278449958190322     0.17239455878734589,  -0.21138596773617735  -0.013563021629359184    -0.1259149220098621    0.10358247169506285    0.34121803786568705   0.065688190995061291 2.6268410557861444e-05,0.49808600544929504
IIWA_7,1715078613.88397,-0.42630746226121086   1.0061439909258465  0.18259974002729418  -1.6279801943780561  -1.9140653702941519  -1.6434276206766705  -1.0561256988821215,   0.42757773286079814 -0.0048728983150853784     1.1129674165996188   -0.82726660084864978    0.59284811143829741     1.4448069020750844   -0.58003867903257444, -10.823898788452148   58.192570610046388  -11.729234905242921     -9.5142116355896  -1.8382228088378907   2.1330069770812989 -0.18756844329833985,  24.087314877498205 -0.18213013798716843   9.8444678889208745  -5.0329430283799503   1.9255966492228203 -0.60249730786741917  0.56207386817364036, 0.51008641719818115 0.070241831243038177  0.22032365202903748,  -0.69266968965530396 -0.0091905528679490089 -0.0039764046669006348    0.72118544578552246,-0.022004880011081696   0.72536081075668335 -0.064536474645137787,  0.011587878689169884     1.4129352569580078 -0.0018109629163518548,    0.25607818365097046   0.0061638448387384415    0.062916912138462067   0.0061638448387384415     0.24162726104259491 -0.00066278449958190322    0.062916912138462067 -0.00066278449958190322     0.17239455878734589,  -0.21138596773617735  -0.013563021629359184    -0.1259149220098621    0.10358247169506285    0.34121803786568705   0.065688190995061291 2.6268410557861444e-05,0.49808600544929504
IIWA_7,1715078613.8889694,-0.42382948404088516   1.0061556754688563  0.18835294694412713  -1.6324299970453151  -1.9104491065525497  -1.6363592049758677  -1.0591118082247988,    0.4411813151016663 -0.0034309369316756796     1.1205022099530133   -0.83980538736928101    0.61892903881472505     1.4385821496921773   -0.58347531693315124,  -9.0709971466064445    59.337871376037597   -10.989719982147216   -11.279363327026367  -0.88653753280639647     2.030545211791992 -0.094451725006103521,   23.60398698593669  0.11658688924895921   9.0163208732618543  -4.7790160825492807   1.8071452819760179 -0.14474646201554631  0.66597973410467026,0.50989234447479248 0.07816469669342041  0.2200169563293457,  -0.69164353609085083 -0.0095544997602701187 -0.0052369860932230949      0.722156822681427, -0.03121405653655529   0.74899685382843018 -0.048967029899358749,  0.011911016888916492     1.4129329919815063 -0.0012535168789327145,  0.25644969940185547 0.0046975770965218544   0.06282680481672287 0.0046975770965218544   0.24159297347068787 0.0011597633128985763   0.06282680481672287 0.0011597633128985763   0.17204958200454712,  -0.16121457404505435   0.012285052757299297   -0.05157425638557811   0.075270292641427261    0.33106025248752502   0.065443280755417277 2.6543034437054303e-05,0.5136185884475708
IIWA_7,1715078613.8939703,-0.42122902712213467   1.0061695772345145  0.19418243347591846   -1.637035534678148  -1.9066920039905564  -1.6293562230868024  -1.0620679569182871,   0.45696332883135282 -0.0021886789190130899     1.1295812292340637   -0.85606581520874048    0.64542733353151416     1.4309849953163556   -0.58502620128605587,  -8.053400104522705    58.02857214355469  -9.3874376487731936  -8.7790985870361329  -1.1937883758544923    1.884695728302002 0.032040161132812502,   23.60642336797742  0.10756219299887126   9.0231740570283367  -4.7787961335787674   1.8086764356217926 -0.14990508750865006  0.66597973410467026,0.50989234447479248 0.07816469669342041  0.2200169563293457,  -0.69164353609085083 -0.0095544997602701187 -0.0052369860932230949      0.722156822681427, -0.03121405653655529   0.74899685382843018 -0.048967029899358749,  0.011910483241081238     1.4128698110580444 -0.0012534607667475939,  0.25644969940185547 0.0046975770965218544   0.06282680481672287 0.0046975770965218544   0.24159297347068787 0.0011597633128985763   0.06282680481672287 0.0011597633128985763   0.17204958200454712,  -0.16121457404505435   0.012285052757299297   -0.05157425638557811   0.075270292641427261    0.33106025248752502   0.065443280755417277 2.6543034437054303e-05,0.5136185884475708
IIWA_7,1715078613.8989699,-0.41849614443721983   1.0061469868925905  0.20012253439421193  -1.6415605982334978  -1.9028034585882003  -1.6223589338072586  -1.0649704763344343,  0.47488597046167585 -0.002654556812169597    1.1412690201189899  -0.86585519438098291   0.67188368291945366    1.4246795674348363   -0.5841217376747313,  -8.9500146713256843    56.441013217926027   -10.996762981414795   -5.5023431777954102   -1.0643732643127441    1.9280834465026855 -0.055736530303955076,   23.34801326338815  0.11455941054248953   8.6649943182335214  -4.5034288382329803   1.8152314096082303 0.090780884102914516  0.67015898241053828, 0.50969105958938599 0.082191228866577148  0.21987619996070862,  -0.69106239080429077 -0.0096321552991867065 -0.0057325772941112518    0.72270822525024414,-0.038842871785163879   0.75977689027786255 -0.043104179203510284,   0.012295879423618317      1.4128665924072266 -0.00096380629111081362,  0.25667262077331543 0.0039673196151852608  0.062747813761234283 0.0039673196151852608   0.24154669046401978 0.0020801469217985868  0.062747813761234283 0.0020801469217985868   0.17186073958873749,  -0.13625031830244438   0.025144552668443509  -0.014124562158990273   0.061044772526663849    0.32608310980553057   0.065612277723836598 2.6703123268134732e-05,0.52099627256393433
IIWA_7,1715078613.904001,-0.41569375336034586   1.0061240371219238  0.20606617058598839  -1.6459615052835961  -1.8987748416121928   -1.615260078146221  -1.0678275754112105,    0.4920044194442994 -0.0030416362764055563     1.1507606637662504    -0.8687204375087193    0.69865162537586445     1.4236978803893743   -0.58158135321083404,  -9.9944967079162605    57.267726799011228   -11.550518798828126   -7.4646988487243648  -0.39704908370971681    1.9504448089599609 -0.026032630920410155, 22.653453276545577 0.16164011005905821  7.7623427054965779 -3.8603085642288257  1.8434148245432729 0.68761488198419896 0.64813245634488759, 0.50913810729980469 0.090548478066921234  0.21974913775920868,   -0.6897243857383728 -0.0097750378772616386 -0.0064725512638688087    0.72397708892822266,-0.055905364453792572   0.78633719682693481 -0.028752902522683144,   0.01229513343423605     1.4127808809280396 -0.0009637478506192565,  0.25715547800064087 0.0025087159592658281  0.062545843422412872 0.0025087159592658281   0.24139198660850525 0.0039694779552519321  0.062545843422412872 0.0039694779552519321   0.17149354517459869, -0.086375145013306565    0.05113042724325112   0.062297339467498603   0.032312039235371515    0.31658920567068094   0.067030726463634949 2.7151977555206486e-05,0.53946846723556519
IIWA_7,1715078613.9089725,-0.41284072886379153   1.0061460281614159  0.21201424111397876  -1.6504625404548012  -1.8945888955959553  -1.6081529534424368   -1.070624094327816,  0.50772451541761288 -0.001553667441441435    1.1585313521326153  -0.87501775685518135   0.72635914095018961     1.423243292462866  -0.57712583923288663, -9.1449308815002439   59.368789119720461  -11.118254718780518  -10.553934402465821  -1.9051313018798828   1.8109366073608399 0.023696369171142578, 22.653453276545577 0.16164011005905821  7.7623427054965779 -3.8603085642288257  1.8434148245432729 0.68761488198419896 0.64813245634488759, 0.50913810729980469 0.090548478066921234  0.21974913775920868,   -0.6897243857383728 -0.0097750378772616386 -0.0064725512638688087    0.72397708892822266,-0.055905364453792572   0.78633719682693481 -0.028752902522683144,   0.012724036350846291      1.4126543998718262 -0.00083650887245312333,  0.25715547800064087 0.0025087159592658281  0.062545843422412872 0.0025087159592658281   0.24139198660850525 0.0039694779552519321  0.062545843422412872 0.0039694779552519321   0.17149354517459869, -0.086375145013306565    0.05113042724325112   0.062297339467498603   0.032312039235371515    0.31658920567068094   0.067030726463634949 2.7151977555206486e-05,0.53946846723556519
IIWA_7,1715078613.9139879,-0.40989854171348827   1.0061816813110434   0.2180346962274525   -1.655135369475111  -1.8903345916651686  -1.6009635569720397  -1.0733699199381315,  0.52386709834622058 0.0001831920319469093    1.1676432862450419   -0.8869273662965349    0.7512594699916213    1.4261704927861756   -0.5715336957989271, -9.8466292381286618   59.757277290344241  -11.271439952850342  -9.7281427383422852 -0.80202154159545902   1.9971700439453124  0.11013805389404296, 22.105774929213794 0.24862294760729919  6.9785272382075201 -3.4102010776458429   1.784223245211719  1.1546265762688517 0.62938809900002857, 0.50862187147140503 0.099065825343132019  0.21973998844623566,  -0.68839007616043091 -0.0098033556714653969 -0.0071929320693016052    0.72523874044418335, -0.06629268079996109   0.80861365795135498 -0.015721952542662621,    0.01334664598107338      1.4124854803085327 -0.00074965262319892645,  0.25765955448150635 0.0010477218311280012   0.06230868399143219 0.0010477218311280012   0.24114614725112915 0.0058909803628921509   0.06230868399143219 0.0058909803628921509    0.1711878776550293, -0.036317870485191861   0.077009999756683101    0.14016777545577952  0.0037319142851544029    0.30693254559110983   0.068214694370460904 2.7506659172615855e-05,0.55512499809265137
IIWA_7,1715078613.9189727,-0.40691596775337691   1.0061994178923175  0.22408409326324744  -1.6598081386088108   -1.885937148046438  -1.5935936181896626  -1.0760570827415425,   0.53839663708143126 0.00085601687652274178      1.176090510427831   -0.89645265838522192    0.77690532074252205     1.4357339455240257   -0.56471346877558493,  -10.155806674957276    58.168374114990236   -11.516184177398681    -6.940875778198242  -0.95080490112304683    1.8706781578063965 -0.027701389312744139, 21.772016898156757 0.14966306904182902  6.6066463839897933 -3.0214089264184048  1.8378028568995921  1.3838503212016091 0.57199569453059107,0.50824940204620361 0.10343343019485474 0.21972604095935822,  -0.68769574165344238 -0.0096983388066291809 -0.0073928330093622208    0.72589659690856934,-0.074799574911594391   0.82064050436019897  -0.01146202627569437,   0.013971485197544098      1.4122732877731323 -0.00074200896779075265,  0.25765955448150635 0.0010477218311280012   0.06230868399143219 0.0010477218311280012   0.24114614725112915 0.0058909803628921509   0.06230868399143219 0.0058909803628921509    0.1711878776550293, -0.036317870485191861   0.077009999756683101    0.14016777545577952  0.0037319142851544029    0.30693254559110983   0.068214694370460904 2.7506659172615855e-05,0.56377404928207397
IIWA_7,1715078613.9239533,-0.40388150199119455   1.0061924671185714  0.23016375049036419  -1.6643329026220275  -1.8813943598653196  -1.5860717194798004  -1.0786939118855723,   0.55209594015243946 0.00040678255137306185     1.1840586974269351   -0.89815268723684416    0.80323578383875438     1.4494631048137083   -0.55724394078165762, -8.0117283630371094   56.992155605316164  -10.488786659240722  -7.5712242126464844 -0.63122880935668946   1.6133556137084961 -0.20258726882934569,  21.499222258204217 0.054540534615042935   6.2899855618871809  -2.6864696350508068   1.8688725676003892   1.5543781793273346  0.51208495222706529,0.50788271427154541 0.10782642662525177 0.21971666812896729,  -0.68704289197921753  -0.009513169527053833 -0.0076015852391719818    0.72651481628417969, -0.081536822021007538    0.83119142055511475 -0.0079095494002103806,   0.014519310556352139      1.4120190143585205 -0.00075462437234818935,   0.25795084238052368 0.00031481651240028441   0.062151938676834106 0.00031481651240028441    0.24098894000053406  0.0068742185831069946   0.062151938676834106  0.0068742185831069946    0.17102143168449402, -0.011133626460768653   0.090047434477824595    0.18001693549418718  -0.010787678274226664    0.30216692139983792   0.068997157252503882 2.7694492921170877e-05,0.57148277759552002
IIWA_7,1715078613.9289701,-0.40072108214371421   1.0061975004299679  0.23634940810793928  -1.6688803167546953  -1.8767266481721931  -1.5783378796574654  -1.0812865191860119,  0.56809354602116491 0.0005267584969609624    1.1946732626445515  -0.90041871509618709   0.82929709479605984    1.4689240767443665  -0.54949944464291178, -7.0317703132629399   58.547452537536621  -11.031097602844238  -10.043316955566405 -0.81698791503906254   1.5502765464782715 -0.10446427536010743,  21.499222258204217 0.054540534615042935   6.2899855618871809  -2.6864696350508068   1.8688725676003892   1.5543781793273346  0.51208495222706529,0.50788271427154541 0.10782642662525177 0.21971666812896729,  -0.68704289197921753  -0.009513169527053833 -0.0076015852391719818    0.72651481628417969, -0.081536822021007538    0.83119142055511475 -0.0079095494002103806,   0.015203838236629963      1.4117209911346436 -0.00076612731209024787,    0.25825211405754089 -0.00042383410618640482     0.06198270246386528 -0.00042383410618640482     0.24080711603164673   0.0078667923808097839     0.06198270246386528   0.0078667923808097839     0.17086714506149292,  0.014317179418910086    0.10307851350432884    0.22043642664737462  -0.025364436371688726    0.29720522055409759   0.069449022341849798 2.7821347892142967e-05,0.57161897420883179
IIWA_7,1715078613.9339471,-0.39743374937067821   1.0062330935839023  0.24256292914344091  -1.6735654296204465   -1.871943791872325  -1.5703529704043233  -1.0838522219087829,  0.58596814773837202 0.0018451329549456178    1.2042794515357065  -0.90773948670699933   0.85475192783157539    1.4945356315211773  -0.54222766462517002,-8.1958905754089351  59.159086162567142 -11.978381004333496  -10.50551378250122 -1.8021274375915528  1.7702189025878907  0.1178143424987793,  21.304431286174196 0.030887740181240408   6.0087092183233839   -2.481411178090716   1.8431964329202024   1.6734989598271284  0.47262760784901214,0.50757116079330444 0.11223112046718597 0.21973828971385956,  -0.68643754720687866 -0.0093021485954523087 -0.0078722834587097168    0.72708666324615479, -0.084827527403831482    0.84004884958267212 -0.0038757207803428173,   0.016130620613694191      1.4113743305206299 -0.00077465188223868608,   0.25854852795600891 -0.0011655369307845831   0.061811767518520355 -0.0011655369307845831    0.24060097336769104  0.0088645815849304199   0.061811767518520355  0.0088645815849304199    0.17074218392372131,  0.039958434471465409    0.11604526566255657     0.2612966781088133  -0.039848119928187486    0.29205926108488711   0.069549885844288895 2.7887236520030001e-05,0.57801085710525513
IIWA_7,1715078613.9389718,-0.39407487075194753   1.0062589795437864  0.24876093060215071  -1.6782834392155213  -1.8670481880009098  -1.5621467124958741  -1.0863974915165855,  0.6031296629399252  0.00251154475931907   1.2113436195769571 -0.91491197316858885  0.87962569712186789   1.5238788215549099 -0.53559291601223791,   -7.98215486907959   57.611854728698731  -11.561083297729493  -7.8881591796874995 -0.43666595458984375   1.7915790100097657  0.16387207412719726,  20.757932388568964 -0.21283088735011929   5.4552376662935398  -1.8812294928964288   1.9125034084722257   1.8275623597119681  0.34420174198165077, 0.5068477988243103 0.12133166939020157 0.21973049640655518,  -0.68533170223236084 -0.0086996173486113548  -0.008241564966738224    0.72813242673873901,   -0.09422263503074646     0.86335784196853638 -0.00016753346426412463,  0.017073929309844971     1.4109818935394287 -0.0007874873117543757,   0.25919672846794128 -0.0026710906531661749    0.06140807643532753 -0.0026710906531661749    0.24010926485061646   0.010927537456154823    0.06140807643532753   0.010927537456154823    0.17050574719905853,  0.092332724186405812    0.14241256977332029     0.3461393512349531  -0.069372301128467484    0.28156698097259181   0.069401734809737547 2.7979756289653324e-05,0.59492993354797363
IIWA_7,1715078613.9439709,-0.39062431271468656   1.0062510699297824  0.25502125002355069  -1.6828648285819066  -1.8619923791357236  -1.5536000426248726   -1.088890270128968,  0.62052605184237875 0.0016928512472957789    1.2194876725175652  -0.91518515319028326   0.90593291230494222    1.5609698520839881  -0.52818547730509069, -7.8275661506652829     56.5848479385376  -10.897280616760254   -6.829068164825439  -1.0317993927001954   1.7945827751159669 -0.34309672546386721,  20.757932388568964 -0.21283088735011929   5.4552376662935398  -1.8812294928964288   1.9125034084722257   1.8275623597119681  0.34420174198165077, 0.5068477988243103 0.12133166939020157 0.21973049640655518,  -0.68533170223236084 -0.0086996173486113548  -0.008241564966738224    0.72813242673873901,   -0.09422263503074646     0.86335784196853638 -0.00016753346426412463,   0.017900608479976654       1.410541296005249 -0.00083456741413101554,   0.25919672846794128 -0.0026710906531661749    0.06140807643532753 -0.0026710906531661749    0.24010926485061646   0.010927537456154823    0.06140807643532753   0.010927537456154823    0.17050574719905853,  0.092332724186405812    0.14241256977332029     0.3461393512349531  -0.069372301128467484    0.28156698097259181   0.069401734809737547 2.7979756289653324e-05,0.59492993354797363
IIWA_7,1715078613.948992,-0.38710298801215881   1.0062478341984324   0.2613552125219078  -1.6873559767901485  -1.8568019633227735  -1.5448236351735143  -1.0913754388876458, 0.63727382957501311 0.001224851743837787   1.2289486379483363 -0.91179405088190357  0.93236296236195781   1.5998321797215236 -0.52195513219118328, -9.1341768836975099   57.528511245727536  -11.253832454681396  -10.178894691467285  -1.4640634727478028   1.0653353576660156 -0.27367637634277342,  20.290068731117373 -0.56927082004220553   5.1267469172778242  -1.2998043315231511   2.0085784121548453   1.7762673601081946  0.19454735821915259,0.50609076023101807 0.13062302768230438  0.2196209728717804,  -0.68451917171478271 -0.0077917994931340218 -0.0085778646171092987    0.72890275716781616,  -0.10178326070308685    0.88464325666427612 -0.0014692357508465648,   0.018802577629685402      1.4100501537322998 -0.00088435190264135599,   0.25990393757820129 -0.0041970694437623024   0.060933373868465424 -0.0041970694437623024    0.23951332271099091   0.013044536113739014   0.060933373868465424   0.013044536113739014    0.17030404508113861,   0.1459739845692809   0.16886932900739282   0.43424802549374419 -0.099240506673758944    0.2703620898172332  0.067710759968697687 2.788593711500198e-05,0.61047512292861938
IIWA_7,1715078613.9539709,-0.38354181558839567   1.0062753979651431  0.26771979464032952  -1.6919874602694756  -1.8515303425757159  -1.5357635612132416  -1.0938820593790766,  0.65226596061053599 0.0020824320634961354    1.2377421950955381   -0.9146945798786057   0.95675519977186863    1.6422687021881246  -0.51782892541017866, -7.3651442451477047   59.653770061492921  -10.794276752471923  -10.825089874267578 -0.52294269561767581   1.8212829093933105  0.19657973861694336, 20.114419840690619 -0.6859747281869546    4.98350562400167 -1.1197340153303181  2.0147498875922727  1.6921173431683161 0.13902376621835943,0.50577032566070557 0.13533686101436615 0.21957272291183472,  -0.68421691656112671 -0.0072849704883992672 -0.0088176131248474121    0.72918885946273804,  -0.10258273035287857    0.89474433660507202 -0.0017560361884534359,   0.019903969019651413      1.4095089435577393 -0.00087369204265996814,   0.26025983691215515 -0.0049713426269590855   0.060684032738208771 -0.0049713426269590855    0.23917442560195923   0.014123645611107349   0.060684032738208771   0.014123645611107349     0.1702418178319931,   0.17344825706722133    0.18213422890411834    0.47970380541606517   -0.11418425075770955    0.26442241155066881   0.066231373025082974 2.7764112786599071e-05,0.61769253015518188
IIWA_7,1715078613.9590039,-0.37987536184982612   1.0063212376198667   0.2741730001057614  -1.6966482452089495  -1.8460956403577471   -1.526414906987712  -1.0964071355274336,  0.66847091803121095 0.0034995318397409336    1.2483219746937055  -0.91818706148184348   0.98279224853624791    1.6877611307716862  -0.51526618626242549,-6.9201975860595706  57.852475429534913 -10.117268447875976 -9.0740241813659672 -1.4966373443603516   1.373721908569336 0.20992980575561523, 20.114419840690619 -0.6859747281869546    4.98350562400167 -1.1197340153303181  2.0147498875922727  1.6921173431683161 0.13902376621835943,0.50577032566070557 0.13533686101436615 0.21957272291183472,  -0.68421691656112671 -0.0072849704883992672 -0.0088176131248474121    0.72918885946273804,  -0.10258273035287857    0.89474433660507202 -0.0017560361884534359,   0.021093189716339111      1.4089152812957764 -0.00082498922711238265,   0.26025983691215515 -0.0049713426269590855   0.060684032738208771 -0.0049713426269590855    0.23917442560195923   0.014123645611107349   0.060684032738208771   0.014123645611107349     0.1702418178319931,   0.17344825706722133    0.18213422890411834    0.47970380541606517   -0.11418425075770955    0.26442241155066881   0.066231373025082974 2.7764112786599071e-05,0.61769253015518188
IIWA_7,1715078613.9639685,-0.37610895964997948   1.0063086541232089  0.28070757849324124   -1.701166657532686  -1.8405346722950429  -1.5168145841380261  -1.0989515662863643,  0.68543282241883441 0.0022962856054815108    1.2600407152541582   -0.9152861421349352    1.0086725213371674    1.7342218186047862  -0.51399017936716551, -7.8571396446228023   55.752757358551023  -12.546222820281983  -6.8440345382690433 -0.55551656723022458   1.9998400573730468 -0.25765629577636717,   19.702092623968017   -1.1691234198576734    4.8139503604555163  -0.50407053666753376    2.1735259400464555    1.4277068612446531 -0.029733973074273279,0.50498366355895996 0.14493437111377716 0.21932989358901978,  -0.68381136655807495 -0.0059922579675912857 -0.0091925961896777153    0.72957628965377808,  -0.10604842007160187    0.90444749593734741 -0.0045560789294540882,   0.022126009687781334       1.408272385597229 -0.00077359919669106603,   0.26064532995223999 -0.0057499255053699017   0.060403667390346527 -0.0057499255053699017    0.23880821466445923    0.01521960087120533   0.060403667390346527    0.01521960087120533    0.17017179727554321,   0.20127453267626549    0.19547675535047659    0.52617065167304133   -0.12932792229936041    0.25831156035582836   0.064381985814598863 2.7610085773233095e-05,0.62488424777984619
IIWA_7,1715078613.9689941,-0.37229366183297208   1.0062794725453648  0.28718391360733592  -1.7055372443957695  -1.8348030490796712  -1.5068616853626495  -1.1015402786664119,  0.70095817061536358 0.0006697653706191826    1.2670859767671137  -0.90705238823128609    1.0362029456846014    1.7854934058988903  -0.51474063869563857,-7.3543902473449707  57.609166229248046 -12.311162719726562 -9.0731438064575194 -1.1744201278686524 0.91614835739135747 -0.3227378730773926,   19.702092623968017   -1.1691234198576734    4.8139503604555163  -0.50407053666753376    2.1735259400464555    1.4277068612446531 -0.029733973074273279,0.50498366355895996 0.14493437111377716 0.21932989358901978,  -0.68381136655807495 -0.0059922579675912857 -0.0091925961896777153    0.72957628965377808,   -0.1098427027463913    0.91538673639297485 -0.0076849507167935371,   0.023106027394533157      1.4075790643692017 -0.00072359974728897214,   0.2610485851764679 -0.006535904947668314  0.060101322829723358 -0.006535904947668314   0.23841133713722229  0.016337020322680473  0.060101322829723358  0.016337020322680473   0.17011158168315887,   0.22958983882759298    0.20892728319754639    0.57390240700794237   -0.14461589774850125    0.25201169315725025   0.062208360695592546 2.7428365356740869e-05,0.63298934698104858
IIWA_7,1715078613.9739785,-0.36839561282922295   1.0063052985095557  0.29368960995910454  -1.7099650560235364  -1.8289513917176581  -1.4967444229320435  -1.1041974210431074,  0.71668849664225598 0.0015688508641347122    1.2738966354844357  -0.90275437569570705     1.063028651028205    1.8330852219433549  -0.51807820602432897, -6.5007916717529293   59.633606315612795   -11.06631259918213  -11.282884826660156  -1.6436599540710448     2.29020401763916 0.088444194793701178,  19.441057111192354  -1.4363048808851342   4.7288579052048325 -0.20645083960191951   2.2097137628531649   1.0357620570943924 -0.12096923787614478,0.50462430715560913 0.14982691407203674 0.21923099458217621,  -0.68371188640594482 -0.0053378799930214882 -0.0094467531889677048    0.72967135906219482, -0.11139982938766479   0.92617237567901611 -0.008930552750825882,   0.024314245209097862      1.4068247079849243 -0.00058220565551891923,    0.2614448070526123 -0.0073255756869912148   0.059795882552862167 -0.0073255756869912148    0.23798653483390808   0.017466600984334946   0.059795882552862167   0.017466600984334946    0.17008695006370544,  0.25828398784444317   0.22235342335807928   0.62260511827538778  -0.15981151509425473   0.24555824332939125  0.059653312401763969 2.721857494947244e-05,0.64083421230316162
IIWA_7,1715078613.9789693,-0.36439749570005997    1.006352875966799  0.30027979519105141  -1.7144529685004282  -1.8229965742267451   -1.486350924077315  -1.1069349176149827, 0.73327548248032404 0.003158178981038335   1.2827247176654237 -0.90171999963223493   1.0886156204590831   1.8822081317438244 -0.52396242769447865, -6.9511153297424313   60.147109710693357  -11.261755828857421  -9.5265368843078608 -0.86981040954589839    1.251902545928955  0.28869520187377928,  19.441057111192354  -1.4363048808851342   4.7288579052048325 -0.20645083960191951   2.2097137628531649   1.0357620570943924 -0.12096923787614478,0.50433790683746338  0.1546974778175354 0.21909385919570923,  -0.68374836444854736 -0.0046113189309835434 -0.0098273344337940216    0.72963714599609375, -0.10984698683023453   0.93386340141296387 -0.011583277955651283,   0.025618171319365501      1.4060155153274536 -0.00040132261347025633,  0.26184269785881042 -0.008121103048324585  0.059482976794242859 -0.008121103048324585   0.23753835260868073  0.018597133457660675  0.059482976794242859  0.018597133457660675   0.17008571326732635,   0.28744621450549346    0.23562483539762979    0.67202728950377377   -0.17489438040474425    0.23865451494131662    0.05617733546614545 2.6907359895744776e-05,0.64635515213012695
IIWA_7,1715078613.9839709,-0.36033136799868531   1.0063757058551628  0.30691941534689798  -1.7188458460542195  -1.8168725393854026  -1.4757759241794315   -1.109725444379934, 0.74926549403924547 0.003439738719381605   1.2917645803662019 -0.89709110185744256   1.1158538900209662   1.9287665013103981 -0.53079101275363438,  -6.7293141250610349    58.000342899322511   -11.170196838378907   -7.8652694320678709  -0.58897081375122073     2.158705856323242 -0.087776691436767584,   19.319254109913764   -1.6344698999489635    4.7557906326775603 -0.004641149536529476    2.2555737998802834    0.8067971420820963  -0.17318025872179033,0.50399684906005859 0.15961942076683044 0.21891990303993225,  -0.68381959199905396 -0.0038278808351606131  -0.010170543566346169    0.72957020998001099,  -0.1110452264547348   0.94194072484970093 -0.015255264937877655,   0.026817034929990768      1.4051638841629028 -0.00025945305242203176,   0.26226574182510376 -0.0089128883555531502   0.059140779078006744 -0.0089128883555531502    0.23706196248531342   0.019740762189030647   0.059140779078006744   0.019740762189030647    0.17008313536643982,   0.31676891148268993    0.24888460577621174    0.72240003283319254   -0.18999807571340455     0.2316761381901955    0.05251412666140709 2.6592524626778413e-05,0.65240955352783203
IIWA_7,1715078613.9889605,-0.35618518575334629   1.0063643208542858  0.31362686619696017  -1.7230468561817638  -1.8105672072462786  -1.4650115735109992   -1.112598482567021,  0.76525968504495745 0.0022963909404276821    1.3017096982954492  -0.88571328658772441    1.1448963975817326    1.9735872277856101  -0.53955433768638561,  -6.488693424224854    56.79589514541626  -11.856008892059325  -7.9612302970886226  -1.1409658813476562   1.2178598747253417 -0.23796494674682617,  18.981448233946761  -2.0480528359539356   4.7618110650378469  0.49536058768902264   2.4090476046755707  0.35046290211891806 -0.27613188169612035,0.50323349237442017 0.16965086758136749 0.21852694451808929,  -0.68413823843002319 -0.0021804587449878454  -0.010868286713957787    0.72926813364028931, -0.11641976982355118   0.96007871627807617 -0.022285033017396927,   0.027791863307356834      1.4042634963989258 -4.9644007958704606e-05,  0.26315593719482422 -0.010497349314391613  0.058390863239765167 -0.010497349314391613   0.23602005839347839   0.02207648940384388  0.058390863239765167   0.02207648940384388   0.17011398077011108,   0.37643363106099059    0.27545368361892031    0.82671010843515802   -0.22024087492944489    0.21733845281701747   0.044252480827289276 2.5929221436626904e-05,0.66624146699905396
IIWA_7,1715078613.9939699,-0.35195906862817983   1.0063590477782833  0.32032910385762969  -1.7271864470820995  -1.8041277476013364  -1.4541062883781328  -1.1155709297995631,  0.78125243304262448 0.0016261897122417488    1.3094572650631402  -0.87415426528360618    1.1734955038630739    2.0150811875431431  -0.55054135945079197,  -7.4350452308654784    59.171184410095215    -13.33591911315918   -10.233477935791015   -1.1612145042419433    2.1947510375976562 -0.039382698059082032,   18.88374523644903  -2.1033987191401402   4.7384529540520015   0.5779548165582894   2.4037629448157949  0.12860851065410372 -0.28527924898408441,0.50292271375656128 0.17471100389957428  0.2183828204870224,  -0.68437355756759644 -0.0013761490117758512  -0.011358785443007946    0.72904181480407715, -0.11641976982355118   0.96007871627807617 -0.022285033017396927,  0.028984770178794861     1.4033008813858032 0.00022813701070845127,  0.26315593719482422 -0.010497349314391613  0.058390863239765167 -0.010497349314391613   0.23602005839347839   0.02207648940384388  0.058390863239765167   0.02207648940384388   0.17011398077011108,   0.37643363106099059    0.27545368361892031    0.82671010843515802   -0.22024087492944489    0.21733845281701747   0.044252480827289276 2.5929221436626904e-05,0.66624146699905396
IIWA_7,1715078613.9989693,-0.34768543415054626   1.0064077636265312  0.32697915028317842  -1.7313710387882872  -1.7975504214317193  -1.4431123798982566  -1.1186516546409049,  0.79594732553944247 0.0032495856997069115    1.3135676690724614   -0.8667070804743966    1.2018894498751451    2.0518212892295642  -0.56366208121430594,-6.2104337310791013  60.561138626098632 -12.322607593536377 -10.751138381958008 -1.2113958740234374  1.8620006141662597 0.25765629577636717,   18.88374523644903  -2.1033987191401402   4.7384529540520015   0.5779548165582894   2.4037629448157949  0.12860851065410372 -0.28527924898408441,0.50292271375656128 0.17471100389957428  0.2183828204870224,  -0.68437355756759644 -0.0013761490117758512  -0.011358785443007946    0.72904181480407715, -0.11581148207187653   0.96813368797302246 -0.022845787927508354,  0.030401250347495079     1.4022815227508545 0.00057514681247994304,   0.2635941207408905 -0.011290633119642735  0.058007899671792984 -0.011290633119642735   0.23545841872692108  0.023252334445714951  0.058007899671792984  0.023252334445714951   0.17017893493175507,   0.40683626703863496    0.28854682716783486     0.8802737485771317   -0.23506598455558247    0.20984010179425638   0.039499830991829299 2.5544077075778659e-05,0.67220461368560791
IIWA_7,1715078614.0039961,-0.34331436786733394    1.006456000163733   0.3337043377145148  -1.7355357367953281  -1.7908302433789522  -1.4319962323754782  -1.1218290921030907,  0.81160051176004688 0.0045291300478404644    1.3198616325114243   -0.8599535846611529    1.2303186820107976    2.0861029322947848   -0.5780271634588765,  -4.9199539947509763     58.59853402709961   -11.278482952117919    -9.543264007568359  -0.95432640075683595    1.9461060371398926 -0.041385208129882813,     18.7867252001232    -2.168411196302964    4.7417177459641984     0.679401387125387    2.4096316718503954 -0.092547267210276729  -0.28878987200128825,0.50260442495346069 0.17979009449481964 0.21823129057884216,   -0.68466055393218994 -0.00055943551706150174   -0.011884547770023346     0.72876495122909546, -0.11581315100193024   0.97523725032806396 -0.023686815053224564, 0.031777121126651764    1.4012117385864258 0.0009027939522638917,   0.2640419602394104 -0.012076650746166706  0.057607453316450119 -0.012076650746166706   0.23487196862697601  0.024431174620985985  0.057607453316450119  0.024431174620985985   0.17025776207447052,    0.4373545199376494    0.30146554334731235    0.93460677627277278   -0.24968683434511973    0.20221695769340187   0.034405131088099949 2.5140672654799801e-05,0.67760318517684937
IIWA_7,1715078614.0089722,-0.3388333463866614  1.0064628311642594 0.34051641090850776  -1.739542063080628 -1.7839380676662571 -1.4209110041239805 -1.1251154062583419,   0.8285212686349388 0.0038965440593260385    1.3283722337688579   -0.8482159191409161    1.2599419741164453    2.1122914758957365  -0.59387429697715199, -6.7118388786315917   56.959893611907958  -11.750363903045654  -6.9593636512756349 -0.90414503097534182   2.0906205139160154 -0.25365127563476564,  18.682657167911412    -2.31973101711319   4.8055915939949161  0.87931684235862517   2.4532000342501772 -0.31842810814079803 -0.30992334677030264,0.50223356485366821 0.18486663699150085 0.21803596615791321,  -0.68498456478118896 0.00032764262869022787  -0.012396191246807575    0.72845202684402466, -0.11808916181325912   0.98067981004714966 -0.026235891506075859, 0.032955281436443329    1.4000989198684692 0.0011690909741446376,  0.26451417803764343 -0.012849771417677402  0.057177018374204636 -0.012849771417677402   0.23426218330860138  0.025610655546188354  0.057177018374204636  0.025610655546188354     0.170331209897995,   0.46779631008853073    0.31419719092529164    0.98955810061163163   -0.26415999880224916    0.19447363687241648    0.02899730072414286 2.4718089797204357e-05,0.6821097731590271
IIWA_7,1715078614.0139723,-0.33430486722196556   1.0064527644323831  0.34734346426347057  -1.7433453767034097  -1.7768674709583878  -1.4097344559917786  -1.1285277344945841,  0.84395618149578477 0.0027145659724083279    1.3357799212135988   -0.8307052802240027    1.2907774476079261    2.1368951060046664  -0.61159256703140796,  -6.159352241516113   57.996310150146485  -13.135193634033202  -8.1390660285949714 -0.35214996337890625   1.6323794593811034 0.010012550354003906,  18.345610700460107  -2.4456734201943102     4.70139066025187   1.2617030471235307     2.52548279005509 -0.62516344966801585 -0.31527313107930366,0.50143319368362427 0.19518998265266418 0.21776711940765381, -0.68565118312835693 0.0020075053907930851 -0.013474768958985806   0.72780275344848633, -0.12411296367645264   0.99455404281616211 -0.025364434346556664,0.034190479665994644   1.3989406824111938 0.001459194696508348,  0.26547455787658691 -0.014369417913258076  0.056268583983182907 -0.014369417913258076   0.23295561969280243  0.027990642935037613  0.056268583983182907  0.027990642935037613      0.17054483294487,   0.52903493106981614    0.33921348354759573     1.1024566676924863   -0.29235916434000586     0.1789498234430198   0.017966620886156193 2.3911582935909337e-05,0.69330078363418579
IIWA_7,1715078614.0189724,-0.32970664000978767   1.0064796091234418  0.35415505803733466  -1.7470941620952021  -1.7696305330281634  -1.3986820045873012  -1.1320468421926295,  0.85909403368374371 0.0032454404202761065    1.3410876879254425  -0.81451563985089637    1.3220994752953168    2.1516141409828298  -0.63003836154694315, -6.1351557464599606   59.690064804077146  -12.928305530548096  -10.602355022430419  -1.6498225784301757   2.7711401863098146 0.059074047088623044,  18.345610700460107  -2.4456734201943102     4.70139066025187   1.2617030471235307     2.52548279005509 -0.62516344966801585 -0.31527313107930366,0.50143319368362427 0.19518998265266418 0.21776711940765381, -0.68565118312835693 0.0020075053907930851 -0.013474768958985806   0.72780275344848633, -0.12411296367645264   0.99455404281616211 -0.025364434346556664, 0.035672284662723541    1.3977203369140625 0.0018451791256666183,  0.26547455787658691 -0.014369417913258076  0.056268583983182907 -0.014369417913258076   0.23295561969280243  0.027990642935037613  0.056268583983182907  0.027990642935037613      0.17054483294487,   0.52903493106981614    0.33921348354759573     1.1024566676924863   -0.29235916434000586     0.1789498234430198   0.017966620886156193 2.3911582935909337e-05,0.69330078363418579
IIWA_7,1715078614.0239706,-0.32504315864570238   1.0065262876270371  0.36097240419824717  -1.7508950789445883  -1.7622696302952894   -1.387576463103138  -1.1356732087726069,  0.87381448151040653 0.0044634924800328376    1.3455639967768545  -0.80364918585616574    1.3521156895512152    2.1655129721527921  -0.64908535243665022, -6.3004984626770018   60.532909381866453   -12.85611478805542  -10.920170364379883  -1.6163683319091797   1.5289164390563965 0.077764141082763666,  18.252381639282468  -2.3613386894652226   4.6173204980084206   1.2909172099991397   2.4849331030810391 -0.75116570488333956 -0.27379886141435672,0.50109440088272095  0.2003694474697113 0.21771574020385742, -0.68600600957870483  0.002783522242680192 -0.014161276631057262   0.72745269536972046, -0.12399505078792572    1.0000132322311401 -0.022029019892215729, 0.037336543202400208    1.3964413404464722 0.0022223310079425573,  0.26594406366348267 -0.015118657611310482  0.055807996541261673 -0.015118657611310482   0.23226653039455414  0.029174856841564178  0.055807996541261673  0.029174856841564178   0.17070166766643524,   0.55994088620892057    0.35130373598679654      1.160000667136174   -0.30586277439770271    0.17097164391355335   0.012061971061960719 2.3478315291924901e-05,0.69761806726455688
IIWA_7,1715078614.0289736,-0.3203143632430997   1.006586448471855 0.36782306651291863  -1.754646920298818 -1.7547773805406284 -1.3766088000118886  -1.139404796780781,  0.88820340131243247 0.0059772277767405945    1.3504776900083422  -0.79299300285411978    1.3813825418274124    2.1711169013722103  -0.66853180227628339,  -4.6443828010559081    57.234120555877688   -12.168541984558106   -9.9042177200317383   0.33366209030151367    2.3686356620788573 -0.061076557159423825,  18.129184288669691  -2.2942001803716749   4.5111942604672288   1.3814489925319946    2.456197877827043 -0.82381417376371235 -0.23918029757288378,0.50071823596954346 0.20555582642555237  0.2176956832408905, -0.68632245063781738 0.0035608955658972263 -0.014838967472314835   0.72713726758956909, -0.12551623582839966    1.0045762062072754 -0.018192607909440994,0.038988925516605377   1.3951207399368286 0.002446385333314538,  0.26642519235610962 -0.015847239643335342  0.055326562374830246 -0.015847239643335342   0.23155432939529419  0.030351657420396805  0.055326562374830246  0.030351657420396805   0.17086814343929291,   0.59055293507981332    0.36305884170495517     1.2179510199059607   -0.31895214655186521      0.163032221206727  0.0062413349599665935 2.3058449372115319e-05,0.70149087905883789
IIWA_7,1715078614.0339711,-0.31547818918534504   1.0066133530495236  0.37474323732863235  -1.7582251701148133  -1.7470612654313287  -1.3657247269562525  -1.1432504147848033,  0.90400968336013243 0.0058579653281376522    1.3571889846352228   -0.7775243949231081    1.4137506378339182    2.1722564433232123  -0.68865016198191786,  -5.7654870719909672    57.271759548187255   -12.473151702880859   -5.8043117713928218    -1.485192470550537    1.8326304664611817 -0.061076557159423825,  17.950042139152554  -2.3059642497671047   4.4162831608249524   1.5902812799407156   2.4822146594528425 -0.89498696867162275 -0.22289396080649621,0.50027048587799072 0.21076567471027374 0.21766465902328491, -0.68665766716003418 0.0043684099800884724 -0.015480745583772659   0.72680294513702393, -0.12980115413665771    1.0090322494506836 -0.015670493245124817, 0.040430799126625061    1.3937613964080811 0.0025949077680706978,  0.26692569255828857 -0.016558783128857613  0.054816331714391708 -0.016558783128857613   0.23081688582897186  0.031531315296888351  0.054816331714391708  0.031531315296888351   0.17103604972362518,   0.62102835600086337    0.37460716208315148       1.27674453055171   -0.33179001294669774    0.15508550820086953  0.0002770649603078823 2.2647397734942842e-05,0.70558750629425049
IIWA_7,1715078614.0389693,-0.31057538292915543   1.0066344452444509  0.38166370779556202  -1.7615203526152432   -1.739205366378638  -1.3549089640149612  -1.1472067669485475,  0.91931999693569022 0.0055300600596019959    1.3625700063853652  -0.75382681595568357    1.4452364723747619    2.1704356723102212  -0.70917421613530374, -6.2064009819030765   57.568838737487795  -13.787551441192626  -8.3239447593688958 -0.48420619964599609   2.6169469108581542  0.12382187271118164,  17.510317968423259  -2.1481337728371059   3.9931421345860612   1.9676197558653379   2.4901179847314432 -0.84728703960736595 -0.16340699011021154,0.49929183721542358  0.2212689220905304 0.21780602633953094, -0.68718856573104858 0.0058620590716600418 -0.016784539446234703   0.72626149654388428, -0.13930197060108185     1.018416166305542 -0.004504508338868618, 0.042065665125846863    1.3923479318618774 0.0026917874347418547,  0.26793608069419861 -0.017924239858984947   0.05375092476606369 -0.017924239858984947   0.22926512360572815  0.033873829990625381   0.05375092476606369  0.033873829990625381   0.17143762111663818,  0.68138656519689533   0.39670060479757296    1.3961753984803593  -0.35602023993508425    0.1394225771429447 -0.011150941814364046 2.189737990931917e-05,0.71430051326751709
IIWA_7,1715078614.0439708,-0.30562889402703153   1.0067083280860141  0.38855026291538386  -1.7647775450792604  -1.7311816881268214  -1.3442004598465187  -1.1512504840769113, 0.93331555363350827 0.007379361710208701   1.3655182099011656 -0.73334915132523626   1.4771363079724737   2.1646887045858767 -0.72908805804279586,  -4.5596950683593747    58.786728988647461   -12.715254802703857   -10.875271244049072     -1.36193998336792    2.1213256683349608 -0.095119228363037114,   17.368400288751872    -1.914993948032075    3.7393370224247775    1.9680070944238659    2.4129506539306114   -0.7903108162032737 -0.088384778012021603,0.49887096881866455 0.22652992606163025 0.21799387037754059, -0.68742352724075317 0.0065102898515760899 -0.017570232972502708   0.72601503133773804, -0.14006140828132629    1.0220396518707275 0.0038784618955105543, 0.044070642441511154    1.3908742666244507 0.0028248820453882217,  0.26842325925827026 -0.018587587401270866  0.053217332810163498 -0.018587587401270866   0.22845816612243652  0.035026852041482925  0.053217332810163498  0.035026852041482925   0.17169481515884399,   0.71161129543106938    0.40708303781578081     1.4567006210413069   -0.36718193728191295    0.13150573680764666   -0.01695052207306702 2.1514292569690951e-05,0.71763569116592407
IIWA_7,1715078614.0489712,-0.30057209049870454   1.0068282901287406  0.39550896296516613  -1.7680878876186561  -1.7230271421206305  -1.3335577490276393  -1.1553741359760195, 0.94892458403988633 0.010701971077229901   1.3707625699122234 -0.71909302263601549    1.507890886625616   2.1574593964238753 -0.74821652239856185, -4.3432708625793461   57.162875320434573  -12.840268039703369  -11.595417919158935 -0.80202154159545902   1.8426430168151855 -0.10279551696777343,   17.368400288751872    -1.914993948032075    3.7393370224247775    1.9680070944238659    2.4129506539306114   -0.7903108162032737 -0.088384778012021603,0.49887096881866455 0.22652992606163025 0.21799387037754059, -0.68742352724075317 0.0065102898515760899 -0.017570232972502708   0.72601503133773804, -0.14006140828132629    1.0220396518707275 0.0038784618955105543, 0.046362929046154022    1.3893389701843262 0.0028596562333405018,  0.26842325925827026 -0.018587587401270866  0.053217332810163498 -0.018587587401270866   0.22845816612243652  0.035026852041482925  0.053217332810163498  0.035026852041482925   0.17169481515884399,   0.71161129543106938    0.40708303781578081     1.4567006210413069   -0.36718193728191295    0.13150573680764666   -0.01695052207306702 2.1514292569690951e-05,0.71763569116592407
IIWA_7,1715078614.0539737,-0.29543115751894211   1.0069476529781183  0.40249067278130823  -1.7713309986571852  -1.7147210196794245  -1.3231164931649209   -1.159588208911267, 0.96477698642240606 0.013336090836889343   1.3758784485754629 -0.70499885964997822   1.5385576069487323   2.1436177516478399 -0.76713613532875191, -5.5598168640136718    55.03896075439453  -12.974085025787353  -9.3583852767944329 -0.66292230606079106   2.4977975616455077 0.019357597351074219,  17.214958820613042  -1.7565996641131136   3.5149705933923219   2.0520945212326187   2.3595266180242946 -0.72929826245840079 -0.03406495575098667,0.49841028451919556 0.23177927732467651 0.21819318830966949,   -0.687630295753479 0.0071993651799857616 -0.018336346372961998   0.72579371929168701,-0.14232936501502991    1.024404764175415  0.01095199678093195,0.048621729016304016   1.3877685070037842 0.002680997597053647,  0.26892292499542236 -0.019228577613830566  0.052660610526800156 -0.019228577613830566   0.22763139009475708  0.036169745028018951  0.052660610526800156  0.036169745028018951   0.17195791006088257,   0.74151384463227998    0.41707659093503935     1.5176601326087891   -0.37787373562192528     0.1235615069949958  -0.022767146663937865 2.1128857774499465e-05,0.7203097939491272
IIWA_7,1715078614.0589726,-0.29023869249310069   1.0070281270556016  0.40948328828728142  -1.7743755310421607  -1.7062322576077096  -1.3126862027695603  -1.1638735880366866, 0.97952019017158165  0.01388783576884548   1.3804073790992979 -0.68578038311900202   1.5703965684275818   2.1321058171326954 -0.78512407327978551,  -4.3015991210937496    56.445045967102054    -12.83322504043579   -6.8431541633605955   -1.1814631271362304    1.9848212318420411 -0.063079067230224606,    16.915569991950669    -1.6829764491867962       3.20986395867744     2.3146302792977616     2.3854095080348316   -0.62760994654165358 -0.0075215991332181487,0.49784210324287415 0.23709632456302643 0.21841450035572052,  -0.6877974271774292 0.0078918226063251495 -0.019002288579940796   0.72561103105545044,  -0.148691326379776    1.028874397277832 0.017421755939722061, 0.050637546926736832    1.3861664533615112 0.0023315402213484049,  0.26944407820701599 -0.019843906164169312  0.052069820463657379 -0.019843906164169312   0.22677284479141235   0.03731764480471611  0.052069820463657379   0.03731764480471611   0.17222695052623749,  0.77105171110325443   0.42680410319562156    1.5796799615204193  -0.38812877703886528   0.11580994402127232 -0.028296562511798129 2.079359529005842e-05,0.72490477561950684
IIWA_7,1715078614.0639727,-0.28495994111611767   1.0071371236309703  0.41650939971592654   -1.777166297571718  -1.6976302685225018  -1.3024008615322455  -1.1682297938230659, 0.99476620721658637 0.015470131629823164   1.3853703604252432 -0.66025496767749092   1.6003968181503783   2.1170983031987456  -0.8023474900790003, -4.4938268318176267   55.665381126403808  -12.855234413146972   -7.799241313934326 -0.43402482986450197   2.7781489715576173 -0.13149816131591796,  16.575589498159527  -1.5705108410028394   2.8328863941624745   2.5910532642810193    2.409429903294956  -0.4624781433385583 0.020141231660973813,  0.497222900390625 0.24243620038032532 0.21870794892311096, -0.68789958953857422  0.008549950085580349 -0.019640285521745682   0.72548967599868774,-0.15595008432865143   1.0332906246185303 0.025420209392905235, 0.052911542356014252    1.3844927549362183 0.0019431242253631353,  0.26996979117393494 -0.020432392135262489  0.051461584866046906 -0.020432392135262489   0.22589036822319031  0.038454655557870865  0.051461584866046906  0.038454655557870865   0.17251467704772949,   0.80013507154674812    0.43607115298627264     1.6421725276201116   -0.39773283141553151    0.10822312361824515  -0.033494559676938707 2.0491829566537945e-05,0.72966396808624268
IIWA_7,1715078614.0689714,-0.27961329894014286   1.0072586435982203  0.42354677626314563  -1.7798306303776823  -1.6888256023797745  -1.2920814252879931  -1.1726346555710829,  1.0096786528122612 0.017236903993856981   1.3897913502289581 -0.63477728638056641   1.6325041002293921   2.1064560923290951 -0.81807246198388106,  -4.5180233268737791    57.502970500946041   -12.555026569366454   -8.9314034461975105  -0.68141017913818358    1.5679653854370117 -0.046725234985351562,  16.329539962507592  -1.3761896695715361   2.4780342573646914   2.7260943772820241   2.3708632545095067 -0.31481096800334907 0.067650471910172816,0.49664652347564697 0.24776746332645416  0.2190663069486618, -0.68800342082977295 0.0091947950422763824 -0.020359056070446968   0.72536349296569824,-0.16009971499443054   1.0364670753479004 0.034355700016021729, 0.055824019014835358    1.3827451467514038 0.0014921444235369563,  0.27048373222351074 -0.021010013297200203  0.050851862877607346 -0.021010013297200203   0.22499026358127594  0.039578143507242203  0.050851862877607346  0.039578143507242203    0.1728363037109375,   0.82935250713322972    0.44485858300546965     1.7053196991509978   -0.40669165579299005    0.10046953273068482  -0.038938603375449077 2.0161327718426492e-05,0.73335224390029907
IIWA_7,1715078614.0739715,-0.27419762768325473   1.0074416427883719  0.43059338058428615  -1.7824130511730258  -1.6798715646764764  -1.2819191021649252  -1.1770894316631286,  1.0243697725253345 0.021109490801150932    1.393697253028787 -0.61111866091819489   1.6641647883154405   2.0916577987859908 -0.83264901326893281, -3.3861650581359863   56.151999526977541  -12.670355682373046  -10.365534172058105 -0.96841239929199219   2.5812354812622069 0.016687583923339844,  16.096007287302392  -1.1211126766250432   2.0761745862120806   2.7903941056405297    2.311478521489569 -0.14041150770404132  0.13313615307417304,0.49609124660491943 0.25311437249183655 0.21949943900108337, -0.68806159496307373 0.0097731901332736015 -0.021112293004989624   0.72527927160263062, -0.1626182347536087   1.0396562814712524 0.044499356299638748, 0.059119030833244324    1.3809421062469482 0.0008427221910096705,   0.2709883451461792 -0.021568773314356804  0.050237774848937988 -0.021568773314356804   0.22406935691833496  0.040687184780836105  0.050237774848937988  0.040687184780836105   0.17319421470165253,   0.85842257979429348    0.45310692343303316     1.7690245023365136   -0.41483374829720532   0.092789892979894262  -0.044185357347181764 1.9846833509973294e-05,0.73699760437011719
IIWA_7,1715078614.0789511,-0.26868248738521849   1.0076480710602362  0.43762680232450324  -1.7849329741276831  -1.6708074638925536  -1.2717027301219137  -1.1815949609480747,  1.0401014299417171 0.025144723515494551   1.3962946720317133 -0.58969184692084808   1.6938958620092615   2.0819811207492531 -0.84634038201298933,-3.9265534477233888  56.529733699798584 -13.211786251068116  -9.915662593841553  -1.408599853515625  1.6660883789062499 0.20859479904174805,   15.881483849874224  -0.89868103929716425    1.7078728382167894    2.8605228027656198    2.2484009320220735 0.0021567085395717278   0.19005809986246447, 0.4955456554889679 0.25846946239471436  0.2199590802192688, -0.68812572956085205  0.010393544100224972 -0.021891260519623756   0.72518670558929443,-0.16434518992900848   1.0425049066543579 0.053609322756528854,  0.062295697629451752     1.3790973424911499 -1.011279528029263e-05,  0.27149304747581482 -0.022114776074886322   0.04961005225777626 -0.022114776074886322   0.22312836349010468  0.041788559406995773   0.04961005225777626  0.041788559406995773   0.17357493937015533,   0.88759231400548089    0.46090242046492591     1.8336534039420371   -0.42237372548115104   0.084925706271832269  -0.049703552314817045 1.9503938020193345e-05,0.74038177728652954
IIWA_7,1715078614.0839691,-0.26309562158165767   1.0078986012933875  0.44463535683170413  -1.7873421628135353  -1.6616343547304731  -1.2615371712674956  -1.1861260166550787,  1.0555557760958068 0.030136988138445526   1.3973779179134065 -0.56812102497076489   1.7220410560906325   2.0722072507761249 -0.85831453389055001,  -3.0984956169128419    55.457022418975832   -11.952850131988525     -10.2220330619812   0.16815160751342773    2.1640458831787108 -0.018022590637207032,  15.618857540972964 -0.72066697234103405   1.3076247472393572   3.0093559051787371   2.2111269079388047  0.17138649164863606  0.22891859141803056,0.49495536088943481 0.26383674144744873 0.22045348584651947, -0.6881369948387146 0.011033255606889725 -0.02262272872030735  0.72514408826828003,-0.16759984195232391    1.045223593711853 0.062237024307250977,  0.065470501780509949     1.3772071599960327 -0.0011018340010195971,  0.27200546860694885 -0.022634396329522133  0.048960689455270767 -0.022634396329522133   0.22216559946537018  0.042878881096839905  0.048960689455270767  0.042878881096839905   0.17397059500217438,  0.91633654395018027   0.46819854758162194    1.8988795458447782  -0.42921101666593131  0.077140634706651667 -0.054999441412739714 1.917572411969104e-05,0.74390935897827148
IIWA_7,1715078614.0889688,-0.25740317459390827   1.0081693847635114  0.45169226764932691  -1.7896067618791676  -1.6522542538824292  -1.2513426106041463  -1.1906727717077876,  1.0721425003866214 0.034940929315711661   1.4001787670356363 -0.54508078260190218   1.7528368787942605   2.0655482271548733 -0.86852182922079857, -2.9949883880615236    54.73112756729126  -12.040007247924805  -8.1707595252990721  -1.1788220024108886   1.6240356674194336 -0.14785199356079101,  15.021044419562376 -0.53904360430049747  0.60733041018124467   3.4639903109280095   2.2217141174641606  0.41186822959860514  0.27207133212772033,0.49366053938865662  0.2746126651763916 0.22143302857875824, -0.68822646141052246  0.012378967367112637 -0.023987043648958206   0.72499358654022217,-0.17684678733348846   1.0504606962203979 0.074147596955299377,  0.068710416555404663     1.3752645254135132 -0.0023231261875480413,   0.2730478048324585 -0.023606641218066216  0.047602012753486633 -0.023606641218066216   0.22018474340438843  0.045040283352136612  0.047602012753486633  0.045040283352136612   0.17480374872684479,    0.9729621523444365    0.48122432938946247     2.0318484810664117   -0.44063626426371627   0.061575025196880517  -0.066048725087419768 1.8527918754784878e-05,0.75111138820648193
IIWA_7,1715078614.0939741,-0.25162246390605775   1.0084254877238812     0.45872592915415  -1.7916648727863256   -1.642777416589797  -1.2411354065575295  -1.1952379224217293,   1.088942427823318 0.038196861867362111    1.401489473821433 -0.51838906236784243   1.7813429947406947   2.0607267435885701 -0.87742349193430691,-4.1765838966369628  53.907102485656736  -13.20386287689209 -8.5730908584594729 -0.7553616714477539  2.1850722389221193 0.10446427536010743,  14.714917044939106 -0.45255765306241358  0.23717050547592056   3.6827408748769699   2.2154392642466272  0.52204114261949597  0.28238313368294327,0.49299854040145874   0.280038982629776 0.22196492552757263,-0.68826466798782349 0.013098722323775291 -0.02464897558093071  0.72492247819900513,-0.18085744976997375   1.0537987947463989 0.079966433346271515,  0.072361975908279419      1.373254656791687 -0.0037126231472939253,  0.27356955409049988 -0.024065738543868065  0.046898782253265381 -0.024065738543868065   0.21916276216506958  0.046109970659017563  0.046898782253265381  0.046109970659017563   0.17525652050971985,    1.0011506864655573    0.48690193736700138     2.0998483389096378   -0.44515138383260933   0.053680965205415987  -0.071746082627832664 1.8191628647912239e-05,0.75522613525390625
IIWA_7,1715078614.0989966,-0.24579183887417871   1.0086834481509075  0.46568337093062467  -1.7935650315052614  -1.6331732587499626  -1.2308585742366507  -1.1998061292071915,  1.1043789435338156 0.040875906574941875   1.3994892501161333 -0.49071759865170539   1.8092407093859351   2.0596546877060096 -0.88466706496593417, -2.8699731636047363   55.591447391510009  -11.844564018249512  -8.9243604469299314 -0.52646419525146482   1.5279151840209961 0.040717704772949219,  14.434269713295048 -0.33250259685263472 -0.11705586315126038   3.8500857571561484    2.198205189253533  0.61912362074794158  0.30540990093946579,0.49299854040145874   0.280038982629776 0.22196492552757263,-0.68826466798782349 0.013098722323775291 -0.02464897558093071  0.72492247819900513,-0.18085744976997375   1.0537987947463989 0.079966433346271515,  0.076444663107395172     1.3711785078048706 -0.0051707369275391102,  0.27356955409049988 -0.024065738543868065  0.046898782253265381 -0.024065738543868065   0.21916276216506958  0.046109970659017563  0.046898782253265381  0.046109970659017563   0.17525652050971985,    1.0011506864655573    0.48690193736700138     2.0998483389096378   -0.44515138383260933   0.053680965205415987  -0.071746082627832664 1.8191628647912239e-05,0.75522613525390625
IIWA_7,1715078614.1039696,-0.2398546741451025  1.0089936598087477 0.47266442155772487 -1.7953194022172794 -1.6234020886086755 -1.2205328461895277 -1.2043751149549153,  1.1209897439901009 0.045109191573560539   1.3988334251769146 -0.46274890740208452   1.8382393731602296   2.0607528720497257 -0.89049308188169929, -2.7355481910705568   54.866896789550779  -11.786459274291992  -8.8213565826416023 -0.45867532730102539   1.9794812049865722 -0.20725979232788086,  14.434269713295048 -0.33250259685263472 -0.11705586315126038   3.8500857571561484    2.198205189253533  0.61912362074794158  0.30540990093946579, 0.4923555850982666 0.28546655178070068 0.22252880036830902, -0.68832886219024658  0.013803740963339806 -0.025337273254990578   0.72482472658157349,-0.18338474631309509   1.0565357208251953 0.085864268243312836,   0.08087969571352005     1.3690234422683716 -0.0067489175125956535,  0.27408084273338318 -0.024508781731128693  0.046191822737455368 -0.024508781731128693   0.21812812983989716  0.047165621072053909  0.046191822737455368  0.047165621072053909   0.17573866248130798,    1.0292704896217586    0.49189385259484908     2.1685632783317033   -0.44869754381871019   0.045732433834544395  -0.077674911720393425 1.7847044730956441e-05,0.75880181789398193
IIWA_7,1715078614.1089687,-0.23383278088032514   1.0093252633127312    0.479609279946625  -1.7968756736958731  -1.6134991881712977  -1.2101370703346239  -1.2089684886246095,  1.1376675257831754  0.04935149341818984    1.396861075697537 -0.43244998506541638   1.8667075160232978   2.0644333318359331 -0.89612941229312526, -3.9238649482727053   54.040183208465578  -12.740785675048828  -9.1585401725769042  -1.2492519950866698   1.5719704055786132 0.031372657775878908,  13.964400578896171 -0.19139670048577218 -0.65680535281248176   4.1822985714127707   2.1502208757645218  0.68940112126947595  0.33090805390729916,0.49110785126686096 0.29628938436508179 0.22364586591720581, -0.68857526779174805   0.01537008211016655 -0.026738006621599197   0.72450876235961914, -0.1859029084444046   1.0594395399093628 0.093810580670833588,  0.085524603724479675     1.3668134212493896 -0.0085386261343955994,  0.27508944272994995 -0.025348560884594917  0.044746518135070801 -0.025348560884594917   0.21602731943130493    0.0492425337433815  0.044746518135070801    0.0492425337433815   0.17676317691802979,    1.0853285380658662    0.49989598030730775     2.3084123765082509   -0.45313034530813923   0.029311935904274833  -0.090821825007303403 1.7077419478539468e-05,0.7637513279914856
IIWA_7,1715078614.1139688,-0.2277599546537345  1.0096639974684567 0.48647312484221988  -1.798293767021254 -1.6034948530375184  -1.199648297010355 -1.2135377140278563,   1.153047069690166 0.053030560963571685   1.3920426563818251 -0.40268372106756906   1.8935394181698102   2.0710975984395024 -0.89967254596437141,  -2.3161422767639159    55.017452758789062   -12.275947723388672   -9.4112077713012692  -0.62682693481445306    1.5202388954162598 -0.010012550354003906,  13.742274728306141 -0.13738061433958859 -0.90361632212875209   4.3361784544829485   2.1215896483630292  0.68930182090244907  0.34095794162305881,0.49050319194793701 0.30171513557434082 0.22421072423458099, -0.68874263763427734  0.016204545274376869 -0.027450118213891983   0.72430485486984253, -0.1861594170331955   1.0609828233718872 0.096795260906219482, 0.090244404971599579    1.3645670413970947 -0.010527255944907665,  0.27558600902557373 -0.025745680555701256  0.044007401913404465 -0.025745680555701256   0.21495699882507324   0.05026651918888092  0.044007401913404465   0.05026651918888092   0.17731215059757233,    1.1133280632336096    0.50283646282789363     2.3798154157281814   -0.45387804286267652   0.020882922810550042    -0.0979317873666119 1.6665988589181779e-05,0.76615065336227417
IIWA_7,1715078614.1189697,-0.22158646099929813   1.0100370663957259  0.49329017146099946  -1.7995367108838773  -1.5933695252222728  -1.1891693506533567  -1.2181985588539403,  1.1693774019295877 0.057347205861624645   1.3863159898566433 -0.37186473135898956   1.9198446471456705   2.0760359330315343 -0.90617182981486066, -3.7585222320556642   51.285815521240231  -15.067616558074951  -9.0810671806335446  -1.8408639335632324   2.9750624618530273 -0.63012316894531251,  13.742274728306141 -0.13738061433958859 -0.90361632212875209   4.3361784544829485   2.1215896483630292  0.68930182090244907  0.34095794162305881,0.49050319194793701 0.30171513557434082 0.22421072423458099, -0.68874263763427734  0.016204545274376869 -0.027450118213891983   0.72430485486984253, -0.1861594170331955   1.0609828233718872 0.096795260906219482, 0.094972036778926849    1.3622622489929199 -0.012587333098053932,  0.27558600902557373 -0.025745680555701256  0.044007401913404465 -0.025745680555701256   0.21495699882507324   0.05026651918888092  0.044007401913404465   0.05026651918888092   0.17731215059757233,    1.1133280632336096    0.50283646282789363     2.3798154157281814   -0.45387804286267652   0.020882922810550042    -0.0979317873666119 1.6665988589181779e-05,0.76615065336227417
IIWA_7,1715078614.1239488,-0.21541009104225445   1.0102948470538393  0.49978370384962945  -1.8005385920518766  -1.5833309631346644   -1.178154110213947  -1.2229074005617033,  1.1825567198254174 0.056188991013837231    1.368794087430514 -0.33756703180716219   1.9374182012208745   2.1014383640016163 -0.91329113216240776,  -8.2106773223876957    49.116196464538575   -23.779806652069091   -8.9921493148803702   -7.0042627716064452   0.96253984069824217 -0.049061496734619139,  13.563391169384795 -0.12555348189293336  -1.0668325324341779   4.4968792795953076   2.0903761300815589  0.63853542213811254  0.34178929301074168,0.48990964889526367  0.3071102499961853  0.2247505784034729, -0.68897593021392822  0.017103748396039009 -0.028161674737930298   0.72403490543365479,-0.18596988916397095   1.0610028505325317 0.098098613321781158, 0.099974095821380615    1.3598965406417847 -0.014798879623413086,  0.27607572078704834 -0.026127362623810768  0.043259963393211365 -0.026127362623810768   0.21388344466686249  0.051277916878461838  0.043259963393211365  0.051277916878461838   0.17787604033946991,   1.1411946673955953   0.50504394687145293    2.4518867358853669  -0.45366053693918218  0.012265276032152883  -0.10564726599593399 1.622766632181083e-05,0.76734215021133423
IIWA_7,1715078614.1289692,-0.20937591393203539   1.0104035439779919  0.50549862118791666  -1.8014891808293199  -1.5737267094762539  -1.1673922163146031  -1.2275381049696854,  1.1874124602690963 0.049299069777174069      1.3236319634759 -0.30807717654345979   1.9341047073131175   2.1116264471750492 -0.91586108204920935,-11.162649719238281  47.921158458709719 -28.014409961700441 -17.140899467468262 -6.9602440261840819  1.9127308692932128 0.54768650436401367,  13.368691713221022 -0.10641425245277536  -1.2396634649497256   4.6544419263935994   2.0648355171750867   0.5903689766898399  0.35224634903870461,0.48931586742401123 0.31250971555709839 0.22529534995555878, -0.68922615051269531  0.017999215051531792 -0.028890633955597878   0.72374629974365234,-0.18590837717056274   1.0612121820449829 0.099284715950489044,  0.10498125106096268    1.3574999570846558 -0.017120793461799622,  0.27655982971191406 -0.026488950476050377  0.042502176016569138 -0.026488950476050377   0.21280078589916229  0.052276182919740677  0.042502176016569138  0.052276182919740677    0.1784607321023941,    1.1687806176388094    0.50640906530130536     2.5246725730925235   -0.45230072598467785  0.0035924587962199439   -0.11360093161716378 1.5785073692597962e-05,0.76868772506713867
IIWA_7,1715078614.1339715,-0.20352269866731545   1.0104127118653035  0.51046584274714202  -1.8027924053099809  -1.5643607979804957  -1.1564835156814737  -1.2320941477920089,  1.1840585788040745 0.039805971314200626   1.2575944331497342 -0.29859072046120794    1.921920225680825   2.1256491830652164  -0.9149305785323063,-8.9984076614379891  52.186462837219239 -26.534499740600584 -17.600455169677733 -1.6691908264160156  1.4858624725341796 0.32807789993286135,   13.42759738377843 -0.16304520058693228 -0.99149832704077312   4.6824960707574128   2.0180368896901277  0.29433328197065967  0.40284972952502829,0.48884376883506775  0.3177679181098938 0.22568649053573608, -0.68979036808013916  0.018923474475741386 -0.029800074175000191   0.72314804792404175,-0.18087472021579742   1.0558532476425171 0.093962393701076508,  0.11006584763526917    1.3550559282302856 -0.019466187804937363,  0.27701374888420105 -0.026859233155846596  0.041766289621591568 -0.026859233155846596   0.21175476908683777  0.053259424865245819  0.041766289621591568  0.053259424865245819   0.17904871702194214,    1.1968480688295813     0.5068846452225273     2.5976021963192153   -0.44991176409059364 -0.0056846046643244108   -0.12381344198875155 1.5258147634256147e-05,0.76509338617324829
IIWA_7,1715078614.1389916,-0.19775714801843086   1.0104499229394543   0.5149549536107314  -1.8041233733262654  -1.5548716887542942  -1.1454306448525604  -1.2366583398838589,  1.1778688889986433 0.033333220017396067   1.1856399810633629 -0.29211129702034705     1.91710054959272   2.1426341796087041 -0.91451214649984491, -8.4889370155334465   51.285815521240231  -19.394659233093261  -13.129911384582519  -2.0864885330200194   3.0965480728149415 -0.43120716857910157,     13.726878974738 -0.34112720428781418 -0.24082777700674818   4.7314389670553023   1.9717853173131936 -0.12667698225518675  0.46691351563699568,0.48839554190635681 0.32266420125961304 0.22588884830474854, -0.69058847427368164  0.019834473729133606 -0.030744627118110657   0.72232186794281006,-0.17515231668949127   1.0372860431671143 0.081929050385951996,  0.11534777283668518    1.3526363372802734 -0.021948857232928276,  0.27743703126907349 -0.027192749083042145  0.041068952530622482 -0.027192749083042145   0.21080206334590912  0.054180514067411423  0.041068952530622482  0.054180514067411423    0.1795753687620163,    1.2226794174043931     0.5060801376313151     2.6662251031588369   -0.44625530731234875   -0.01478948152300319   -0.13530149528584445 1.4711665663469375e-05,0.75170338153839111
IIWA_7,1715078614.1439707,-0.19203839575544462   1.0104247560552222  0.51936029477887746  -1.8052165743749691  -1.5453290818703933  -1.1341276033283216   -1.241289703480883,  1.1710452017183641 0.025659900644630741   1.1247256315765326 -0.27741707956442552   1.9153847150302101   2.1662290046565147 -0.91686426108083985, -5.7305365791320799   51.632631950378418  -14.104486408233642  -9.3812750244140624  -1.3725044822692871   2.0245376815795897 -0.39916700744628908,   14.15185644543493 -0.90923985220653403   1.0828536601364762   5.0858202399094328    1.995436828227934  -0.8046037420306269  0.47165577360272098,0.48786947131156921 0.32720744609832764 0.22574889659881592, -0.69173192977905273  0.020962607115507126 -0.031615190207958221   0.72115743160247803,-0.17308257520198822   1.0082467794418335 0.058150961995124817,  0.11962032318115234    1.3504635095596313 -0.023846521973609924,  0.27786111831665039 -0.027489025145769119  0.040370434522628784 -0.027489025145769119   0.20993919670581818  0.055074449628591537  0.040370434522628784  0.055074449628591537   0.17999890446662903,    1.2461740313041147    0.50446996281117151     2.7316305619171644   -0.44193795174241046  -0.024108401640354771   -0.14909049884526127 1.4095228983990182e-05,0.73082888126373291
IIWA_7,1715078614.1489708,-0.1862942368436202  1.0104095960162562 0.52390165687328072 -1.8060109486576263 -1.5357069956594165 -1.1229216938493625 -1.2459326918433897,  1.1666025178476682  0.01992151895706637   1.0814349890373562 -0.25370863495783136   1.9171912204632411   2.1812195828835783 -0.91921094336494236, -4.4239258460998538     53.8640864944458  -10.987959232330322  -9.9790495872497562  0.53438756942749022   1.2312099418640137 0.075427879333496095, 15.465242722125542 -2.1415469949603501  4.1920711118096081  5.5561140457426852  1.8288749493963201 -2.4387777450482671 0.45909023858811315, 0.4870598316192627  0.3357517421245575 0.22500030696392059, -0.69453412294387817  0.023690586909651756 -0.033611681312322617   0.71828365325927734, -0.1684795469045639  0.97577345371246338 0.029941931366920471,0.12360996752977371  1.3484790325164795 -0.0250566266477108,  0.27827343344688416 -0.027774300426244736  0.039674807339906693 -0.027774300426244736   0.20913723111152649  0.055949673056602478  0.039674807339906693  0.055949673056602478   0.18037332594394684,    1.2687746059398819    0.50207601025942239     2.7953953874941817   -0.43702877783413641  -0.034050961550846637   -0.16485237326779867 1.3352850380954351e-05,0.70736581087112427
IIWA_7,1715078614.1539965,-0.1805035193105034  1.0104266136309616 0.52865076550854884 -1.8066501272814488 -1.5258695768339809 -1.1121185142956456  -1.250545060476749,  1.1649107156028067 0.016617919753869326   1.0551123366406099 -0.22853405291916334   1.9272497293880146   2.1771028484555388 -0.91986350002632322, -4.3311726150512699    54.88571628570557   -11.95461088180542  -10.100541324615479  -1.2747828674316406   1.6006730499267579 -0.16487332916259764, 15.465242722125542 -2.1415469949603501  4.1920711118096081  5.5561140457426852  1.8288749493963201 -2.4387777450482671 0.45909023858811315, 0.4870598316192627  0.3357517421245575 0.22500030696392059, -0.69453412294387817  0.023690586909651756 -0.033611681312322617   0.71828365325927734, -0.15986119210720062   0.94657021760940552 0.0062328451313078403, 0.12803657352924347   1.3465757369995117 -0.02503085695207119,  0.27865386009216309 -0.028074171394109726  0.038999889045953751 -0.028074171394109726   0.20835623145103455  0.056816834956407547  0.038999889045953751  0.056816834956407547   0.18076804280281067,    1.2921011164097607    0.49910255461771413      2.859514428240395   -0.43142495043646534  -0.044470914368766046   -0.18198810061242909 1.2529881132650189e-05,0.68619948625564575
IIWA_7,1715078614.1589708,-0.17467990504806347   1.0104196627481326  0.53345338375702156  -1.8071236240901238  -1.5159800026835739  -1.1015674828952966  -1.2551459842226211,  1.1648731429798427 0.013016300489931736    1.036194599251397 -0.20176711468233202   1.9373827495266931   2.1637235347783896 -0.91992774985594572, -4.9360849914550782   54.791618804931637  -17.555556049346922  -11.742440528869629 -0.80290191650390619   2.8749369583129885  0.10880304718017578, 16.063939036976972 -2.4251996861916227  5.2973938291867331  5.5383573812549542  1.6737666340067685  -3.070236569108697 0.49695183644982233,0.48677107691764832 0.34001439809799194 0.22472390532493591, -0.69591885805130005   0.02499125711619854 -0.034734755754470825   0.71684437990188599,  -0.15056480467319489    0.92454361915588379 -0.0082115428522229195, 0.12803657352924347   1.3465757369995117 -0.02503085695207119,  0.27901056408882141 -0.028374079614877701  0.038334250450134277 -0.028374079614877701    0.2075621634721756  0.057673647999763489  0.038334250450134277  0.057673647999763489   0.18121030926704407,     1.315911137958814     0.4955094456446929     2.9245221679783384   -0.42488435407506131   -0.05489749501386143   -0.19901616982753723 1.1705421520957771e-05,0.67031967639923096
IIWA_7,1715078614.163949,-0.16885149712974984   1.0104315270600552  0.53812064015919592  -1.8074953747483924  -1.5060163181879358  -1.0913031739662993    -1.25972240016422,  1.1650348311164191 0.010887612868852687    1.015645935488092 -0.17628371807660781   1.9484535794468791    2.141551184982605 -0.91899883754871081, -4.6161535568237309   56.912844871520996  -18.502839450836181  -12.455544204711915 -0.22889747619628906   2.6539933471679689 0.016020080566406251, 16.408709494699611 -2.5256112052933832  5.8940625863074283  5.5517586426848942  1.5194078694438731 -3.4326987483542264 0.51836161742985865,0.48645401000976562 0.34434846043586731 0.22462747991085052, -0.69709372520446777  0.026273885741829872 -0.035786721855401993   0.71560418605804443,-0.14423978328704834  0.90985739231109619 -0.01251596212387085, 0.12803657352924347   1.3465757369995117 -0.02503085695207119,   0.2793576717376709 -0.028654055669903755  0.037660136818885803 -0.028654055669903755   0.20673823356628418  0.058516394346952438  0.037660136818885803  0.058516394346952438   0.18169723451137543,    1.3395032421676945    0.49127784748836945     2.9903111469939958   -0.41737035803190992  -0.065073703574114461   -0.21498705217481984 1.0924232185516303e-05,0.66000586748123169
IIWA_7,1715078614.1689723,-0.16297988609471392   1.0104573531333294  0.54277543294701558  -1.8077678360253429   -1.495911507241646  -1.0814532197280269  -1.2642565118336611,   1.1668923062945722 0.0097431332260489931   0.99870845990326007  -0.15192542553930483     1.962955301409095      2.10723911751698  -0.91656353681661129,  -1.641328914642334   57.129269077301025  -17.706100158691406  -11.253832454681396 -0.89798240661621087   3.1933360595703126 -0.18556593322753906,-65.291390681689393 -7.1721316559888617 -52.400079809524037  15.110173240770768  6.5912624485131559 -2.7134493613278226 0.54629391801481486,0.48612907528877258 0.34869563579559326 0.22463808953762054, -0.69817608594894409  0.027498519048094749 -0.036817509680986404   0.71444970369338989, -0.13941219449043274   0.89873677492141724 -0.011612535454332829, 0.12803657352924347   1.3465757369995117 -0.02503085695207119,  0.27968895435333252 -0.028918556869029999  0.036989886313676834 -0.028918556869029999   0.20590586960315704  0.059342198073863983  0.036989886313676834  0.059342198073863983   0.18221427500247955,    1.3628131850280667    0.48630201979094068     3.0562698306928482   -0.40879415530881147  -0.075032554188503298    -0.2305190293823145 1.0175681630641975e-05,0.6523367166519165
IIWA_7,1715078614.1739717,-0.15701701506558355   1.0104763480969943  0.54745197711880433  -1.8078126570622817  -1.4857712231764411   -1.072019896962489  -1.2687710891236157,  1.1720286862008726 0.008554305127433777  0.98602853479415831 -0.12333318190899641   1.9759756037354741   2.0631242046350993 -0.91383392105147454, -1.5512641830444336   57.911622417449948  -15.926862468719483  -11.968696880340577 -0.90062353134155271   2.7250824546813965  0.12015060424804687,-64.416452791082918 -6.9578383127767793 -51.666523904346825  14.504019752832345  6.3525879794426192 -2.8134276373081502  0.5594638665847862,0.48580557107925415 0.35297882556915283 0.22466748952865601, -0.69920796155929565  0.028754604980349541 -0.037817098200321198   0.71333813667297363,-0.13530914485454559  0.88737547397613525 -0.01015479676425457, 0.12803657352924347   1.3465757369995117 -0.02503085695207119,  0.28000685572624207 -0.029162360355257988  0.036323100328445435 -0.029162360355257988    0.2050885409116745  0.060145463794469833  0.036323100328445435  0.060145463794469833   0.18273362517356873,    1.3852709415838049    0.48049249086279389     3.1213269987135916   -0.39925321340650299  -0.084894089557252528    -0.2459637433576134 9.4287777585577714e-06,0.64454728364944458
IIWA_7,1715078614.1789782,-0.15197668984522311   1.0104240369795703  0.55086933877552624  -1.8072778610177842  -1.4753363188068533  -1.0629388505805091  -1.2732361117164506,   1.1392359577751157 0.0047509994049875605   0.92551729410420291 -0.077274703747298515     1.998176657771888    2.0137412189872768  -0.90966804055457473, 17.654031642913818   64.66647728729248  1.8655144309997558  -19.06715976715088 -2.1859708976745607  1.7692176475524903 0.15219076538085938,-63.759137888505435  -6.671257469975008 -51.204773502231291  13.950891649865312   6.121930677680246 -2.7862142735891844 0.55405343399325413,0.48545342683792114 0.35726025700569153 0.22479429841041565, -0.70010298490524292  0.030022013932466507 -0.038745857775211334   0.71235752105712891,  -0.13306537270545959    0.87832045555114746 -0.0050817183218896389, 0.12803657352924347   1.3465757369995117 -0.02503085695207119,  0.28031489253044128 -0.029380509629845619  0.035654023289680481 -0.029380509629845619    0.2042669951915741  0.060926392674446106  0.035654023289680481  0.060926392674446106   0.18327078223228455,    1.4068733062897465    0.47383382015819819     3.1859265801177372   -0.38864655256798386  -0.094500793327512156   -0.26066645289901658 8.7206384336013798e-06,0.63856798410415649
IIWA_7,1715078614.1839263,-0.14710042851979324   1.0104982193632663  0.55388606773826832  -1.8068029861625816  -1.4647231852537763  -1.0546248544790817  -1.2776276710012413,   1.1064392192372874  0.006768094871832173   0.86108299379304543 -0.042824768789735235    2.0230666683405918    1.9435528192469158  -0.90339680383528931,  44.561878395080569   63.877402698516846   20.628064479827881  -20.873689079284667  -3.2371385383605955  0.47559614181518556 -0.20225351715087891,-59.451646769678064 -5.6890811140843223 -48.234545600935135  11.324449646043501  4.8710063115294879 -2.9894674038370193 0.60634979389140431, 0.4855523407459259 0.36496800184249878 0.22508804500102997, -0.70178496837615967  0.032964758574962616 -0.041288826614618301     0.710426926612854,-0.095747366547584534   0.83161520957946777  0.002810424892231822, 0.12803657352924347   1.3465757369995117 -0.02503085695207119,  0.28076130151748657 -0.029881875962018967  0.034495752304792404 -0.029881875962018967   0.20283551514148712  0.062323424965143204  0.034495752304792404  0.062323424965143204   0.18434537947177887,    1.4511447059222249    0.45879125058778669     3.3055999741282704   -0.36762598007022973   -0.11547937715050693   -0.29212390339417027 6.9777197353459997e-06,0.60292106866836548
IIWA_7,1715078614.1889803,-0.14152638575932991   1.0104855759799987  0.55751584981850888  -1.8062769385809596  -1.4540558827893697  -1.0471057719670509  -1.2819803415141375,   1.1081130858083632 0.0049087405667587701   0.83405767824405885 -0.013217911766908098     2.045145433248738    1.8556055558787654  -0.89682426358408063,  44.162636226654051   56.712551662445065   16.769381256103514  -20.328737010955809  -3.2256936645507812  0.13516942977905275 -0.12048435592651367,-55.669726060134259 -5.3155099810926032 -45.422959125138618  9.5659050861351211   3.874603537987908 -3.3001093411218236 0.57906977562233219,0.48604112863540649 0.36813163757324219 0.22507357597351074, -0.70256668329238892  0.034956369549036026 -0.042855635285377502   0.70946568250656128,-0.095747366547584534   0.83161520957946777  0.002810424892231822, 0.12803657352924347   1.3465757369995117 -0.02503085695207119,  0.28076130151748657 -0.029881875962018967  0.034495752304792404 -0.029881875962018967   0.20283551514148712  0.062323424965143204  0.034495752304792404  0.062323424965143204   0.18434537947177887,    1.4511447059222249    0.45879125058778669     3.3055999741282704   -0.36762598007022973   -0.11547937715050693   -0.29212390339417027 6.9777197353459997e-06,0.60292106866836548
IIWA_7,1715078614.1939785,-0.13556890768850513   1.0103282230942081   0.5610371147435097  -1.8056160085731681  -1.4432998971786095  -1.0403023874584065  -1.2862895092590956,    1.1247895914796817 -0.0023671229782150438    0.80809673959528006   0.015862870898135491     2.0663557710293983     1.7566198250487872    -0.8898261206655862,  30.042637111663819   53.315632606506348 -0.01408599853515625  -17.154985466003417  -2.3294720077514648   2.8068516159057615  0.15018825531005858,-55.669726060134259 -5.3155099810926032 -45.422959125138618  9.5659050861351211   3.874603537987908 -3.3001093411218236 0.57906977562233219,0.48604112863540649 0.36813163757324219 0.22507357597351074, -0.70256668329238892  0.034956369549036026 -0.042855635285377502   0.70946568250656128,  -0.065283186733722687     0.78979623317718506 -0.00052492943359538913, 0.12803657352924347   1.3465757369995117 -0.02503085695207119,  0.28090143203735352 -0.030154315754771233  0.034009262919425964 -0.030154315754771233    0.2022910863161087  0.062922000885009766  0.034009262919425964  0.062922000885009766   0.18480563163757324,    1.4722737686430065    0.45091539663832947     3.3570657431090112   -0.35854759312581308    -0.1271494540615592   -0.30919596701917129 5.8946652004010502e-06,0.57121032476425171
IIWA_7,1715078614.1989393,-0.12978082669338961   1.0100826063992336  0.56355931469834242  -1.8047735175265287  -1.4323928144002469  -1.0337283809922935  -1.2905361193858405,   1.1313549129883662 -0.011718366181550872   0.74736538986953271  0.046389938584082788    2.0893679279580231    1.6682561186835523  -0.88172530160226403,  19.744339965820313   51.949874885559083  -6.1916767311096192  -15.842346477508544 -0.85044216156005858    2.183737232208252   -0.021360107421875,-54.726772938503736  -4.632243896052894 -45.090066908985399  8.6500084852667598  3.4075198767764503 -2.9242186466543436 0.55431841718010544, 0.4861101508140564 0.37184303998947144 0.22550000250339508, -0.70292520523071289  0.036486133933067322 -0.044002261012792587   0.70896309614181519,-0.05814148485660553  0.77837955951690674 0.014662585221230984, 0.12803657352924347   1.3465757369995117 -0.02503085695207119,   0.2810833752155304 -0.030338117852807045  0.033464085310697556 -0.030338117852807045   0.20161452889442444  0.063523337244987488  0.033464085310697556  0.063523337244987488   0.18535593152046204,    1.4912005828131569      0.441105938564057     3.4115493887387771   -0.34598877440128462   -0.13676196287448761   -0.32173435584592625 5.1907642628634676e-06,0.56322795152664185
IIWA_7,1715078614.2039764,-0.12433687270322215   1.0097102565476161   0.5652736580292953  -1.8037450313229935  -1.4212956137791293  -1.0277247636155291  -1.2947196924742435,  1.1228420899973917 -0.02426868700994041  0.66646604513374152 0.078251399008675809    2.115382367211124   1.5747495900174162 -0.87272316481793144,  24.345706775665285   54.216279922485349 -0.46395757675170896  -13.463573474884033  -2.5478049850463869   2.5745604476928712 -0.25698879241943362,-54.579618614229204 -3.8004089336369287 -45.388817898882877   7.919952866249333  3.0677579043967103 -2.3106721870411011 0.53951693997230388,0.48606047034263611 0.37569186091423035  0.2261291891336441, -0.70308178663253784  0.037815097719430923 -0.045027721673250198   0.70867377519607544,-0.05713995173573494  0.77492624521255493 0.035040542483329773, 0.12803657352924347   1.3465757369995117 -0.02503085695207119,  0.28126263618469238 -0.030475448817014694  0.032924585044384003 -0.030475448817014694   0.20092496275901794  0.064091719686985016  0.032924585044384003  0.064091719686985016   0.18592670559883118,    1.5082411591773592    0.42943693567032426     3.4645881483017504   -0.33114391664312848   -0.14542433899755736   -0.33212849524133503 4.6397801156672358e-06,0.561695396900177
IIWA_7,1715078614.2089732,-0.11894067583012777   1.0093010551596737  0.56676539443163332  -1.8024833321522282  -1.4101135650236234  -1.0222586987035664  -1.2988805554475025,   1.1141215469216887 -0.035783005125649373   0.59284229220051399   0.11306908603755027    2.1395878439891343    1.4784422684924396  -0.86461305078470585,  28.897336345672606   56.523012451171873   6.4575499534606928  -16.919925365447998  -1.4737475967407225   1.2151898612976073 0.085106678009033196,-52.861661825451577 -3.2168023325523825 -44.105408856484608  6.7724083057958246   2.418857360658226 -2.1093300428418855 0.51838405940593879,0.48632851243019104 0.37909165024757385 0.22651278972625732, -0.7034308910369873 0.039430771023035049 -0.04632095992565155  0.70815575122833252,-0.042862206697463989   0.75439655780792236  0.041418410837650299, 0.12803657352924347   1.3465757369995117 -0.02503085695207119,  0.28138184547424316 -0.030639203265309334  0.032464295625686646 -0.030639203265309334   0.20038735866546631  0.064606577157974243  0.032464295625686646  0.064606577157974243    0.1864154040813446,    1.5244905729057123    0.41678944259881945     3.5111928352229427   -0.31653306959800176   -0.15497289605903575   -0.34469227150779602 3.9207161961485326e-06,0.54688495397567749
IIWA_7,1715078614.2139764,-0.11346376522402719   1.0089436256914992  0.56829817683282136  -1.8013188849090458  -1.3988393813841022  -1.0174341494112948  -1.3029873096142082,    1.110373661781374 -0.042923582827500278   0.53558512980793271    0.1370331585573375    2.1626376207721538    1.3757357864848161  -0.85596060729599255, 28.545142917633058  56.204425266265872  6.2823553466796875 -16.274610557556151 -2.1269857788085935  1.0015887870788573 0.13249941635131837, -49.78428931825983 -2.6106873380299631 -41.737354898716397  5.1315570945895894   1.456263743178805  -2.084861870110382 0.49801417704448764,0.48694580793380737 0.38202688097953796 0.22681692242622375, -0.70379185676574707  0.041314389556646347 -0.047912448644638062   0.70758360624313354, -0.0165364108979702  0.71960681676864624 0.043338343501091003, 0.12803657352924347   1.3465757369995117 -0.02503085695207119,  0.28143131732940674 -0.030837487429380417  0.032094959169626236 -0.030837487429380417   0.19998432695865631  0.065053507685661316  0.032094959169626236  0.065053507685661316   0.18684829771518707,    1.5405529319885147    0.40382095547908392     3.5512443378378222   -0.30299994705540456   -0.16529385450869682   -0.35827582810465941 3.0950193519174718e-06,0.52141427993774414
IIWA_7,1715078614.2189736,-0.10800039673667594   1.0085513220359592  0.56964214766111632  -1.8000528713934527  -1.3875254103462882  -1.0131163529766811  -1.3070526582442379,   1.1068336689191494 -0.050031012483599979   0.48222693697814462   0.16026706746959313     2.182668938130286    1.2733004865724016  -0.84738243103798283,   24.019054092407227    54.622243339538578   0.81874866485595699   -15.153012924194336    -2.210621395111084    2.0275414466857908 -0.079766651153564447,-46.858600278874277 -1.8806736399840618 -39.624426811929133  3.4357603531401164 0.49825372776378907 -1.9635336290754652 0.49015278968225573,0.48768970370292664 0.38485300540924072 0.22721819579601288, -0.70401495695114136  0.043206125497817993 -0.049600590020418167   0.70713222026824951, 0.01007403526455164  0.68758612871170044 0.048911988735198975, 0.12803657352924347   1.3465757369995117 -0.02503085695207119,  0.28144821524620056 -0.031040135771036148  0.031765308231115341 -0.031040135771036148   0.19961445033550262   0.06546049565076828  0.031765308231115341   0.06546049565076828   0.18728986382484436,    1.5564364878066783    0.39027406723057823     3.5887273432608779   -0.28933237952255553   -0.17553730087627173   -0.37100382170507373 2.3315527286627002e-06,0.49874582886695862
IIWA_7,1715078614.2239742,-0.10271409517443185   1.0080777054540642  0.57049170936380478  -1.7987171696079045  -1.3761729937193099  -1.0091201533098675  -1.3110722272152373,    1.096918997625083 -0.058969473262681676   0.41976401769005417   0.18164172539760268      2.20023181558336    1.1784883759304667  -0.83868870367036319,  21.141015430450441   52.224101829528806   -2.462408618927002  -13.807800064086914 -0.59865493774414058   1.5045525665283204 0.084772926330566406, -44.858344567835964  -1.2130726230191491  -38.284688241497797   2.1930652576898875 -0.24415873136175925  -1.6610762222103501  0.43579350994112404,0.48828935623168945 0.38773170113563538 0.22773100435733795, -0.70401960611343384   0.04508918896317482 -0.051096625626087189   0.70690345764160156,0.025833681225776672  0.66411936283111572 0.057840567082166672, 0.12803657352924347   1.3465757369995117 -0.02503085695207119,  0.28147688508033752 -0.031197143718600273  0.031417116522789001 -0.031197143718600273   0.19922490417957306  0.065849430859088898  0.031417116522789001  0.065849430859088898   0.18773531913757324,    1.5704360709012377    0.37609847900288429     3.6251794489388089   -0.27485505530311372   -0.18507393029398855   -0.38168596206666905 1.7207870683932924e-06,0.48289987444877625
IIWA_7,1715078614.2289979,-0.097649142267494979    1.0075367974846923   0.57083937175131894   -1.7973656487034317   -1.3648443538872643   -1.0055091265377689   -1.3150424811446397,   1.0801333143775413 -0.068811897385021165   0.34971770965260968   0.19937421649699291    2.2133310457485109    1.0872317716283162  -0.82976112011238756,   22.271529449462889    52.589737754821776   -1.6172487068176269   -10.200023689270019    -1.746663818359375    2.2171124000549316 -0.036045181274414063,  -43.00283344936296 -0.51051896502780836   -37.09753133941733  0.98214675699637044 -0.95605579476373692  -1.3087339337907467  0.38266391245154413,0.48893094062805176 0.39053335785865784 0.22831711173057556,  -0.7039029598236084  0.046971384435892105 -0.052608732134103775   0.70678615570068359,0.040493033826351166  0.64236575365066528 0.068013116717338562, 0.12803657352924347   1.3465757369995117 -0.02503085695207119,  0.28148713707923889 -0.031345028430223465  0.031093401834368706 -0.031345028430223465   0.19885921478271484    0.0662064328789711  0.031093401834368706    0.0662064328789711   0.18817941844463348,     1.583692560984673    0.36136434014721885     3.6593102397253219   -0.26009358097756063    -0.1943641752673031   -0.39135415900037884 1.1900391783115083e-06,0.46872612833976746
IIWA_7,1715078614.233974,-0.092713139739849376    1.0069451962090299   0.57086357990437631   -1.7958866155709712   -1.3536729469278066   -1.0021761937655322   -1.3190073421157369,  1.0615467526078572 -0.07871356893451209  0.28074249384438255  0.21866069849601677   2.2175211149771181   1.0031027281921201 -0.82240333493379658, 24.618589469909669  51.703877185821533  1.1999510002136231 -10.797798252105713 -1.2316444969177245   1.646397029876709 0.20292102050781249, -40.567946228771525   0.1036921880403161  -35.351368495991665 -0.35275075552112828  -1.7701815197617368  -1.1014193839702133  0.33131880984208978,0.48974341154098511 0.39306828379631042 0.22883607447147369, -0.70381247997283936  0.048980526626110077 -0.054266039282083511   0.70661455392837524,0.059612210839986801   0.6143568754196167 0.073539003729820251, 0.12803657352924347   1.3465757369995117 -0.02503085695207119,  0.28145888447761536 -0.031508516520261765  0.030821885913610458 -0.031508516520261765   0.19857506453990936  0.066527694463729858  0.030821885913610458  0.066527694463729858   0.18858432769775391,    1.5965198031500094    0.34642658450412256     3.6893411814009625   -0.24588982659956571   -0.20391103338734951   -0.40147283722902216 6.6552097166550084e-07,0.4503517746925354
IIWA_7,1715078614.238975,-0.087823515955500087    1.0063042798917712   0.57076399098092523   -1.7943848723233669   -1.3426230122662939  -0.99920446549955888   -1.3229425420888608,   1.0448223534602574 -0.088607507837958108   0.22061043813746295   0.23499828870098646     2.216014278442203   0.92135131319263053  -0.81533066687199174,  26.078444671630859   54.185362178802492   2.7520519638061525   -11.60686279296875 -0.33982471466064451   1.2792701835632325  0.13650443649291993, -34.649006956306948   1.1359889294480436  -30.828357913270732  -3.1531348932607832  -3.5335620648791561 -0.95780149153875382  0.25460376831511178,0.49179074168205261 0.39738321304321289 0.22970074415206909, -0.70366710424423218  0.053208950906991959 -0.057954344898462296   0.70616054534912109, 0.10436439514160156  0.54624700546264648 0.075506582856178284, 0.12803657352924347   1.3465757369995117 -0.02503085695207119,  0.28130218386650085 -0.031869452446699142  0.030425213277339935 -0.031869452446699142   0.19822840392589569  0.067066758871078491  0.030425213277339935  0.067066758871078491   0.18928073346614838,     1.6204872395677583     0.31647238337573214      3.7374566942744991    -0.21938724009729071    -0.22322264882213005    -0.42214617255709186 -2.5340618492464273e-07,0.40680405497550964
IIWA_7,1715078614.2439725,-0.082963673160509885    1.0057380851558642    0.5705645135918902    -1.792992005768828   -1.3317578262911585   -0.9965468438118178   -1.3268471823285302,   1.0302515945678139 -0.093533795706647369   0.16850925494856916   0.24371329314234325    2.2074188617591792   0.84338591806374785   -0.8084501430843698,  24.572884979248048   52.650228992462161   1.4323699760437012  -9.5133312606811522  -2.5213937377929687   1.7725551643371582 -0.28235391998291015, -32.088491010651339    1.673193028050274  -28.900011858814047  -4.3990834398549499  -4.2981060366452013 -0.82657917635192346  0.23726085472730138, 0.4928717315196991 0.39938628673553467 0.23017369210720062, -0.70352298021316528  0.055245425552129745 -0.059860069304704666   0.70598876476287842, 0.12283903360366821   0.5163116455078125 0.078118018805980682, 0.12803657352924347   1.3465757369995117 -0.02503085695207119,  0.28119847178459167 -0.032047111541032791  0.030267983675003052 -0.032047111541032791   0.19809909164905548   0.06729966402053833  0.030267983675003052   0.06729966402053833   0.18961323797702789,     1.6316632704533873     0.30127556490811003      3.7581402566857491    -0.20625764082193854    -0.23245886273937089    -0.43153284186647767 -5.7063598291051676e-07,0.38890621066093445
IIWA_7,1715078614.2489798,-0.078205516411150144    1.0051302453368414   0.57017886127704631    -1.791622448631865   -1.3212542763767605  -0.99406616916688084   -1.3307722556831678,   1.0145275456286407 -0.099140629326229621   0.11938131136509986    0.2497529199923931    2.1860770859832614   0.77393572024847646  -0.80376304865300208,   22.815950588226318      49.8662878112793  -0.74127567291259766   -9.8170606040954596  -0.33366209030151367    1.5072225799560546 0.0046725234985351563, -30.045243331573623   2.0338537185846279  -27.283076962038447  -5.2792931577782172  -4.8941938475078537 -0.69597748090963174  0.19960946922008008, 0.4938565194606781 0.40134379267692566 0.23060737550258636, -0.70333635807037354   0.05724450945854187 -0.061652019619941711   0.70586121082305908, 0.13406312465667725  0.49054038524627686 0.078667037189006805, 0.12803657352924347   1.3465757369995117 -0.02503085695207119,  0.28110393881797791 -0.032195109874010086  0.030104432255029678 -0.032195109874010086   0.19797968864440918  0.067522875964641571  0.030104432255029678  0.067522875964641571   0.18992222845554352,     1.6411883739424482      0.2859471181624329      3.7772293937852197    -0.19291446975433502    -0.24116798076523338    -0.44001492524170516 -7.8259088098775464e-07,0.3731180727481842
IIWA_7,1715078614.2539775,-0.073600278320450074    1.0044510993276468   0.56952572100095578   -1.7903635656589312   -1.3110419910221927  -0.99179995229011508   -1.3346988869623293, 0.99583156013091534 -0.10647834382876806 0.069379438048458461  0.25015765491126896   2.1573530829693235  0.70979725126941151 -0.80007569008886115,  21.124884433746338   51.080145313262939 -0.28700222015380861  -8.6452816009521491 -0.36799671173095705    1.575641674041748  0.18322967147827149, -30.045243331573623   2.0338537185846279  -27.283076962038447  -5.2792931577782172  -4.8941938475078537 -0.69597748090963174  0.19960946922008008, 0.4938565194606781 0.40134379267692566 0.23060737550258636, -0.70333635807037354   0.05724450945854187 -0.061652019619941711   0.70586121082305908, 0.13406312465667725  0.49054038524627686 0.078667037189006805, 0.12803657352924347   1.3465757369995117 -0.02503085695207119,  0.28110393881797791 -0.032195109874010086  0.030104432255029678 -0.032195109874010086   0.19797968864440918  0.067522875964641571  0.030104432255029678  0.067522875964641571   0.18992222845554352,     1.6411883739424482      0.2859471181624329      3.7772293937852197    -0.19291446975433502    -0.24116798076523338    -0.44001492524170516 -7.8259088098775464e-07,0.3731180727481842
IIWA_7,1715078614.2589719,-0.069166115112285834    1.0037635043977096   0.56866735083969855   -1.7891947441843108   -1.3011911499166775  -0.98978120957498039   -1.3386282746617948,  0.9740317764313019 -0.11268647226050231 0.021168743988477692  0.24687898291383059   2.1199161105960647  0.64858750962091694 -0.79723606004970859,   21.810451793670655    50.082712017059329   0.83195428848266595   -7.6610224533081057   -1.5582635879516602    1.7051373252868651 -0.020692604064941406,-28.158784057211726  2.3397168616451642 -25.717144766178063 -6.0239710891790388 -5.3911080103585354 -0.6018181136159807 0.19355111565535499,0.49482211470603943  0.4031929075717926 0.23100344836711884, -0.70318716764450073  0.059108033776283264 -0.063463710248470306   0.70569568872451782, 0.14259546995162964  0.46563312411308289 0.077746942639350891, 0.12803657352924347   1.3465757369995117 -0.02503085695207119, 0.28100207448005676  -0.0323360376060009 0.029961677268147469  -0.0323360376060009  0.19789013266563416 0.067730776965618134 0.029961677268147469 0.067730776965618134  0.19020707905292511,     1.6498768513351081     0.27066950400556067      3.7942487984841122    -0.17964464551312176    -0.24944850184116518    -0.44820396258060669 -9.1921226186286731e-07,0.35762125253677368
IIWA_7,1715078614.2639422,-0.064873305902074449    1.0030337249688346   0.56769800686319649   -1.7881124488254381    -1.291814884080599  -0.98796919478292589     -1.34258097156067,  0.95093778955349695  -0.11934035496340094 -0.021838763869300136   0.24079500068597329    2.0709835219199935   0.59135059937891377  -0.79589672399477607,   20.755215759277345    49.559798873901364    1.1154350090026854    -8.227103519439698  -0.49036882400512694    1.3690493850708008 -0.044055221557617187,-26.229354962919736  2.5663226328662283 -24.028105407201696 -6.6628919838973948 -5.8468905612566555 -0.5619604738993268 0.19955488555623463,0.49578139185905457 0.40487745404243469 0.23133803904056549, -0.70308554172515869  0.060904540121555328 -0.065301209688186646   0.70547652244567871,  0.1495286226272583  0.43913194537162781 0.074667036533355713, 0.12803657352924347   1.3465757369995117 -0.02503085695207119, 0.28089025616645813 -0.03247075155377388 0.029843781143426895 -0.03247075155377388  0.19784542918205261 0.067921079695224762 0.029843781143426895 0.067921079695224762  0.19045253098011017,     1.6575119652548764     0.25559985932677165      3.8084962647673137    -0.16673798713195964    -0.25740528804174545    -0.45629859084517221 -9.9124708441422626e-07,0.34075817465782166
IIWA_7,1715078614.2689753,-0.060757024201148306    1.0022763219957223   0.56662799534976549   -1.7871700693132146   -1.2828622845286044  -0.98637277615004704   -1.3465366646444556,  0.92540149967984342  -0.12576840289521402 -0.060271471632680179   0.23033118103771558    2.0148907996157774   0.53693722481828499  -0.79494510254724604,   17.793833614349364    50.576051666259765  -0.42610145568847657   -7.4858278465270995  -0.19104135513305665    1.0499827804565429 -0.013350067138671875,  -24.32611020886533   2.7207856664628043  -22.309831423968614  -7.1891545955272367  -6.2470172416632552 -0.55899863633047131  0.21873586763655778,0.49671965837478638 0.40641379356384277 0.23161496222019196, -0.70300745964050293  0.062609434127807617 -0.067141860723495483   0.70523226261138916, 0.15458536148071289    0.412017822265625 0.070003852248191833, 0.12803657352924347   1.3465757369995117 -0.02503085695207119,   0.2807738184928894 -0.032595273107290268  0.029744898900389671 -0.032595273107290268   0.19783571362495422  0.068093821406364441  0.029744898900389671  0.068093821406364441   0.19066342711448669,     1.6640447113607237      0.2408651430361175      3.8202590636915446    -0.15426811393659534    -0.26495741239340731    -0.46403466301825347 -9.9509556150678691e-07,0.32316377758979797
IIWA_7,1715078614.2739751,-0.056884321959627428    1.0015110692952158   0.56534933845090485   -1.7863502884908022   -1.2743501292853261  -0.98500807255556766   -1.3504988890775513,  0.89522928940470992  -0.13122483033642821 -0.099363453260569806    0.2170561777266688    1.9523988494237543   0.48413792363380309  -0.79444505936162424,  16.141750701904297   49.628355609893802  -1.8153330612182617  -7.0130665206909182 -0.86188703536987299   1.9103946075439453 0.074760375976562501,-21.130808171013417  2.9774727190279773 -19.299443497515703  -7.852420115221884 -6.7619201375504021 -0.5340626799833752 0.32958144933268635,0.49840065836906433 0.40918305516242981 0.23209951817989349, -0.70291638374328613  0.065505042672157288 -0.070772700011730194   0.70470482110977173, 0.15537315607070923  0.36171066761016846 0.061020154505968094, 0.12803657352924347   1.3465757369995117 -0.02503085695207119, 0.28054541349411011 -0.03280479833483696 0.029587676748633385 -0.03280479833483696  0.19787289202213287 0.068396769464015961 0.029587676748633385 0.068396769464015961  0.19100821018218994,     1.6741359892726848     0.21248321270306292        3.83835841843716    -0.13014249220510976    -0.27843415174277908    -0.47792333854168589 -8.2701667736273521e-07,0.28889885544776917
IIWA_7,1715078614.2789755,-0.053227335759585277    1.0007171144369944   0.56381589696975809   -1.7856329726762818   -1.2663564595265366  -0.98376788500416568   -1.3544686635868251, 0.86246287952545397 -0.13673805859799953 -0.14082842185432615  0.20233757476215072   1.8816658698905817  0.43691784096312181 -0.79434702786024802,  16.06109571838379  50.593526912689207 -2.0424697875976561 -6.3210918426513674 0.18928060531616211  1.1467707672119141 0.18556593322753906,-21.130808171013417  2.9774727190279773 -19.299443497515703  -7.852420115221884 -6.7619201375504021 -0.5340626799833752 0.32958144933268635,0.49840065836906433 0.40918305516242981 0.23209951817989349, -0.70291638374328613  0.065505042672157288 -0.070772700011730194   0.70470482110977173, 0.15537315607070923  0.36171066761016846 0.061020154505968094, 0.12803657352924347   1.3465757369995117 -0.02503085695207119, 0.28054541349411011 -0.03280479833483696 0.029587676748633385 -0.03280479833483696  0.19787289202213287 0.068396769464015961 0.029587676748633385 0.068396769464015961  0.19100821018218994,     1.6741359892726848     0.21248321270306292        3.83835841843716    -0.13014249220510976    -0.27843415174277908    -0.47792333854168589 -8.2701667736273521e-07,0.28889885544776917
IIWA_7,1715078614.2839763,-0.049716257448763672   0.99994622912265962   0.56208717245301798   -1.7850085945535996   -1.2588412958677251  -0.98273688214493216   -1.3584318467510954, 0.83041343605322748 -0.14022585945179081 -0.18181171815306532  0.18684518471700995   1.8059392422649276  0.39077438713983831 -0.79400494885901274,    17.01954577255249    51.418896244049073   -1.2642183685302735   -5.9275642585754396  -0.53790906906127933    1.5786454391479492 -0.063746570587158199, -19.451581490950936   3.0227466381619315  -17.681894860089251  -8.0805041251573346  -6.9749618298598115 -0.57883562762211116  0.40491889425937266,0.49919471144676208 0.41032975912094116 0.23225490748882294, -0.70291930437088013  0.066783666610717773 -0.072591841220855713   0.70439678430557251, 0.1544090062379837 0.33457347750663757 0.05456048995256424, 0.12803657352924347   1.3465757369995117 -0.02503085695207119,  0.28042846918106079 -0.032895371317863464  0.029536256566643715 -0.032895371317863464   0.19794014096260071   0.06852298229932785  0.029536256566643715   0.06852298229932785   0.19112572073936462,     1.6776296194827012     0.19918041181998802      3.8438762214232369    -0.11906749885692847    -0.28455080467360006    -0.48439342450379286 -6.7431127348527298e-07,0.27011454105377197
IIWA_7,1715078614.2889781,-0.046282537257295135    0.9991849911157652   0.56020421111770069   -1.7845194583949127   -1.2518393447046661  -0.98188420459319647   -1.3623840643389249,  0.8016795565013235 -0.14263020783720973 -0.22076782793514388   0.1690415941210861    1.724829440334303  0.34672661178129793 -0.79329266260038978,   16.573254863739013    49.186097450256348   -1.8945668029785157   -7.0104253959655765  -0.19808435440063477    1.6400557479858398 -0.014685073852539062,   -15.9548906783352   2.8988321207331333  -14.109185427391498  -8.3393027529815988  -7.3111842097330317 -0.85190057710478317  0.61600709429499778,0.50071918964385986 0.41212964057922363 0.23228511214256287, -0.70316189527511597  0.068918526172637939 -0.076281681656837463   0.70355862379074097, 0.15136133134365082  0.27727645635604858 0.035187415778636932, 0.12803657352924347   1.3465757369995117 -0.02503085695207119,  0.28018805384635925 -0.033055026084184647  0.029498469084501266 -0.033055026084184647   0.19819609820842743  0.068728819489479065  0.029498469084501266  0.068728819489479065   0.19123086333274841,     1.6814455273408413      0.1741462800417537      3.8472998833265493   -0.098654102196782389    -0.29553855136477125    -0.49725129820732406 -2.9919000610334479e-07,0.23040427267551422
IIWA_7,1715078614.2939758,-0.042974351944854779   0.99836173479739654   0.55813363659618798   -1.7841799452769254   -1.2453487844372193  -0.98119858701221863   -1.3663211818834815, 0.77367105769867306 -0.14703441900451414 -0.25943724320862366  0.14881380001636088   1.6394859629653131  0.30480599266415231 -0.79211883186257637,  15.359397361755372   49.194162948608401  -2.6041489791870118  -6.7692026710510254  0.17079273223876953   1.2982940292358398 0.026032630920410155,-14.574971215039435  2.7426342625641875 -12.507615158688521 -8.2442194246393541 -7.3544751907875163 -1.0019644035824653 0.73579243513854387,0.50135320425033569 0.41288906335830688 0.23218463361263275, -0.70336335897445679  0.069727607071399689 -0.078051231801509857   0.70308327674865723,  0.145586296916008 0.25160884857177734  0.0239912960678339, 0.12803657352924347   1.3465757369995117 -0.02503085695207119,  0.28008255362510681 -0.033104851841926575  0.029490919783711433 -0.033104851841926575   0.19835883378982544   0.06881403923034668  0.029490919783711433   0.06881403923034668   0.19122491776943207,     1.6812282680733759     0.16203958131733032      3.8459876880176935   -0.088678017142740373    -0.30019581468021528    -0.50311308550998746 -9.5453422943592159e-08,0.2113851010799408
IIWA_7,1715078614.2989764,-0.039766834060260187   0.99749923016930753   0.55586466329911788   -1.7839822655770199   -1.2393644377206918   -0.9807123271561391   -1.3702254025896317, 0.74723756154272225 -0.15212772032717176 -0.29830872644970285  0.12695822800930762   1.5509626390333497  0.26329518837450305 -0.78986389373606725,  14.203342597961425   49.696912345886233  -2.4342366218566895  -6.8061784172058104 -0.64971668243408198   1.7725551643371582 0.090446704864501959,-14.574971215039435  2.7426342625641875 -12.507615158688521 -8.2442194246393541 -7.3544751907875163 -1.0019644035824653 0.73579243513854387,0.50135320425033569 0.41288906335830688 0.23218463361263275, -0.70336335897445679  0.069727607071399689 -0.078051231801509857   0.70308327674865723,  0.145586296916008 0.25160884857177734  0.0239912960678339, 0.12803657352924347   1.3465757369995117 -0.02503085695207119,  0.28008255362510681 -0.033104851841926575  0.029490919783711433 -0.033104851841926575   0.19835883378982544   0.06881403923034668  0.029490919783711433   0.06881403923034668   0.19122491776943207,     1.6812282680733759     0.16203958131733032      3.8459876880176935   -0.088678017142740373    -0.30019581468021528    -0.50311308550998746 -9.5453422943592159e-08,0.2113851010799408
IIWA_7,1715078614.3039739,-0.036579030214982267   0.99661467450603347   0.55346841753866616   -1.7839378639645167   -1.2339439248550088  -0.98044717619076072    -1.374048969558469, 0.72530220304529458 -0.15708440279269964 -0.33449681157783112  0.10334264690757355   1.4575906258540003  0.22124218931473766 -0.78483379374234763,  11.584744132995606   50.002057033538819   -2.965983066558838  -7.0077842712402338 0.016727123260498047   1.4084320831298829 0.042052711486816406,-13.313951061861664  2.5815458298896443 -10.953939920224009  -8.074601406635761 -7.3478888145973364 -1.1514060097007883 0.87100548485568818,0.50191259384155273 0.41353487968444824 0.23202520608901978, -0.70363283157348633  0.070352524518966675 -0.079798042774200439   0.70255506038665771, 0.13820061087608337  0.22655466198921204 0.012796885333955288, 0.12803657352924347   1.3465757369995117 -0.02503085695207119,  0.27998247742652893 -0.033140543848276138  0.029498297721147537 -0.033140543848276138   0.19854985177516937  0.068885490298271179  0.029498297721147537  0.068885490298271179   0.19117818772792816,    1.6798136712692369    0.15030203488830551     3.8425098679288894   -0.07897846762006111   -0.30433472192825661     -0.508758422716582 1.0187317656118466e-07,0.19249652326107025
IIWA_7,1715078614.3089733,-0.03349393125128565  0.99570908653444212   0.5509777360484629  -1.7840157015039988  -1.2290596342078048 -0.98044759561519657  -1.3777901449874734, 0.70364572098410039 -0.16189104109781366 -0.36722470887039538 0.079560615946775048    1.361444126571359  0.17697697447435617 -0.77751405215405534,   8.9043101806640621    50.358283210754394   -4.7742731285095212   -6.8484364128112789  -0.25618909835815429    1.5863217277526855 -0.032707664489746095, -11.45850661802076  2.2117901277414798 -8.2256643705796932 -7.4164444119804518 -7.1354427479467795 -1.4033580572257143  1.1616141710715699,0.50272315740585327 0.41458186507225037 0.23153401911258698, -0.70433014631271362  0.071017488837242126 -0.083098448812961578   0.70140588283538818,   0.11641444265842438     0.1816030740737915 -0.0094004450365900993, 0.12803657352924347   1.3465757369995117 -0.02503085695207119,  0.27981790900230408 -0.033148378133773804  0.029538420960307121 -0.033148378133773804   0.19899624586105347  0.068987317383289337  0.029538420960307121  0.068987317383289337   0.19096323847770691,    1.6726958866124519    0.12748447212995728       3.82939999192633   -0.05980161270979778   -0.31084754780152934   -0.51880098842715938 4.3115377934554999e-07,0.1563398540019989
IIWA_7,1715078614.3139739,-0.030546051600543925   0.99478881794401375   0.54835331063217785   -1.7841980415051086   -1.2247066760646479  -0.98061723234642872   -1.3814225636057151, 0.68083176281694935 -0.16632357649538593 -0.39875678374771822 0.056354892713026544   1.2632736269833653  0.13479611033019859 -0.76730798645291254,   7.0048853187561031    50.541101173400882   -5.8853062629699711   -7.8573460578918457 -0.035214996337890624    1.7949165267944336  0.059074047088623044,-10.902880794566668  2.0636322572255374 -7.1640201264724332 -6.9721381512696832 -6.9318684712147354 -1.4606957120022548  1.3139103705348552,0.50295305252075195 0.41502243280410767 0.23125138878822327, -0.70470511913299561  0.071040071547031403 -0.084613479673862457   0.70084559917449951, 0.10221226513385773  0.16243003308773041 -0.01853516511619091, 0.12803657352924347   1.3465757369995117 -0.02503085695207119,  0.27975869178771973 -0.033117443323135376  0.029564956203103065 -0.033117443323135376   0.19923372566699982   0.06901559978723526  0.029564956203103065   0.06901559978723526    0.1908077597618103,    1.6671579810667581    0.11645751379951719     3.8203285182420998  -0.050330891671279687   -0.31316859023799992     -0.522794923936587 5.5051696534746952e-07,0.13955998420715332
IIWA_7,1715078614.3189757,-0.027746956032546958   0.99384541981400554    0.5456183907116936   -1.7845012423935096   -1.2208786270902916  -0.98089916116190656    -1.384910512267874, 0.65662923297343823 -0.17079478639663717 -0.42840222381754445 0.032955878634382541   1.1637408605609438  0.09655973564504533 -0.75336433564868388,  5.9819112777709957   50.678214645385744  -7.8230114364624024  -8.2103763961791998 0.052822494506835939    1.761541358947754  0.18723469161987305,-10.902880794566668  2.0636322572255374 -7.1640201264724332 -6.9721381512696832 -6.9318684712147354 -1.4606957120022548  1.3139103705348552,0.50295305252075195 0.41502243280410767 0.23125138878822327, -0.70470511913299561  0.071040071547031403 -0.084613479673862457   0.70084559917449951, 0.10221226513385773  0.16243003308773041 -0.01853516511619091, 0.12803657352924347   1.3465757369995117 -0.02503085695207119,  0.27975869178771973 -0.033117443323135376  0.029564956203103065 -0.033117443323135376   0.19923372566699982   0.06901559978723526  0.029564956203103065   0.06901559978723526    0.1908077597618103,    1.6671579810667581    0.11645751379951719     3.8203285182420998  -0.050330891671279687   -0.31316859023799992     -0.522794923936587 5.5051696534746952e-07,0.13955998420715332
IIWA_7,1715078614.3239732,-0.025097723269855567   0.99288506384681896   0.54273846163747053   -1.7849496322045626   -1.2175578461947885  -0.98125605143242522   -1.3882191171138334,  0.63127269688640619  -0.17505006780477281  -0.45791894202295857 0.0084291104653861915    1.0638239242688807  0.062972177695289802  -0.73503566235732343,  5.6794550895690916   51.228012783050538  -8.0070097923278816   -7.733213195800781 0.067788867950439452   2.1183219032287597 0.019691349029541016,-10.339515837565122  1.9110716643521868 -6.0980240643082304 -6.5252026573302233 -6.7215675532865813  -1.530102592136759  1.4705609613890136,0.50311815738677979 0.41536512970924377 0.23092062771320343, -0.70512360334396362   0.07090633362531662 -0.086072109639644623   0.70026040077209473,  0.08840537816286087   0.14319486916065216 -0.027674224227666855, 0.12803657352924347   1.3465757369995117 -0.02503085695207119,  0.27970719337463379 -0.033073965460062027  0.029602902010083199 -0.033073965460062027   0.19949066638946533  0.069029040634632111  0.029602902010083199  0.069029040634632111   0.19061917066574097,    1.6606867832837935    0.10590147288080942     3.8095156122750495  -0.041278978264003285   -0.31502761070534291   -0.52648869916538388 6.3291416552146984e-07,0.12340345233678818
IIWA_7,1715078614.3289247,-0.022576422159587654   0.99191679848379455   0.53977614102341476   -1.7854847277911929    -1.214711640743255  -0.98170815628587405   -1.3913388506093727,  0.60587020191984142  -0.17877066876479472  -0.48482797818059764 -0.014660535092904679   0.96490735747644329  0.032293548018279029  -0.71281786970743033,  6.4147596893310546    51.59902570724487  -7.7957198143005373  -7.3071117401123047 0.066908493041992187   1.9240784263610839 0.062745315551757816,-9.7766118628881866    1.73905161617535 -5.0292045927958222 -6.0596166314771187 -6.5029656182983793  -1.620485925893959  1.6258926766094621,0.50321614742279053 0.41561150550842285 0.23053810000419617, -0.70559722185134888  0.070637620985507965 -0.087459281086921692   0.69963830709457397, 0.074790917336940765   0.12396333366632462 -0.036974452435970306, 0.12803657352924347   1.3465757369995117 -0.02503085695207119,  0.27966341376304626 -0.033019538968801498  0.029650645330548286 -0.033019538968801498   0.19976536929607391  0.069030739367008209  0.029650645330548286  0.069030739367008209   0.19039870798587799,    1.6534001531240961   0.095872074226122095     3.7972159147532381  -0.032678055527313177   -0.31645778396871549   -0.53002393335077613 6.7050365260001854e-07,0.10807891190052032
IIWA_7,1715078614.3339982,-0.020138950631373043   0.99094763416712228   0.53677738829746968   -1.7860765088357682   -1.2123327241605968   -0.9823230668700289   -1.3942438865721349,  0.58219502266445755  -0.18178310767872644  -0.50781249158228114 -0.035399669857333574   0.86708254928748296  0.001238415048428837  -0.68645573427643469,   7.1204907951354981    52.037251117706298    -7.799241313934326    -7.985000419616699 0.0070429992675781249    2.3753106956481935  0.044055221557617187,-9.1728175606921951  1.4997888646000537 -3.8877408637640309 -5.5484962464499183 -6.2845073093677737 -1.7594365616063312  1.7706577792396165,0.50324857234954834 0.41574686765670776 0.23007494211196899, -0.70614802837371826   0.07027030736207962 -0.088760219514369965   0.69895541667938232, 0.061388660222291946   0.10412487387657166 -0.047567244619131088, 0.12803657352924347   1.3465757369995117 -0.02503085695207119,  0.27962729334831238 -0.032953817397356033  0.029707612469792366 -0.032953817397356033   0.20006391406059265   0.06902264803647995  0.029707612469792366   0.06902264803647995   0.19013969600200653,    1.6451907318772996   0.086375222298151755     3.7832911359423349   -0.02455749237650906   -0.31749848718298779   -0.53359645819739399 6.5501826185254686e-07,0.093915686011314392
IIWA_7,1715078614.3389719,-0.017774762642289645   0.98999380976741191   0.53371919391144185    -1.786795262692509   -1.2104376826597614  -0.98313697553217316   -1.3969325474134597,  0.56032353769490206  -0.18357946213139587   -0.5285777687069384 -0.057069890155499098   0.76946769946340299 -0.031565614447027254   -0.6567110210741397,   7.597699447631836   52.929832935333252  -7.0218702697753903  -8.1707595252990721 -0.11532911300659179   2.1069743461608885 0.048060241699218749,-8.6130666107646832  1.2635657591948473 -2.8017612890358454 -5.0404160441463164 -6.0640582126664127 -1.9003638889137129   1.908592852116437,0.50322425365447998 0.41580456495285034 0.22957044839859009, -0.70674014091491699  0.069798514246940613 -0.089975938200950623   0.69824844598770142, 0.048470932990312576  0.085149295628070831 -0.057630695402622223, 0.12803657352924347   1.3465757369995117 -0.02503085695207119,   0.2795984148979187 -0.032878857105970383  0.029772398993372917 -0.032878857105970383   0.20037519931793213  0.069003649055957794  0.029772398993372917  0.069003649055957794   0.18985557556152344,    1.6363540685935263   0.077350345559779043     3.7682023854479496  -0.016851729419009587   -0.31816541346429972   -0.53699454894484688 5.9181815004194505e-07,0.082149043679237366
IIWA_7,1715078614.3439786,-0.015436760264306227   0.98906047826019705   0.53076406372665497   -1.7875746568141964    -1.208969567194454  -0.98421435735286911   -1.3993537204026207,  0.54177892527525839   -0.1841968299937112  -0.54106742235702598 -0.076831676991894138   0.67429877818301609 -0.068347764385459558   -0.6222157364257519,  7.0546225585937501   52.596459003448487  -8.5167468643188471  -8.3459541320800774 -0.28524147033691405   2.3960032997131346  -0.1381731948852539,-8.2285079791633287  1.0745619614765354 -1.9052145515312389 -4.5337497720718414 -5.8218140793703119 -1.9952798553644548  2.0383899608471721,0.50312602519989014  0.4158247709274292 0.22906112670898438, -0.70733356475830078  0.069203294813632965 -0.091081500053405762   0.69756311178207397, 0.035237833857536316  0.068480432033538818 -0.065823957324028015, 0.12803657352924347   1.3465757369995117 -0.02503085695207119,  0.27958035469055176 -0.032790783792734146  0.029841110110282898 -0.032790783792734146   0.20068785548210144  0.068971715867519379  0.029841110110282898  0.068971715867519379   0.18955494463443756,     1.626890543155568   0.068656621609264334     3.7522126555229462 -0.0093802154612632194   -0.31839587622517485   -0.53987993153903346 4.8431569865670099e-07,0.073185339570045471
IIWA_7,1715078614.3489728,-0.013144837196569338   0.98811438359649462   0.52781648372712919   -1.7884209227898418   -1.2079445803542523  -0.98552075767827019   -1.4014757670836024,  0.52510006292968225  -0.18520125054306635  -0.55075713786665181 -0.095315980619331733   0.58043849615448051  -0.10693422452441087  -0.58265445637986968,   5.3622121543884278    52.363903800964358   -9.9050980949401861   -8.9322838211059565   0.10564498901367188    2.4370547561645508 -0.016020080566406251,-8.0403884077962644 0.86347417621455425 -1.1589539546707459 -3.9437347225232116 -5.5366168819515336 -2.0652839832671432  2.1520793474829092,0.50291568040847778 0.41580447554588318 0.22852034866809845,-0.70793509483337402 0.068489499390125275 -0.09203735738992691  0.69689756631851196, 0.020216085016727448  0.053522776812314987 -0.073606565594673157, 0.12803657352924347   1.3465757369995117 -0.02503085695207119, 0.27957972884178162 -0.03268030658364296 0.029907224699854851 -0.03268030658364296  0.20100341737270355 0.068927906453609467 0.029907224699854851 0.068927906453609467  0.18922710418701172,    1.6163210178978815    0.06025911672669082     3.7350733826437832 -0.0020769222119909614     -0.318120042217096   -0.54219900651997222 3.2545166561703809e-07,0.067315854132175446
